{36, 32, {{{-0.4593846382273179, 0, -0.03195150091565175, 
    0.03195150091565158}, {0, 0.8628950311285324, -0.011565832560555479, 
    -0.011565832560555468}, {-0.03195150091565165, -0.01156583256055559, 
    0.018397607356117104, 0.07646090790721519}, {0.03195150091565162, 
    -0.011565832560555675, 0.07646090790721519, 0.0183976073561173}}, 
  {{-0.459384638227318, 0.03195150091565174, 0, -0.031951500915651576}, 
   {0.03195150091565166, 0.018397607356117066, -0.011565832560555593, 
    0.07646090790721519}, {0, -0.011565832560555456, 0.8628950311285324, 
    -0.011565832560555479}, {-0.03195150091565159, 0.07646090790721519, 
    -0.011565832560555663, 0.018397607356117326}}, 
  {{-0.45938463822731795, -0.03195150091565157, 0.03195150091565156, 0}, 
   {-0.03195150091565162, 0.018397607356117052, 0.07646090790721519, 
    -0.011565832560555546}, {0.031951500915651604, 0.07646090790721519, 
    0.01839760735611712, -0.01156583256055553}, {0, -0.011565832560555845, 
    -0.01156583256055586, 0.8628950311285322}}}, 
 {{{0., 0.2749926663575337, 0.27499266635753383, 0.27499266635753455}, 
   {-0.2749926663575337, 0., -0.20197623446106508, 0.20197623446106439}, 
   {-0.27499266635753383, 0.20197623446106508, 0., -0.20197623446106433}, 
   {-0.27499266635753455, -0.20197623446106439, 0.20197623446106433, 0.}}, 
  {{0., 0.2749926663575337, 0.2749926663575338, 0.2749926663575349}, 
   {-0.2749926663575337, 0., -0.20197623446106472, 0.20197623446106502}, 
   {-0.2749926663575338, 0.20197623446106472, 0., -0.20197623446106502}, 
   {-0.2749926663575349, -0.20197623446106502, 0.20197623446106502, 0.}}}, 
 {0, 0}, {{-1.0826541758726105, -0.7492432869845516}, 
  {-6.191980195306248, -1.4160650647606714, -1.6799250328924524}, 
  {-1.3718012053194433, -1.0383903164313844}, {{2, 0.030313680677107657}, 
   {3, 0.025448130656207477}, {4, 0.021560503022595198}, 
   {5, 0.018437580309819235}, {6, 0.01590338296034416}, 
   {7, 0.013823949105634337}, {8, 0.012099278896931298}, 
   {9, 0.010654509885839186}, {10, 0.009433084559731908}, 
   {11, 0.008391822179797365}, {12, 0.007497397735720723}, 
   {13, 0.006723815377360248}, {14, 0.006050582869675247}, 
   {15, 0.005461382330302911}, {16, 0.0049430941350080415}, 
   {17, 0.004485073649737686}, {18, 0.004078610225345364}, 
   {19, 0.0037165186314781495}, {20, 0.003392827558201972}, 
   {21, 0.0031025399040116586}, {22, 0.002841446640820089}, 
   {23, 0.002605981030614102}, {24, 0.0023931035049448157}, 
   {25, 0.0022002100468776487}, {26, 0.002025058737455787}, 
   {27, 0.0018657104532607827}, {28, 0.0017204806724144261}, 
   {29, 0.001587900063794001}, {30, 0.0014666820687676552}, 
   {31, 0.0013556960862144418}, {32, 0.001253945175418436}, 
   {33, 0.001160547423088576}, {34, 0.0010747202986445825}, 
   {35, 0.0009957674594671673}}, {{2, 0.6878816085040624}, 
   {3, 0.36479914440355526}, {4, 0.20890519728311469}, 
   {5, 0.11849712843283391}, {6, 0.060233138868502435}, 
   {7, 0.020008319475937335}, {8, 0.009146508450181336}, 
   {9, 0.0310582386598241}, {10, 0.04799605239623801}, 
   {11, 0.061386592047066715}, {12, 0.07216918219658752}, 
   {13, 0.08098586122108092}, {14, 0.0882892590974665}, 
   {15, 0.09440688973745433}, {16, 0.09958105657576123}, 
   {17, 0.10399449106099974}, {18, 0.10778732118609541}, 
   {19, 0.11106859575912353}, {20, 0.11392429074711127}, 
   {21, 0.11642298441670769}, {22, 0.11861995271285114}, 
   {23, 0.12056017246334916}, {24, 0.12228055579438538}, 
   {25, 0.1238116345122804}, {26, 0.12517884510027216}, 
   {27, 0.12640351978012607}, {28, 0.12750365855787166}, 
   {29, 0.12849453621441265}, {30, 0.12938918359869117}, 
   {31, 0.13019877226576712}, {32, 0.1309329241225699}, 
   {33, 0.13159996240214217}, {34, 0.1322071163776674}, 
   {35, 0.13276068933695923}}, {0.00006788934632695534, 0.4128077185524335}}}
