{18, 40, {{{-0.5150651239311306, 0, -0.00624508866350194, 
    0.006245088663501905}, {0, 0.9711178698689062, 0.0005263975766096334, 
    0.0005263975766095961}, {-0.0062450886635018925, 0.0005263975766095596, 
    0.0005901008840620194, 0.014171733323812384}, 
   {0.006245088663501899, 0.000526397576609567, 0.014171733323812294, 
    0.0005901008840619921}}, {{-0.5150651239311306, 0.006245088663501937, 0, 
    -0.006245088663501902}, {0.0062450886635018864, 0.0005901008840620099, 
    0.0005263975766095518, 0.014171733323812365}, 
   {0, 0.0005263975766096269, 0.9711178698689061, 0.0005263975766096176}, 
   {-0.00624508866350189, 0.014171733323812337, 0.0005263975766095239, 
    0.0005901008840620003}}, {{-0.5150651239311306, -0.006245088663501871, 
    0.006245088663501874, 0}, {-0.006245088663501833, 0.0005901008840619362, 
    0.014171733323812403, 0.0005263975766096277}, 
   {0.006245088663501836, 0.014171733323812333, 0.0005901008840619448, 
    0.0005263975766095908}, {0, 0.0005263975766095232, 0.0005263975766095787, 
    0.971117869868906}}}, 
 {{{0., 0.10612145726311326, 0.10612145726311328, 0.10612145726311364}, 
   {-0.10612145726311326, 0., -0.10112462301395259, 0.10112462301395196}, 
   {-0.10612145726311328, 0.10112462301395259, 0., -0.10112462301395196}, 
   {-0.10612145726311364, -0.10112462301395196, 0.10112462301395196, 0.}}, 
  {{0., 0.10612145726311326, 0.1061214572631132, 0.10612145726311381}, 
   {-0.10612145726311326, 0., -0.10112462301395217, 0.10112462301395256}, 
   {-0.1061214572631132, 0.10112462301395217, 0., -0.10112462301395259}, 
   {-0.10612145726311381, -0.10112462301395256, 0.10112462301395259, 0.}}}, 
 {0, 0}, {{-1.4534767165309288, -1.3726013039996243}, 
  {-6.29306702082117, -1.5343521290622313, -1.6121813813483539}, 
  {-1.5324480794869915, -1.451572666955687}, {{2, 0.00019432732258040097}, 
   {3, 0.000159146924027187}, {4, 0.00013032433993047376}, 
   {5, 0.00010672792952799715}, {6, 0.00008740773445173322}, 
   {7, 0.00007158753595631895}, {8, 0.00005863242936439417}, 
   {9, 0.00004802296322765909}, {10, 0.00003933405290507119}, 
   {11, 0.00003221777548728655}, {12, 0.000026389321807276933}, 
   {13, 0.00002161551962187591}, {14, 0.000017705452922303633}, 
   {15, 0.000014502791546078253}, {16, 0.000011879517252094685}, 
   {17, 9.73079066865501*^-6}}, {{2, 0.020096993899008563}, 
   {3, 0.020758153631354446}, {4, 0.021297925513028143}, 
   {5, 0.021738912986301345}, {6, 0.02209936673811147}, 
   {7, 0.022394109199283425}, {8, 0.02263519675420564}, 
   {9, 0.02283244836067122}, {10, 0.022993869097988038}, 
   {11, 0.023125990824933402}, {12, 0.02323414704063438}, 
   {13, 0.023322695243630565}, {14, 0.023395197212598202}, 
   {15, 0.02345456543723586}, {16, 0.023503182233762826}, 
   {17, 0.02354299676064638}}, {1.0694032351976512*^-6, 0.8387483421734423}}}
