{13, 32, {{{-0.5131352163044591, 0, -0.008079305937680166, 
    0.00807930593768014}, {0, 0.9619917945765839, 0.0015257486749131726, 
    0.0015257486749132142}, {-0.008079305937680116, 0.001525748674913166, 
    -0.00006396637798257877, 0.018115395061581795}, 
   {0.008079305937680135, 0.001525748674913121, 0.0181153950615818, 
    -0.00006396637798259091}}, {{-0.5131352163044591, 0.008079305937680158, 
    0, -0.008079305937680135}, {0.008079305937680109, 
    -0.00006396637798255144, 0.0015257486749131774, 0.01811539506158183}, 
   {0, 0.001525748674913177, 0.9619917945765839, 0.0015257486749131808}, 
   {-0.00807930593768014, 0.018115395061581746, 0.0015257486749131574, 
    -0.00006396637798261606}}, {{-0.5131352163044591, -0.008079305937680088, 
    0.008079305937680102, 0}, {-0.00807930593768006, -0.00006396637798264035, 
    0.018115395061581795, 0.0015257486749131735}, 
   {0.00807930593768006, 0.018115395061581878, -0.00006396637798261606, 
    0.0015257486749132073}, {0, 0.0015257486749131214, 0.0015257486749130952, 
    0.9619917945765839}}}, 
 {{{0., 0.05813421443762487, 0.058134214437624884, 0.058134214437624926}, 
   {-0.05813421443762487, 0., -0.05916982034340521, 0.05916982034340496}, 
   {-0.058134214437624884, 0.05916982034340521, 0., -0.059169820343404955}, 
   {-0.058134214437624926, -0.05916982034340496, 0.059169820343404955, 0.}}, 
  {{0., 0.05813421443762487, 0.05813421443762487, 0.05813421443762502}, 
   {-0.05813421443762487, 0., -0.059169820343405, 0.059169820343405274}, 
   {-0.05813421443762487, 0.059169820343405, 0., -0.05916982034340528}, 
   {-0.05813421443762502, -0.059169820343405274, 0.05916982034340528, 0.}}}, 
 {0, 0}, {{-1.420550374299499, -1.3500663851546513}, 
  {-6.289553820227801, -1.49103436344435, -1.6537425466695506}, 
  {-1.4916621661602487, -1.421178177015401}, {{2, 0.028415404613859274}, 
   {3, 0.011912389131312859}, {4, 0.0050974397181643705}, 
   {5, 0.0022023216130445944}, {6, 0.0009556144600662564}, 
   {7, 0.00041544158462877845}, {8, 0.00018075833694700116}, 
   {9, 0.00007867636208330753}, {10, 0.0000342498652613904}, 
   {11, 0.000014910883296054278}, {12, 6.491736717004204*^-6}}, 
  {{2, 0.10598117013475528}, {3, 0.04533618452026237}, 
   {4, 0.023837177151732995}, {5, 0.015234985410363715}, 
   {6, 0.011621923627329294}, {7, 0.010073048974480601}, 
   {8, 0.00940321468842821}, {9, 0.009112432727376447}, 
   {10, 0.00898599297766739}, {11, 0.008930974165554644}, 
   {12, 0.008907025886548785}}, {4.291424772023765*^-8, 0.7925528027346844}}}
