{6, 32, {{{-0.5248704784623783, 0, -5.086759198041139*^-8, 
    5.0867591970416565*^-8}, {0, 0.9999997231296913, 1.2340568516888038*^-8, 
    1.2340568497084752*^-8}, {-5.086759195570847*^-8, 1.2340568501912489*^-8, 
    -4.89844097662645*^-9, 1.2368513515179826*^-7}, 
   {5.086759197378991*^-8, 1.2340568625625926*^-8, 1.236851353450354*^-7, 
    -4.8984411084654345*^-9}}, {{-0.5248704784623786, 5.0867591985000415*^-8, 
    0, -5.0867591971647754*^-8}, {5.086759195007412*^-8, 
    -4.89844094670247*^-9, 1.2340568504152411*^-8, 1.2368513512283195*^-7}, 
   {0, 1.2340568503352574*^-8, 0.9999997231296915, 1.2340568439463646*^-8}, 
   {-5.0867591972922294*^-8, 1.2368513520100986*^-7, 1.2340568687431408*^-8, 
    -4.898441402501064*^-9}}, {{-0.5248704784623787, -5.086759195723079*^-8, 
    5.0867591955298873*^-8, 0}, {-5.086759189068633*^-8, 
    -4.89844117611965*^-9, 1.2368513514470033*^-7, 1.2340568627587866*^-8}, 
   {5.086759188604378*^-8, 1.2368513558637785*^-7, -4.898441152700883*^-9, 
    1.2340568685430018*^-8}, {0, 1.2340568496220818*^-8, 
    1.2340568444459865*^-8, 0.9999997231296921}}}, 
 {{{0., 0.00015392998615360354, 0.00015392998615360463, 
    0.00015392998615360287}, {-0.00015392998615360354, 0., 
    -0.00015996337836163656, 0.0001599633783618693}, 
   {-0.00015392998615360463, 0.00015996337836163656, 0., 
    -0.00015996337836175257}, {-0.00015392998615360287, 
    -0.0001599633783618693, 0.00015996337836175257, 0.}}, 
  {{0., 0.0001539299861536313, 0.0001539299861535974, 0.0001539299861536028}, 
   {-0.0001539299861536313, 0., -0.00015996337836170248, 
    0.0001599633783617548}, {-0.0001539299861535974, 0.00015996337836170248, 
    0., -0.00015996337836175984}, {-0.0001539299861536028, 
    -0.0001599633783617548, 0.00015996337836175984, 0.}}}, {0, 0}, 
 {{-1.5746105372781898, -1.5746100040490758}, 
  {-6.29844674793225, -1.574611070507304, -1.5746123034588209}, 
  {-1.5746110809574452, -1.5746105477283312}, {{2, 0.00007401823156610437}, 
   {3, 0.000028975197468991123}, {4, 0.000011342639969968526}, 
   {5, 4.440193623113397*^-6}}, {{2, 0.10799002946337644}, 
   {3, 0.047675078665330994}, {4, 0.027201544278744168}, 
   {5, 0.019597845614427904}}, {1.6754188837390645*^-23, 0.9999983387792997}}}
