{3, 40, {{{-0.000012422087686556825, 0, -3.4754901913113597*^-6, 
    3.4754901913112017*^-6}, {0, 0.00001793495745080488, 
    7.190553111899929*^-7, 7.190553111872255*^-7}, 
   {-3.4754901913117396*^-6, 7.190553111897862*^-7, -2.756434878852051*^-6, 
    0.000010983977058918115}, {3.4754901913127658*^-6, 7.190553111878084*^-7, 
    0.000010983977058916883, -2.756434878851219*^-6}}, 
  {{-0.000012422087686548661, 3.475490191309062*^-6, 0, 
    -3.475490191310511*^-6}, {3.475490191310909*^-6, -2.7564348788546313*^-6, 
    7.190553111902817*^-7, 0.000010983977058916602}, 
   {0, 7.190553111872839*^-7, 0.000017934957450798618, 7.1905531118772*^-7}, 
   {-3.4754901913102365*^-6, 0.000010983977058917685, 7.19055311183673*^-7, 
    -2.7564348788509124*^-6}}, {{-0.00001242208768655651, 
    -3.4754901913086233*^-6, 3.47549019131158*^-6, 0}, 
   {-3.475490191310707*^-6, -2.7564348788550087*^-6, 0.000010983977058920197, 
    7.190553111887439*^-7}, {3.4754901913106016*^-6, 0.000010983977058922436, 
    -2.7564348788526713*^-6, 7.190553111862715*^-7}, 
   {0, 7.190553111865095*^-7, 7.190553111902564*^-7, 
    0.0000179349574508072}}}, 
 {{{0., 0.5773502690350693, 0.577350269035069, 0.57735026903507}, 
   {-0.5773502690350693, 0., -0.5773502690052001, 0.5773502690051993}, 
   {-0.577350269035069, 0.5773502690052001, 0., -0.5773502690051995}, 
   {-0.57735026903507, -0.5773502690051993, 0.5773502690051995, 0.}}, 
  {{0., 0.5773502690350687, 0.5773502690350687, 0.5773502690350707}, 
   {-0.5773502690350687, 0., -0.5773502690052008, 0.577350269005199}, 
   {-0.5773502690350687, 0.5773502690052008, 0., -0.5773502690051988}, 
   {-0.5773502690350707, -0.577350269005199, 0.5773502690051988, 0.}}}, 
 {0, 0}, {{-0.10000000037389922, 0.7999999993851716}, 
  {-5.800000000026405, -1.0000000001329699, -1.8999999998802328}, 
  {-1.0000000001096894, -0.10000000035061851}, {{2, 3.937736949833148*^-6}}, 
  {{2, 2.5868014557937618*^-11}}, {0.037037036966051366, 
   3.328143964085675*^-29}}}
