{31, 40, {{{-0.5235732702114395, 0, -0.0008062588294481623, 
    0.0008062588294481566}, {0, 0.9957155635303672, 0.00018602199962482202, 
    0.00018602199962475735}, {-0.0008062588294481326, 0.0001860219996246755, 
    -0.00006468027146375871, 0.0019343733244322693}, 
   {0.0008062588294481556, 0.0001860219996246983, 0.0019343733244323914, 
    -0.00006468027146358957}}, {{-0.5235732702114394, 0.0008062588294481445, 
    0, -0.0008062588294481483}, {0.0008062588294481142, 
    -0.00006468027146371881, 0.0001860219996246781, 0.001934373324432283}, 
   {0, 0.00018602199962481974, 0.9957155635303672, 0.00018602199962473398}, 
   {-0.0008062588294481517, 0.0019343733244323532, 0.00018602199962471934, 
    -0.0000646802714636685}}, {{-0.5235732702114396, -0.0008062588294481018, 
    0.0008062588294481031, 0}, {-0.0008062588294480526, 
    -0.00006468027146384024, 0.0019343733244323313, 0.00018602199962472222}, 
   {0.000806258829448056, 0.0019343733244324153, -0.00006468027146380728, 
    0.0001860219996247433}, {0, 0.00018602199962475615, 
    0.00018602199962472165, 0.9957155635303675}}}, 
 {{{0., 0.038444519956192885, 0.03844451995619289, 0.03844451995619308}, 
   {-0.038444519956192885, 0., -0.03976500170160948, 0.03976500170160918}, 
   {-0.03844451995619289, 0.03976500170160948, 0., -0.03976500170160918}, 
   {-0.03844451995619308, -0.03976500170160918, 0.03976500170160918, 0.}}, 
  {{0., 0.03844451995619291, 0.03844451995619293, 0.0384445199561931}, 
   {-0.03844451995619291, 0., -0.039765001701609334, 0.03976500170160943}, 
   {-0.03844451995619293, 0.039765001701609334, 0., -0.03976500170160942}, 
   {-0.0384445199561931, -0.03976500170160943, 0.03976500170160942, 0.}}}, 
 {0, 0}, {{-1.5564382896074376, -1.5444524744768309}, 
  {-6.298325802054854, -1.5684241047380485, -1.5807387962893784}, 
  {-1.568629947470665, -1.5566441323400584}, {{2, 0.006462297574954635}, 
   {3, 0.0050799243316547275}, {4, 0.003993957324123311}, 
   {5, 0.0031407989006367217}, {6, 0.0024703987581391786}, 
   {7, 0.0019434647916267596}, {8, 0.0015291798820569052}, 
   {9, 0.0012033772939135379}, {10, 0.0009471005264298088}, 
   {11, 0.000745473500469683}, {12, 0.0005868165463725206}, 
   {13, 0.0004619552593885662}, {14, 0.0003636800463996531}, 
   {15, 0.00028632323764340994}, {16, 0.00022542791921742467}, 
   {17, 0.00017748837536485373}, {18, 0.0001397464966977971}, 
   {19, 0.00011003197618612848}, {20, 0.00008663680065635476}, 
   {21, 0.0000682166285584096}, {22, 0.00005371326261791043}, 
   {23, 0.000042293684837435563}, {24, 0.00003330210259006039}, 
   {25, 0.000026222220765259596}, {26, 0.000020647554105066024}, 
   {27, 0.000016258063033618153}, {28, 0.000012801764035702545}, 
   {29, 0.00001008025416463637}, {30, 7.937315785778998*^-6}}, 
  {{2, 0.850231666014822}, {3, 0.5033028204184024}, {4, 0.3349460957426922}, 
   {5, 0.23777049107383622}, {6, 0.17599221242882274}, 
   {7, 0.1342707988380104}, {8, 0.10493071453232918}, 
   {9, 0.08370460718676953}, {10, 0.06803134060069208}, 
   {11, 0.05628248281377022}, {12, 0.04737541331521864}, 
   {13, 0.04056475657204049}, {14, 0.03532292955352384}, 
   {15, 0.03126820537220268}, {16, 0.028119516048812538}, 
   {17, 0.025667008049251816}, {18, 0.02375225399850216}, 
   {19, 0.02225459345213824}, {20, 0.021081485990880045}, 
   {21, 0.020161564041523757}, {22, 0.01943954700426241}, 
   {23, 0.018872466481952888}, {24, 0.018426832519405877}, 
   {25, 0.018076486248910364}, {26, 0.01780096018960076}, 
   {27, 0.01758421839987938}, {28, 0.01741368363358201}, 
   {29, 0.017279483096148657}, {30, 0.017173861800342978}}, 
  {3.9537211164603505*^-9, 0.974567159229604}}}
