{3, 28, {{{-0.5235734926149891, 0, -0.0005441298812761943, 
    0.0005441298812761764}, {0, 0.997431964250336, -0.0002486488307005964, 
    -0.0002486488307006102}, {-0.000544129881276156, -0.00024864883070052954, 
    0.0003668523964455179, 0.001497506862849052}, 
   {0.0005441298812762032, -0.0002486488307005942, 0.0014975068628488956, 
    0.00036685239644587437}}, {{-0.5235734926149892, 0.0005441298812761829, 
    0, -0.0005441298812761785}, {0.0005441298812761543, 
    0.0003668523964456133, -0.0002486488307005311, 0.0014975068628489503}, 
   {0, -0.0002486488307005885, 0.997431964250336, -0.0002486488307005166}, 
   {-0.0005441298812762162, 0.0014975068628489906, -0.00024864883070066675, 
    0.0003668523964456549}}, {{-0.5235734926149894, -0.0005441298812761575, 
    0.0005441298812761628, 0}, {-0.0005441298812761226, 
    0.00036685239644529844, 0.0014975068628490546, -0.00024864883070058023}, 
   {0.0005441298812761282, 0.0014975068628489438, 0.00036685239644546064, 
    -0.00024864883070065423}, {0, -0.0002486488307006226, 
    -0.00024864883070054857, 0.9974319642503365}}}, 
 {{{0., 0.019262118505998543, 0.019262118505998536, 0.01926211850599857}, 
   {-0.019262118505998543, 0., -0.013406802323883454, 0.013406802323883506}, 
   {-0.019262118505998536, 0.013406802323883454, 0., -0.013406802323883476}, 
   {-0.01926211850599857, -0.013406802323883506, 0.013406802323883476, 0.}}, 
  {{0., 0.01926211850599853, 0.01926211850599853, 0.01926211850599861}, 
   {-0.01926211850599853, 0., -0.013406802323883407, 0.013406802323883592}, 
   {-0.01926211850599853, 0.013406802323883407, 0., -0.013406802323883584}, 
   {-0.01926211850599861, -0.013406802323883592, 0.013406802323883584, 0.}}}, 
 {0, 0}, {{-1.561127305550389, -1.5544547119676295}, 
  {-6.29840739793704, -1.56779989913315, -1.5814037998353698}, 
  {-1.566785728620969, -1.5601131350382096}, {{2, 0.00022080993960497952}}, 
  {{2, 0.15199045162897332}}, {5.8069921096252425*^-12, 0.9846903695538586}}}
