{3, 28, {{{-0.5133839162560485, 0, -0.0059332558520493635, 
    0.0059332558520493565}, {0, 0.9746730646783862, -0.0015773384206447664, 
    -0.001577338420644783}, {-0.005933255852049326, -0.001577338420644797, 
    0.00277198692990502, 0.014149039167470687}, {0.0059332558520493305, 
    -0.001577338420644764, 0.014149039167470581, 0.0027719869299049757}}, 
  {{-0.5133839162560484, 0.0059332558520493565, 0, -0.005933255852049351}, 
   {0.005933255852049341, 0.0027719869299050346, -0.0015773384206447991, 
    0.014149039167470666}, {0, -0.001577338420644764, 0.9746730646783863, 
    -0.001577338420644773}, {-0.005933255852049335, 0.014149039167470628, 
    -0.0015773384206447844, 0.0027719869299049904}}, 
  {{-0.5133839162560483, -0.005933255852049333, 0.005933255852049327, 0}, 
   {-0.0059332558520493375, 0.0027719869299049557, 0.01414903916747072, 
    -0.0015773384206447423}, {0.005933255852049322, 0.014149039167470633, 
    0.0027719869299049904, -0.001577338420644758}, 
   {0, -0.0015773384206448412, -0.0015773384206448156, 0.9746730646783861}}}, 
 {{{0., 0.05739514898131089, 0.057395148981310866, 0.0573951489813109}, 
   {-0.05739514898131089, 0., -0.043765166102548804, 0.04376516610254856}, 
   {-0.057395148981310866, 0.043765166102548804, 0., -0.04376516610254856}, 
   {-0.0573951489813109, -0.04376516610254856, 0.04376516610254856, 0.}}, 
  {{0., 0.05739514898131088, 0.05739514898131087, 0.057395148981311005}, 
   {-0.05739514898131088, 0., -0.04376516610254866, 0.04376516610254881}, 
   {-0.05739514898131087, 0.04376516610254866, 0., -0.04376516610254882}, 
   {-0.057395148981311005, -0.04376516610254881, 0.04376516610254882, 0.}}}, 
 {0, 0}, {{-1.4513802459352163, -1.3917334574490459}, 
  {-6.293613177185323, -1.5110270344213848, -1.6357795541712767}, 
  {-1.5039446875656928, -1.4442978990795223}, {{2, 0.00030573991550914004}}, 
  {{2, 0.11873810871368602}}, {7.0270248044915505*^-9, 0.8573413814377931}}}
