{3, 28, {{{-0.5236766554515627, 0, -0.0005426164013505432, 
    0.0005426164013505588}, {0, 0.9974020733435689, -0.0001703817861017691, 
    -0.00017038178610193192}, {-0.0005426164013505048, 
    -0.0001703817861020301, 0.00027947275017379744, 0.0014380781061671091}, 
   {0.0005426164013505319, -0.0001703817861019768, 0.0014380781061671152, 
    0.00027947275017370463}}, {{-0.5236766554515626, 0.0005426164013505253, 
    0, -0.0005426164013505486}, {0.0005426164013505072, 
    0.00027947275017375407, -0.00017038178610204044, 0.0014380781061670556}, 
   {0, -0.00017038178610176243, 0.9974020733435689, -0.00017038178610192113}, 
   {-0.0005426164013505313, 0.001438078106167088, -0.0001703817861019942, 
    0.0002794727501739258}}, {{-0.5236766554515628, -0.0005426164013505221, 
    0.0005426164013505304, 0}, {-0.00054261640135048, 0.0002794727501738087, 
    0.0014380781061672093, -0.00017038178610198087}, 
   {0.0005426164013504755, 0.0014380781061670957, 0.00027947275017359274, 
    -0.0001703817861020011}, {0, -0.0001703817861019445, 
    -0.00017038178610193373, 0.9974020733435693}}}, 
 {{{0., 0.01848341246527219, 0.01848341246527218, 0.018483412465272204}, 
   {-0.01848341246527219, 0., -0.013954504884418194, 0.013954504884418205}, 
   {-0.01848341246527218, 0.013954504884418194, 0., -0.013954504884418208}, 
   {-0.018483412465272204, -0.013954504884418205, 0.013954504884418208, 0.}}, 
  {{0., 0.01848341246527217, 0.018483412465272173, 0.01848341246527224}, 
   {-0.01848341246527217, 0., -0.013954504884418227, 0.013954504884418281}, 
   {-0.018483412465272173, 0.013954504884418227, 0., -0.013954504884418295}, 
   {-0.01848341246527224, -0.013954504884418281, 0.013954504884418295, 0.}}}, 
 {0, 0}, {{-1.5615706134387068, -1.5551677715412862}, 
  {-6.29843574391295, -1.5679734553361278, -1.5812444166203474}, 
  {-1.5671890255328451, -1.5607861836354244}, {{2, 0.00010424220066335144}}, 
  {{2, 0.12251275540604734}}, {7.383913359235993*^-12, 0.9845133284079455}}}
