{3, 28, {{{-0.520071037345377, 0, -0.002342048028666377, 
    0.0023420480286663846}, {0, 0.9892774402279918, -0.0006101597863497846, 
    -0.0006101597863497532}, {-0.002342048028666365, -0.0006101597863498167, 
    0.0010714920968987324, 0.00588846327536545}, 
   {0.0023420480286663954, -0.0006101597863498068, 0.005888463275365465, 
    0.0010714920968987619}}, {{-0.5200710373453769, 0.0023420480286663907, 0, 
    -0.0023420480286663803}, {0.00234204802866633, 0.001071492096898741, 
    -0.0006101597863498248, 0.005888463275365468}, 
   {0, -0.0006101597863497736, 0.9892774402279919, -0.0006101597863497725}, 
   {-0.002342048028666381, 0.005888463275365423, -0.0006101597863498008, 
    0.0010714920968987185}}, {{-0.520071037345377, -0.0023420480286663625, 
    0.002342048028666345, 0}, {-0.002342048028666318, 0.0010714920968987315, 
    0.005888463275365406, -0.000610159786349789}, 
   {0.00234204802866633, 0.0058884632753654735, 0.0010714920968986907, 
    -0.0006101597863497641}, {0, -0.0006101597863497586, 
    -0.0006101597863497911, 0.9892774402279918}}}, 
 {{{0., 0.03703919995517617, 0.03703919995517617, 0.0370391999551762}, 
   {-0.03703919995517617, 0., -0.02861393838768074, 0.02861393838768054}, 
   {-0.03703919995517617, 0.02861393838768074, 0., -0.028613938387680556}, 
   {-0.0370391999551762, -0.02861393838768054, 0.028613938387680556, 0.}}, 
  {{0., 0.037039199955176155, 0.03703919995517617, 0.03703919995517626}, 
   {-0.037039199955176155, 0., -0.02861393838768067, 0.028613938387680747}, 
   {-0.03703919995517617, 0.02861393838768067, 0., -0.02861393838768072}, 
   {-0.03703919995517626, -0.028613938387680747, 0.02861393838768072, 0.}}}, 
 {0, 0}, {{-1.521937830207583, -1.4962763197299558}, 
  {-6.297598413482677, -1.547599340685211, -1.6011998660561275}, 
  {-1.5446807444648183, -1.519019233987191}, {{2, 0.00020668292108746988}}, 
  {{2, 0.11373438921050594}}, {5.488653646210208*^-10, 0.9373647819637807}}}
