{3, 28, {{{-0.5136013694266517, 0, -0.005917675342663244, 
    0.005917675342663217}, {0, 0.9745922585139142, -0.0014025193605221031, 
    -0.00140251936052217}, {-0.005917675342663183, -0.0014025193605222783, 
    0.0025808577979249377, 0.01404026314043231}, 
   {0.005917675342663237, -0.0014025193605222645, 0.014040263140432338, 
    0.0025808577979248787}}, {{-0.5136013694266517, 0.005917675342663242, 0, 
    -0.005917675342663219}, {0.005917675342663201, 0.00258085779792495, 
    -0.001402519360522281, 0.014040263140432338}, 
   {0, -0.0014025193605220832, 0.9745922585139143, -0.0014025193605221888}, 
   {-0.005917675342663235, 0.014040263140432326, -0.0014025193605222426, 
    0.002580857797924885}}, {{-0.5136013694266517, -0.0059176753426632075, 
    0.005917675342663211, 0}, {-0.005917675342663176, 0.002580857797924911, 
    0.014040263140432361, -0.0014025193605222168}, 
   {0.005917675342663164, 0.014040263140432345, 0.002580857797924885, 
    -0.0014025193605221912}, {0, -0.0014025193605222423, 
    -0.0014025193605222523, 0.9745922585139142}}}, 
 {{{0., 0.056851409997249094, 0.05685140999724908, 0.05685140999724912}, 
   {-0.056851409997249094, 0., -0.044162402900087314, 0.044162402900087105}, 
   {-0.05685140999724908, 0.044162402900087314, 0., -0.044162402900087105}, 
   {-0.05685140999724912, -0.044162402900087105, 0.044162402900087105, 0.}}, 
  {{0., 0.05685140999724907, 0.05685140999724908, 0.05685140999724922}, 
   {-0.05685140999724907, 0., -0.044162402900087196, 0.04416240290008734}, 
   {-0.05685140999724908, 0.044162402900087196, 0., -0.044162402900087334}, 
   {-0.05685140999724922, -0.04416240290008734, 0.044162402900087334, 0.}}}, 
 {0, 0}, {{-1.452270285913806, -1.3931885675555085}, 
  {-6.293618935584875, -1.511352004272105, -1.6354574635203325}, 
  {-1.5047586027751387, -1.4456768844168413}, {{2, 0.0003060264854460315}}, 
  {{2, 0.11159799816553245}}, {7.418501235668978*^-9, 0.8569149977787783}}}
