{28, 40, {{{-0.49454575197900336, 0, -0.018171889616324807, 
    0.01817188961632473}, {0, 0.9247319562833861, -0.0021230737084720758, 
    -0.0021230737084720697}, {-0.018171889616324738, -0.00212307370847218, 
    0.006005715824761956, 0.04043943026698629}, {0.018171889616324724, 
    -0.0021230737084722015, 0.040439430266986244, 0.006005715824762064}}, 
  {{-0.49454575197900336, 0.018171889616324814, 0, -0.01817188961632473}, 
   {0.018171889616324745, 0.006005715824761919, -0.0021230737084721955, 
    0.040439430266986306}, {0, -0.0021230737084720775, 0.9247319562833861, 
    -0.0021230737084720975}, {-0.018171889616324734, 0.04043943026698624, 
    -0.0021230737084721903, 0.006005715824762059}}, 
  {{-0.49454575197900336, -0.018171889616324696, 0.018171889616324696, 0}, 
   {-0.01817188961632469, 0.00600571582476192, 0.04043943026698628, 
    -0.0021230737084721235}, {0.01817188961632469, 0.04043943026698625, 
    0.0060057158247618925, -0.0021230737084721096}, 
   {0, -0.002123073708472257, -0.002123073708472237, 0.9247319562833859}}}, 
 {{{0., 0.1875775446359339, 0.1875775446359339, 0.18757754463593446}, 
   {-0.1875775446359339, 0., -0.15706760935152958, 0.15706760935152891}, 
   {-0.1875775446359339, 0.15706760935152958, 0., -0.1570676093515289}, 
   {-0.18757754463593446, -0.15706760935152891, 0.1570676093515289, 0.}}, 
  {{0., 0.18757754463593387, 0.18757754463593387, 0.1875775446359347}, 
   {-0.18757754463593387, 0., -0.15706760935152914, 0.15706760935152964}, 
   {-0.18757754463593387, 0.15706760935152914, 0., -0.15706760935152958}, 
   {-0.1875775446359347, -0.15706760935152964, 0.15706760935152958, 0.}}}, 
 {0, 0}, {{-1.2760886084980403, -1.0746544291435973}, 
  {-6.260357068982519, -1.4775227878524837, -1.652655746638776}, 
  {-1.461140912857533, -1.25970673350309}, {{2, 0.0002414144566958154}, 
   {3, 0.00021297906137460187}, {4, 0.00018733789385275146}, 
   {5, 0.00016482862701480694}, {6, 0.0001450365109419427}, 
   {7, 0.0001276314197238837}, {8, 0.00011232309207079294}, 
   {9, 0.00009885712115942358}, {10, 0.00008701037419822644}, 
   {11, 0.00007658705808782917}, {12, 0.00006741529898987575}, 
   {13, 0.00005934416552083599}, {14, 0.00005224107456763827}, 
   {15, 0.00004598952788295585}, {16, 0.000040487135209599234}, 
   {17, 0.000035643886048403184}, {18, 0.000031380637542988143}, 
   {19, 0.00002762779047899011}, {20, 0.00002432412923883409}, 
   {21, 0.000021415804820179574}, {22, 0.000018855442815435275}, 
   {23, 0.000016601360644519225}, {24, 0.000014616880383039321}, 
   {25, 0.000012869725296460466}, {26, 0.000011331489719490495}, 
   {27, 9.977173234504422*^-6}}, {{2, 0.07855457603496468}, 
   {3, 0.07890567393383892}, {4, 0.0792127238288182}, 
   {5, 0.0794822657010103}, {6, 0.07971894344545191}, 
   {7, 0.07992683450085648}, {8, 0.08010949375807933}, 
   {9, 0.08027002507635678}, {10, 0.08041114116838619}, 
   {11, 0.08053521497848609}, {12, 0.08064432385128145}, 
   {13, 0.08074028760252822}, {14, 0.08082470141067102}, 
   {15, 0.08089896429349669}, {16, 0.08096430380897399}, 
   {17, 0.08102179751710022}, {18, 0.08107239165561021}, 
   {19, 0.08111691741311633}, {20, 0.0811561051257634}, 
   {21, 0.08119059667557985}, {22, 0.08122095632858613}, 
   {23, 0.08124768021698223}, {24, 0.08127120464124508}, 
   {25, 0.08129191334381469}, {26, 0.08131014388549555}, 
   {27, 0.08132619323816456}}, {0.000015014808641433964, 0.6253097433030512}}}
