{8, 20, {{{-0.5248723649028252, 0, -5.594835852211795*^-6, 
    5.5948548868764864*^-6}, {0, 0.9999651299158643, 1.1852627560724572*^-6, 
    1.1852972805450324*^-6}, {-5.5948788511707805*^-6, 
    1.1852459350529112*^-6, -1.388239851633083*^-7, 0.00032936538797520364}, 
   {5.594859816748196*^-6, 1.1852114088354277*^-6, 0.00032936538797257364, 
    -1.3882398871255253*^-7}}, {{-0.5248723649028251, 5.594819054527576*^-6, 
    0, -5.594859790611558*^-6}, {5.594895648808817*^-6, 
    -1.3882398629261328*^-7, 1.185262724195016*^-6, 0.00032936538797320334}, 
   {0, 1.1852459669292004*^-6, 0.9999651299158634, 1.185300985269531*^-6}, 
   {-5.594854913006243*^-6, 0.0003293653879734652, 1.1852077041105324*^-6, 
    -1.3882398777753657*^-7}}, {{-0.5248723649028247, -5.594895660810851*^-6, 
    5.5948788656995724*^-6, 0}, {-5.594819042405858*^-6, 
    -1.3882398747916413*^-7, 0.00032936538798084925, 1.1852972945424145*^-6}, 
   {5.594835837526482*^-6, 0.0003293653879734233, -1.3882398611220204*^-7, 
    1.185301002318589*^-6}, {0, 1.1852113951690865*^-6, 
    1.1852076873730318*^-6, 0.9999651299158667}}}, 
 {{{0., 0.0035309403007293665, 0.00353094030063999, 0.003530940300737676}, 
   {-0.0035309403007293665, 0., -0.003548180825253645, 0.003548180825104329}, 
   {-0.00353094030063999, 0.003548180825253645, 0., -0.003548180825189336}, 
   {-0.003530940300737676, -0.003548180825104329, 0.003548180825189336, 0.}}, 
  {{0., 0.003530940300674067, 0.003530940300764008, 0.0035309403006691764}, 
   {-0.003530940300674067, 0., -0.0035481808251116524, 0.003548180825260837}, 
   {-0.003530940300764008, 0.0035481808251116524, 0., 
    -0.0035481808251751623}, {-0.0035309403006691764, -0.003548180825260837, 
    0.0035481808251751623, 0.}}}, {0, 0}, 
 {{-1.5745873587601245, -1.5745751272241257}, {-0.7873249625353188, 
   -0.3936782137276722, 0.000015732460012796157}, 
  {-1.5745996201575874, -1.5745873886215886}, {{2, 1.8761224423475414*^-6}, 
   {3, 1.631791280254629*^-6}, {4, 1.417741900890633*^-6}, 
   {5, 1.2330912991364434*^-6}, {6, 1.0718700856645995*^-6}, 
   {7, 9.327028762480191*^-7}}, {{2, 0.000016122906072437056}, 
   {3, 0.000016413922894188}, {4, 0.000016665361303639043}, 
   {5, 0.000016884749117060118}, {6, 0.000017074647839755677}, 
   {7, 0.00001724052448011295}}, {1.9954206738809005*^-15, 
   0.9997907977331825}}}
{64, 20, {{{-0.5248723382685662, 0, -5.606758631907381*^-6, 
    5.606762468797784*^-6}, {0, 0.9999650464382476, 1.1914277634375215*^-6, 
    1.191436871162736*^-6}, {-5.606766829662884*^-6, 1.1914239016424621*^-6, 
    -9.349727810720188*^-8, 0.0003185971728971584}, 
   {5.606762993752367*^-6, 1.1914147929954522*^-6, 0.00031859717289526196, 
    -9.349727838302291*^-8}}, {{-0.5248723382685657, 5.6067578527797246*^-6, 
    0, -5.606762989312745*^-6}, {5.606767608685164*^-6, 
    -9.349727738035274*^-8, 1.1914277572283837*^-6, 0.00031859717289553925}, 
   {0, 1.1914239078514644*^-6, 0.9999650464382468, 1.1914342936637222*^-6}, 
   {-5.606762473230461*^-6, 0.00031859717289700536, 1.1914173705421437*^-6, 
    -9.349727633778393*^-8}}, {{-0.5248723382685645, -5.606767610843397*^-6, 
    5.606766831713913*^-6, 0}, {-5.6067578504795185*^-6, 
    -9.349727998070323*^-8, 0.00031859717289959395, 1.1914368719439646*^-6}, 
   {5.606758629708317*^-6, 0.00031859717289969906, -9.349727692065102*^-8, 
    1.1914342980701473*^-6}, {0, 1.1914147925259994*^-6, 
    1.1914173664555693*^-6, 0.9999650464382501}}}, 
 {{{0., 0.003535211329023378, 0.0035352113290023856, 0.0035352113289981394}, 
   {-0.003535211329023378, 0., -0.0035533970983961448, 
    0.0035533970983891447}, {-0.0035352113290023856, 0.0035533970983961448, 
    0., -0.003553397098408302}, {-0.0035352113289981394, 
    -0.0035533970983891447, 0.003553397098408302, 0.}}, 
  {{0., 0.0035352113289913185, 0.003535211329012149, 0.003535211329020788}, 
   {-0.0035352113289913185, 0., -0.0035533970984044515, 
    0.003553397098404759}, {-0.003535211329012149, 0.0035533970984044515, 0., 
    -0.0035533970983854216}, {-0.003535211329020788, -0.003553397098404759, 
    0.0035533970983854216, 0.}}}, {0, 0}, 
 {{-1.5745872231587812, -1.5745749768275068}, {-0.7873249548656798, 
   -0.3936782564683085, 0.000015779035468621583}, 
  {-1.5745995009887324, -1.574587254657458}, {{2, 0.00022118912898391762}, 
   {3, 0.00019195169253713538}, {4, 0.00016659314408246605}, 
   {5, 0.00014458469816030182}, {6, 0.00012549424217023382}, 
   {7, 0.00010892547397185022}, {8, 0.00009455443903784227}, 
   {9, 0.00008208024643957708}, {10, 0.00007126134887740655}, 
   {11, 0.00006186903654341715}, {12, 0.00005372357625921687}, 
   {13, 0.000046650865243595165}, {14, 0.000040517492052325}, 
   {15, 0.00003519067537186352}, {16, 0.000030571680121104904}, 
   {17, 0.000026559008188434957}, {18, 0.000023079853797557028}, 
   {19, 0.000020056419724496545}, {20, 0.00001743526394174487}, 
   {21, 0.000015156563431872883}, {22, 0.000013181315025949034}, 
   {23, 0.000011463344312182249}, {24, 9.974395208380612*^-6}, 
   {25, 8.678673643987191*^-6}, {26, 7.555905157499536*^-6}, 
   {27, 6.5782054745828*^-6}, {28, 5.731211808402553*^-6}, 
   {29, 4.993080892156266*^-6}, {30, 4.401216954204643*^-6}, 
   {31, 4.2261924089210135*^-6}, {32, 4.055552796912562*^-6}, 
   {33, 3.889586642892714*^-6}, {34, 3.7284952138698997*^-6}, 
   {35, 3.572425371105336*^-6}, {36, 3.4214594280484274*^-6}, 
   {37, 3.275643219412586*^-6}, {38, 3.1349752218276235*^-6}, 
   {39, 2.9994306585236566*^-6}, {40, 2.8689503510070913*^-6}, 
   {41, 2.7434615145709553*^-6}, {42, 2.622866666114284*^-6}, 
   {43, 2.5070616721767597*^-6}, {44, 2.3959249328272484*^-6}, 
   {45, 2.289333124981638*^-6}, {46, 2.1871508163298138*^-6}, 
   {47, 2.0892442807887257*^-6}, {48, 1.995471634339788*^-6}, 
   {49, 1.9056950084548837*^-6}, {50, 1.8197712681682727*^-6}, 
   {51, 1.7375627886946892*^-6}, {52, 1.6589287824138018*^-6}, 
   {53, 1.5837348660701646*^-6}, {54, 1.5118450118311168*^-6}, 
   {55, 1.443130063512809*^-6}, {56, 1.3774602923699716*^-6}, 
   {57, 1.3147130057878558*^-6}, {58, 1.254765690674993*^-6}, 
   {59, 1.1975028303999667*^-6}, {60, 1.1428095897658697*^-6}, 
   {61, 1.0905779412009506*^-6}, {62, 1.0407008752770898*^-6}, 
   {63, 9.930779043120929*^-7}}, {{2, 0.00024149785548823756}, 
   {3, 0.0002072992853185135}, {4, 0.00017761402252058786}, 
   {5, 0.0001518569212846136}, {6, 0.00012949844002571533}, 
   {7, 0.00011009823767264772}, {8, 0.00009325527150387276}, 
   {9, 0.00007864036240190873}, {10, 0.00006594951385855723}, 
   {11, 0.00005493698521044101}, {12, 0.00004537207583683418}, 
   {13, 0.00003707163369772536}, {14, 0.000029860328887924025}, 
   {15, 0.000023601926427686853}, {16, 0.00001816294279032312}, 
   {17, 0.000013442286330622345}, {18, 9.338117536610157*^-6}, 
   {19, 5.775646508790188*^-6}, {20, 2.6769814188410826*^-6}, 
   {21, 1.3002879390832528*^-8}, {22, 2.3540571732435546*^-6}, 
   {23, 4.38662190554814*^-6}, {24, 6.156688917015592*^-6}, 
   {25, 7.693749041793601*^-6}, {26, 9.033343509081438*^-6}, 
   {27, 0.000010196813468964429}, {28, 0.000011211748536765749}, 
   {29, 0.000012093437794970111}, {30, 0.00001286340815764574}, 
   {31, 0.000013532466946855802}, {32, 0.000014117507319083927}, 
   {33, 0.00001462602932592494}, {34, 0.000015071374426127798}, 
   {35, 0.000015458612863295}, {36, 0.00001579835476362374}, 
   {37, 0.00001609389520969472}, {38, 0.000016353735843588662}, 
   {39, 0.00001657988416230558}, {40, 0.000016779207010406687}, 
   {41, 0.00001695278666963364}, {42, 0.00001710621615344304}, 
   {43, 0.00001723992113136178}, {44, 0.000017358496500041542}, 
   {45, 0.00001746190975798062}, {46, 0.00001755396885907595}, 
   {47, 0.00001763432912728274}, {48, 0.00001770617383130612}, 
   {49, 0.000017768952967224772}, {50, 0.00001782535024979267}, 
   {51, 0.000017874688016059603}, {52, 0.000017919247335034678}, 
   {53, 0.000017958278851634193}, {54, 0.000017993736400673803}, 
   {55, 0.00001802483880098666}, {56, 0.000018053271655168058}, 
   {57, 0.000018078249913822494}, {58, 0.000018101237389525827}, 
   {59, 0.0000181214643497833}, {60, 0.000018140209617356065}, 
   {61, 0.000018156731531089322}, {62, 0.00001817215329499638}, 
   {63, 0.000018185769390010893}}, {2.0130866104889285*^-15, 
   0.9997902969549071}}}
