{3, 20, {{{-0.5248738202654355, 0, -4.918324011686357*^-6, 
    4.9183240117751935*^-6}, {0, 0.9999706005433107, 8.599575857262757*^-7, 
    8.599575844962145*^-7}, {-4.918324012252768*^-6, 8.599575846818434*^-7, 
    2.1876239843753031*^-7, 0.00011718497125945496}, 
   {4.918324012845009*^-6, 8.59957584843542*^-7, 0.00011718497125290834, 
    2.1876239566717692*^-7}}, {{-0.5248738202654357, 4.918324011809954*^-6, 
    0, -4.918324011778739*^-6}, {4.91832401207054*^-6, 
    2.1876239286039434*^-7, 8.59957584718747*^-7, 0.00011718497125900722}, 
   {0, 8.599575857210478*^-7, 0.9999706005433113, 8.599575853342511*^-7}, 
   {-4.918324012824681*^-6, 0.00011718497125235232, 8.599575839753311*^-7, 
    2.1876239855722623*^-7}}, {{-0.5248738202654375, -4.9183240118429765*^-6, 
    4.918324011736181*^-6, 0}, {-4.9183240119268615*^-6, 
    2.1876240016704962*^-7, 0.00011718497125648002, 8.599575852140037*^-7}, 
   {4.918324012070271*^-6, 0.00011718497125963231, 2.18762393144889*^-7, 
    8.599575842414242*^-7}, {0, 8.59957584372734*^-7, 8.599575853605483*^-7, 
    0.9999706005433133}}}, 
 {{{0., 0.0032873448643417832, 0.0032873448643415248, 0.003287344864342562}, 
   {-0.0032873448643417832, 0., -0.0032521563327106476, 
    0.0032521563327115614}, {-0.0032873448643415248, 0.0032521563327106476, 
    0., -0.0032521563327117947}, {-0.003287344864342562, 
    -0.0032521563327115614, 0.0032521563327117947, 0.}}, 
  {{0., 0.003287344864341793, 0.003287344864341362, 0.0032873448643423436}, 
   {-0.003287344864341793, 0., -0.003252156332710565, 0.0032521563327112474}, 
   {-0.003287344864341362, 0.003252156332710565, 0., -0.003252156332711904}, 
   {-0.0032873448643423436, -0.0032521563327112474, 0.003252156332711904, 
    0.}}}, {0, 0}, {{-1.574596199992989, -1.5745848122963344}, 
  {-0.7873253646048931, -0.3936758760386613, 0.000013193736214722751}, 
  {-1.5746075267413184, -1.574596139044664}, {{2, 0.00004494822492023473}}, 
  {{2, 0.00003518853163060811}}, {1.1831191529559572*^-15, 
   0.9998236162242832}}}
