{30, 20, {{{-0.5248832020054182, 0, -5.4282219908139555*^-8, 
    5.4282220383499474*^-8}, {0, 0.9999996659700865, 1.1087822669208295*^-8, 
    1.108782283713946*^-8}, {-5.428222057891822*^-8, 1.1087823025809484*^-8, 
    -7.186184876328827*^-10, 1.9354537418794626*^-6}, 
   {5.428222037806526*^-8, 1.1087822638561902*^-8, 1.935453742832944*^-6, 
    -7.186216066656925*^-10}}, {{-0.524883202005418, 5.4282219909178044*^-8, 
    0, -5.4282220485324124*^-8}, {5.4282220578055054*^-8, 
    -7.186184858981592*^-10, 1.108782303867512*^-8, 1.9354537420183163*^-6}, 
   {0, 1.108782263838482*^-8, 0.9999996659700865, 1.1087823232417787*^-8}, 
   {-5.428222028397327*^-8, 1.9354537423345124*^-6, 1.1087822237003348*^-8, 
    -7.186204131759411*^-10}}, {{-0.524883202005419, -5.4282220209097706*^-8, 
    5.4282220326761673*^-8, 0}, {-5.428222011931125*^-8, 
    -7.186184564078602*^-10, 1.935453742663044*^-6, 1.1087823334612285*^-8}, 
   {5.4282219989277324*^-8, 1.935453743670999*^-6, -7.186198858200044*^-10, 
    1.1087823050549281*^-8}, {0, 1.1087822422324767*^-8, 
    1.1087822710632523*^-8, 0.9999996659700864}}}, 
 {{{0., 0.0003474232063736695, 0.0003474232063736726, 0.0003474232063731525}, 
   {-0.0003474232063736695, 0., -0.0003479800689677473, 
    0.0003479800689693842}, {-0.0003474232063736726, 0.0003479800689677473, 
    0., -0.0003479800689694502}, {-0.0003474232063731525, 
    -0.0003479800689693842, 0.0003479800689694502, 0.}}, 
  {{0., 0.0003474232063736891, 0.00034742320637372017, 
    0.00034742320637320897}, {-0.0003474232063736891, 0., 
    -0.00034798006896789955, 0.000347980068969462}, 
   {-0.00034742320637372017, 0.00034798006896789955, 0., 
    -0.0003479800689696024}, {-0.00034742320637320897, -0.000347980068969462, 
    0.0003479800689696024, 0.}}}, {0, 0}, 
 {{-1.5746493217939077, -1.5746492014429785}, {-0.7873249629049027, 
   -0.3936626327011401, 1.512486887400577*^-7}, 
  {-1.5746494422412882, -1.574649321890359}, {{2, 0.00004454686531605374}, 
   {3, 0.00003865313639895933}, {4, 0.00003353930454444772}, 
   {5, 0.00002910204139686725}, {6, 0.000025251837994734808}, 
   {7, 0.000021911022501835465}, {8, 0.000019012204935344194}, 
   {9, 0.000016496906106535302}, {10, 0.000014314386938001035}, 
   {11, 0.000012420619175078362}, {12, 0.000010777400697006996}, 
   {13, 9.35158206237757*^-6}, {14, 8.114402295661828*^-6}, 
   {15, 7.040902062592849*^-6}, {16, 6.109428399962225*^-6}, 
   {17, 5.301187743300055*^-6}, {18, 4.599878594836249*^-6}, 
   {19, 3.991351776865297*^-6}, {20, 3.463333483290452*^-6}, 
   {21, 3.0051708443820874*^-6}, {22, 2.6076229675199743*^-6}, 
   {23, 2.262669354415915*^-6}, {24, 1.96335265461369*^-6}, 
   {25, 1.7036340999057012*^-6}, {26, 1.478275693465956*^-6}, 
   {27, 1.2827307001408213*^-6}, {28, 1.1130556013509577*^-6}, 
   {29, 9.658270227780753*^-7}}, {{2, 0.000050388785621396204}, 
   {3, 0.00004349938169631471}, {4, 0.00003752145191968551}, 
   {5, 0.00003233440834787433}, {6, 0.000027833611997064848}, 
   {7, 0.000023928274135890104}, {8, 0.000020539612330465312}, 
   {9, 0.000017599271012349022}, {10, 0.000015047935121211243}, 
   {11, 0.000012834139278451995}, {12, 0.000010913225286095406}, 
   {13, 9.246445701916381*^-6}, {14, 7.800176296884516*^-6}, 
   {15, 6.545244910066555*^-6}, {16, 5.456334994893922*^-6}, 
   {17, 4.5114842617657986*^-6}, {18, 3.6916315755752245*^-6}, 
   {19, 2.9802411391687295*^-6}, {20, 2.3629619499950308*^-6}, 
   {21, 1.8273443151342373*^-6}, {22, 1.362583434193188*^-6}, 
   {23, 9.593059688247595*^-7}, {24, 6.093768606994874*^-7}, 
   {25, 3.057390954061021*^-7}, {26, 4.226763045692356*^-8}, 
   {27, 1.8635061212132322*^-7}, {28, 3.8472732482973263*^-7}, 
   {29, 5.568625954054769*^-7}}, {1.775522659124131*^-21, 
   0.9999979958221924}}}
