{3, 28, {{{-0.5248692603474784, 0, -4.922231881043768*^-6, 
    4.922231881018694*^-6}, {0, 0.9999690246331461, 3.47620363408278*^-6, 
    3.476203634197064*^-6}, {-4.922231880994783*^-6, 3.4762036337187263*^-6, 
    -2.917551859842396*^-6, 0.000011831763660749868}, 
   {4.9222318810365046*^-6, 3.476203633207686*^-6, 0.000011831763662375902, 
    -2.9175518589880448*^-6}}, {{-0.5248692603474782, 4.922231881057563*^-6, 
    0, -4.922231881018408*^-6}, {4.922231881000947*^-6, 
    -2.917551860024542*^-6, 3.476203633723389*^-6, 0.000011831763661803446}, 
   {0, 3.4762036340793366*^-6, 0.9999690246331471, 3.476203633219188*^-6}, 
   {-4.9222318810451485*^-6, 0.000011831763661486094, 3.476203634186059*^-6, 
    -2.9175518596324945*^-6}}, {{-0.5248692603474787, -4.922231881011611*^-6, 
    4.9222318810012434*^-6, 0}, {-4.922231880928956*^-6, 
    -2.9175518603636805*^-6, 0.000011831763661169608, 
    3.4762036332223544*^-6}, {4.9222318809202535*^-6, 
    0.000011831763662458057, -2.917551860659451*^-6, 3.476203634204983*^-6}, 
   {0, 3.476203634207177*^-6, 3.4762036332265574*^-6, 0.9999690246331483}}}, 
 {{{0., 0.0013334422149438934, 0.001333442214943895, 0.0013334422149439088}, 
   {-0.0013334422149438934, 0., -0.0017875144200686598, 
    0.0017875144200673874}, {-0.001333442214943895, 0.0017875144200686598, 
    0., -0.0017875144200675795}, {-0.0013334422149439088, 
    -0.0017875144200673874, 0.0017875144200675795, 0.}}, 
  {{0., 0.0013334422149439082, 0.0013334422149438988, 0.0013334422149439004}, 
   {-0.0013334422149439082, 0., -0.0017875144200684859, 
    0.0017875144200674713}, {-0.0013334422149438988, 0.0017875144200684859, 
    0., -0.0017875144200674691}, {-0.0013334422149439004, 
    -0.0017875144200674713, 0.0017875144200674691, 0.}}}, {0, 0}, 
 {{-1.5745181493998839, -1.5744719576065804}, 
  {-6.298504378340134, -1.5745643411931898, -1.574687847976877}, 
  {-1.5745722059544844, -1.574526014161181}, {{2, 0.00010447005767788}}, 
  {{2, 0.17026317302510355}}, {3.2621004031421566*^-17, 0.9998141621903889}}}
