{8, 32, {{{-0.5227557023558057, 0, -0.00030871119378692946, 
    0.0003087111937869414}, {0, 0.9978801514856652, -0.0009200775886087954, 
    -0.0009200775886085447}, {-0.00030871119378694475, 
    -0.0009200775886093067, 0.001108698295401586, 0.0019111869910158287}, 
   {0.00030871119378692296, -0.0009200775886095354, 0.0019111869910168609, 
    0.0011086982954018436}}, {{-0.5227557023558063, 0.00030871119378690935, 
    0, -0.0003087111937868811}, {0.0003087111937869305, 0.001108698295401703, 
    -0.0009200775886092916, 0.001911186991016413}, 
   {0, -0.0009200775886088003, 0.9978801514856654, -0.0009200775886092801}, 
   {-0.0003087111937869207, 0.0019111869910161932, -0.0009200775886089672, 
    0.0011086982954018332}}, {{-0.5227557023558065, -0.0003087111937869644, 
    0.00030871119378695933, 0}, {-0.00030871119378695874, 
    0.001108698295402155, 0.0019111869910157981, -0.0009200775886095279}, 
   {0.00030871119378690247, 0.0019111869910174396, 0.0011086982954020275, 
    -0.0009200775886089865}, {0, -0.0009200775886085389, 
    -0.0009200775886092012, 0.9978801514856653}}}, 
 {{{0., 0.049097785805445125, 0.04909778580544524, 0.04909778580544527}, 
   {-0.049097785805445125, 0., -0.01177480506906611, 0.01177480506906605}, 
   {-0.04909778580544524, 0.01177480506906611, 0., -0.011774805069065784}, 
   {-0.04909778580544527, -0.01177480506906605, 0.011774805069065784, 0.}}, 
  {{0., 0.0490977858054451, 0.04909778580544516, 0.04909778580544543}, 
   {-0.0490977858054451, 0., -0.01177480506906569, 0.0117748050690651}, 
   {-0.04909778580544516, 0.01177480506906569, 0., -0.011774805069065579}, 
   {-0.04909778580544543, -0.0117748050690651, 0.011774805069065579, 0.}}}, 
 {0, 0}, {{-1.563670410127998, -1.5551664241725796}, 
  {-6.300253452364402, -1.572174396083414, -1.5779523300987868}, 
  {-1.5689421311371483, -1.56043814518173}, {{2, 0.010175125411725099}, 
   {3, 0.007965767007420077}, {4, 0.006238341886592242}, 
   {5, 0.0048876418820479745}, {6, 0.0038310588603725215}, 
   {7, 0.003004082385470251}}, {{2, 0.2475019391800232}, 
   {3, 0.3118555195726851}, {4, 0.34303911230766504}, 
   {5, 0.3610054502014709}, {6, 0.3724050106175115}, 
   {7, 0.38008822723977276}}, {2.665154295030586*^-12, 0.9873481250607863}}}
