{9, 32, {{{-0.5245072049253331, 0, -0.0002251767144322276, 
    0.00022517671443222622}, {0, 0.9987778351278103, 0.00005717149046697599, 
    0.000057171490467179835}, {-0.00022517671443217596, 
    0.000057171490467161255, -0.000024236986949899807, 
    0.0005447038292758365}, {0.00022517671443221253, 0.00005717149046689121, 
    0.0005447038292760618, -0.000024236986949800927}}, 
  {{-0.5245072049253332, 0.00022517671443224172, 0, -0.00022517671443222795}, 
   {0.0002251767144321874, -0.000024236986949952282, 0.00005717149046716077, 
    0.0005447038292761021}, {0, 0.00005717149046698182, 0.9987778351278104, 
    0.00005717149046695894}, {-0.00022517671443221467, 0.000544703829275866, 
    0.00005717149046713122, -0.00002423698694981047}}, 
  {{-0.5245072049253333, -0.00022517671443222424, 0.00022517671443220957, 0}, 
   {-0.00022517671443215032, -0.00002423698695006027, 0.0005447038292757946, 
    0.00005717149046689465}, {0.00022517671443212782, 0.0005447038292763051, 
    -0.000024236986950088024, 0.000057171490467120584}, 
   {0, 0.000057171490467199486, 0.000057171490466955514, 
    0.9987778351278108}}}, 
 {{{0., 0.020350379384709502, 0.02035037938470954, 0.02035037938470957}, 
   {-0.020350379384709502, 0., -0.02129705644499995, 0.021297056444999737}, 
   {-0.02035037938470954, 0.02129705644499995, 0., -0.021297056444999744}, 
   {-0.02035037938470957, -0.021297056444999737, 0.021297056444999744, 0.}}, 
  {{0., 0.020350379384709488, 0.020350379384709516, 0.020350379384709606}, 
   {-0.020350379384709488, 0., -0.021297056444999768, 0.021297056444999844}, 
   {-0.020350379384709516, 0.021297056444999768, 0., -0.021297056444999875}, 
   {-0.020350379384709606, -0.021297056444999844, 0.021297056444999875, 
    0.}}}, {0, 0}, {{-1.5693161366513313, -1.5657913475465688}, 
  {-6.298670975249536, -1.5728409257560942, -1.5764945618686736}, 
  {-1.5729229103944324, -1.56939812128967}, {{2, 0.0040214998648029875}, 
   {3, 0.0031520860533533583}, {4, 0.0024707784742039277}, 
   {5, 0.0019368720228390493}, {6, 0.0015184465718140819}, 
   {7, 0.001190493420714353}, {8, 0.0009334256475103872}}, 
  {{2, 0.6627127456217867}, {3, 0.3649300724625114}, 
   {4, 0.22040887748294272}, {5, 0.13702729468380928}, 
   {6, 0.08406432478035497}, {7, 0.04834108226845134}, 
   {8, 0.023259445005766755}}, {9.330770155672366*^-11, 0.9926893795943003}}}
