{38, 40, {{{-0.517356624593656, 0, -0.004824435956736788, 
    0.00482443595673677}, {0, 0.9769118246416313, 0.0006483228348933218, 
    0.0006483228348932992}, {-0.0048244359567367594, 0.0006483228348932693, 
    0.0001790880807380369, 0.01105759020826177}, 
   {0.004824435956736741, 0.000648322834893258, 0.011057590208261768, 
    0.0001790880807380612}}, {{-0.517356624593656, 0.0048244359567367855, 0, 
    -0.004824435956736772}, {0.004824435956736756, 0.0001790880807380421, 
    0.0006483228348932715, 0.011057590208261763}, 
   {0, 0.000648322834893327, 0.9769118246416313, 0.0006483228348933077}, 
   {-0.00482443595673675, 0.01105759020826175, 0.0006483228348932752, 
    0.00017908808073810456}}, {{-0.5173566245936561, -0.004824435956736741, 
    0.004824435956736739, 0}, {-0.004824435956736704, 0.0001790880807380239, 
    0.011057590208261787, 0.0006483228348932888}, 
   {0.0048244359567367135, 0.011057590208261813, 0.00017908808073796578, 
    0.0006483228348932956}, {0, 0.0006483228348932858, 0.0006483228348932768, 
    0.9769118246416313}}}, 
 {{{0., 0.09281537593611347, 0.09281537593611344, 0.09281537593611378}, 
   {-0.09281537593611347, 0., -0.09117486510320685, 0.09117486510320648}, 
   {-0.09281537593611344, 0.09117486510320685, 0., -0.09117486510320646}, 
   {-0.09281537593611378, -0.09117486510320648, 0.09117486510320646, 0.}}, 
  {{0., 0.09281537593611344, 0.09281537593611344, 0.09281537593611394}, 
   {-0.09281537593611344, 0., -0.09117486510320655, 0.09117486510320698}, 
   {-0.09281537593611344, 0.09117486510320655, 0., -0.09117486510320696}, 
   {-0.09281537593611394, -0.09117486510320698, 0.09117486510320696, 0.}}}, 
 {0, 0}, {{-1.4777751156591752, -1.4134707369211952}, 
  {-6.295104586168529, -1.5420794943971579, -1.6054727986871067}, 
  {-1.5415112047745645, -1.4772068260365845}, {{2, 0.014668776748657148}, 
   {3, 0.011729204353936595}, {4, 0.009392580068955617}, 
   {5, 0.0075339494927011}, {6, 0.006052963100220035}, 
   {7, 0.004870370412041122}, {8, 0.003923991930348342}, 
   {9, 0.003165095717760441}, {10, 0.002555424300889439}, 
   {11, 0.0020648524105218308}, {12, 0.0016695747897901847}, 
   {13, 0.0013507134000614457}, {14, 0.0010932474944078951}, 
   {15, 0.0008851893964335611}, {16, 0.0007169466983903833}, 
   {17, 0.000580826141778179}, {18, 0.0004706456484805527}, 
   {19, 0.00038142937632440477}, {20, 0.00030916690643298383}, 
   {21, 0.00025062227712153995}, {22, 0.00020318199034069506}, 
   {23, 0.00016473365433802845}, {24, 0.0001335688264338386}, 
   {25, 0.0001083050534559371}, {26, 0.00008782319759818857}, 
   {27, 0.0000712169710471583}, {28, 0.00005775224795590006}, 
   {29, 0.00004683422406087656}, {30, 0.0000379808868260223}, 
   {31, 0.0000308015679097301}, {32, 0.000024979594016552586}, 
   {33, 0.000020258246155868687}, {34, 0.000016429391902397783}, 
   {35, 0.000013324278813439672}, {36, 0.000010806076176872459}, 
   {37, 8.763831788702325*^-6}}, {{2, 0.853792088229975}, 
   {3, 0.499757784583018}, {4, 0.3280631384428696}, {5, 0.22870401084418282}, 
   {6, 0.16519774043056523}, {7, 0.12196701563410446}, 
   {8, 0.09124857685455992}, {9, 0.06874305454441151}, 
   {10, 0.05187921889679677}, {11, 0.039026761327906834}, 
   {12, 0.02910351463324203}, {13, 0.021364369556568775}, 
   {14, 0.015280855909133148}, {15, 0.010468974460185002}, 
   {16, 0.006644110125076101}, {17, 0.00359184191077664}, 
   {18, 0.0011484505998635398}, {19, 0.000812455299428619}, 
   {20, 0.0023893370728870923}, {21, 0.0036594690820083283}, 
   {22, 0.0046838673737062755}, {23, 0.00551095037556062}, 
   {24, 0.006179296105980879}, {25, 0.00671974405900716}, 
   {26, 0.007157014136472534}, {27, 0.007510964582777152}, 
   {28, 0.007797576688096675}, {29, 0.008029730417143518}, 
   {30, 0.008217818535869713}, {31, 0.008370234967395338}, 
   {32, 0.0084937645241993}, {33, 0.008593894851360364}, 
   {34, 0.008675066712851072}, {35, 0.00874087520715413}, 
   {36, 0.008794231796319892}, {37, 0.008837494953616644}}, 
  {5.744480725474895*^-7, 0.8692249791848807}}}
