{3, 28, {{{-0.52487540183931, 0, 1.0566011968335583*^-8, 
    -1.056601197284902*^-8}, {0, 0.999999904631679, -4.563098227079174*^-8, 
    -4.563098162354875*^-8}, {1.0566011971970686*^-8, -4.563098187761639*^-8, 
    5.472086391476727*^-8, 9.037338172475793*^-8}, 
   {-1.0566011976692064*^-8, -4.563098202173588*^-8, 9.037338139496031*^-8, 
    5.472086363027262*^-8}}, {{-0.5248754018393101, -1.0566011973103426*^-8, 
    0, 1.056601197497803*^-8}, {-1.0566011974784515*^-8, 
    5.472086387833808*^-8, -4.563098186712887*^-8, 9.037338167842481*^-8}, 
   {0, -4.5630982259452936*^-8, 0.9999999046316792, -4.5630981538529496*^-8}, 
   {1.0566011977269195*^-8, 9.037338150623855*^-8, -4.5630982095339297*^-8, 
    5.472086378466301*^-8}}, {{-0.5248754018393104, 1.0566011972364876*^-8, 
    -1.0566011965739581*^-8, 0}, {1.0566011968679187*^-8, 
    5.472086383323527*^-8, 9.037338202413543*^-8, -4.5630982016932434*^-8}, 
   {-1.0566011963308486*^-8, 9.037338185067313*^-8, 5.472086367364071*^-8, 
    -4.563098209618033*^-8}, {0, -4.563098162148805*^-8, 
    -4.563098153948911*^-8, 0.9999999046316794}}}, 
 {{{0., 0.00017013074503176458, 0.0001701307450317609, 
    0.00017013074503176057}, {-0.00017013074503176458, 0., 
    0.00003007746994504837, -0.000030077469945015076}, 
   {-0.0001701307450317609, -0.00003007746994504837, 0., 
    0.000030077469945089784}, {-0.00017013074503176057, 
    0.000030077469945015076, -0.000030077469945089784, 0.}}, 
  {{0., 0.00017013074503176035, 0.00017013074503175872, 
    0.00017013074503176106}, {-0.00017013074503176035, 0., 
    0.000030077469945018132, -0.000030077469944943776}, 
   {-0.00017013074503175872, -0.000030077469945018132, 0., 
    0.000030077469945041855}, {-0.00017013074503176106, 
    0.000030077469944943776, -0.000030077469945041855, 0.}}}, {0, 0}, 
 {{-1.5746202486799974, -1.5746143551781107}, 
  {-6.29873811352163, -1.5746261421818843, -1.5747429145789305}, 
  {-1.5746226744738796, -1.5746167809719929}, {{2, 1.7288637791529077*^-7}}, 
  {{2, 2.3535806528021856}}, {7.403682888882582*^-28, 0.9999994277902117}}}
