{3, 28, {{{-0.5242025748810538, 0, -0.0005022603022890447, 
    0.000502260302289025}, {0, 0.9970019507052473, 0.00029024238458979866, 
    0.0002902423845897663}, {-0.0005022603022890001, 0.0002902423845899607, 
    -0.00022754781393829505, 0.0011983084055312294}, 
   {0.0005022603022890348, 0.00029024238458981607, 0.0011983084055312387, 
    -0.00022754781393812245}}, {{-0.5242025748810539, 0.0005022603022890427, 
    0, -0.0005022603022890269}, {0.0005022603022890047, 
    -0.00022754781393826556, 0.00029024238458997105, 0.0011983084055312372}, 
   {0, 0.00029024238458979655, 0.9970019507052474, 0.00029024238458974716}, 
   {-0.0005022603022890332, 0.0011983084055311915, 0.0002902423845898498, 
    -0.00022754781393810597}}, {{-0.5242025748810542, -0.0005022603022889893, 
    0.0005022603022889771, 0}, {-0.000502260302288911, -0.0002275478139384, 
    0.0011983084055313033, 0.00029024238458983233}, 
   {0.0005022603022889029, 0.0011983084055312739, -0.00022754781393841128, 
    0.000290242384589848}, {0, 0.00029024238458977053, 0.0002902423845897292, 
    0.9970019507052481}}}, 
 {{{0., 0.01384888414216039, 0.013848884142160399, 0.013848884142160414}, 
   {-0.01384888414216039, 0., -0.017378438392886178, 0.01737843839288613}, 
   {-0.013848884142160399, 0.017378438392886178, 0., -0.017378438392886133}, 
   {-0.013848884142160414, -0.01737843839288613, 0.017378438392886133, 0.}}, 
  {{0., 0.013848884142160383, 0.013848884142160393, 0.013848884142160433}, 
   {-0.013848884142160383, 0., -0.01737843839288617, 0.017378438392886247}, 
   {-0.013848884142160393, 0.01737843839288617, 0., -0.01737843839288626}, 
   {-0.013848884142160433, -0.017378438392886247, 0.01737843839288626, 0.}}}, 
 {0, 0}, {{-1.5636709497468515, -1.558873555554379}, 
  {-6.298445601663935, -1.5684683439393223, -1.580754456892645}, 
  {-1.5690796806683556, -1.564282286475883}, {{2, 0.00010434590143679895}}, 
  {{2, 0.12743099785132508}}, {2.7546377313111266*^-11, 0.9821459909881786}}}
