{3, 28, {{{-0.5182394259433043, 0, -0.005252363424257021, 
    0.005252363424256997}, {0, 0.9713500300052853, 0.002692949904514239, 
    0.0026929499045141936}, {-0.00525236342425698, 0.0026929499045141255, 
    -0.0018609490761996948, 0.012164193367708815}, 
   {0.005252363424256982, 0.0026929499045141945, 0.012164193367708777, 
    -0.0018609490761996418}}, {{-0.5182394259433042, 0.0052523634242570335, 
    0, -0.005252363424257006}, {0.005252363424256992, -0.00186094907619966, 
    0.0026929499045141277, 0.012164193367708772}, 
   {0, 0.0026929499045142474, 0.9713500300052853, 0.002692949904514224}, 
   {-0.005252363424256999, 0.012164193367708824, 0.002692949904514144, 
    -0.0018609490761996306}}, {{-0.5182394259433042, -0.005252363424256943, 
    0.005252363424256948, 0}, {-0.005252363424256901, -0.001860949076199713, 
    0.012164193367708845, 0.002692949904514239}, 
   {0.005252363424256907, 0.012164193367708763, -0.0018609490761997416, 
    0.00269294990451421}, {0, 0.0026929499045141173, 0.0026929499045141715, 
    0.9713500300052854}}}, 
 {{{0., 0.04365038879339536, 0.04365038879339537, 0.04365038879339542}, 
   {-0.04365038879339536, 0., -0.053664894618601036, 0.053664894618600814}, 
   {-0.04365038879339537, 0.053664894618601036, 0., -0.0536648946186008}, 
   {-0.04365038879339542, -0.053664894618600814, 0.0536648946186008, 0.}}, 
  {{0., 0.043650388793395375, 0.04365038879339536, 0.04365038879339548}, 
   {-0.043650388793395375, 0., -0.05366489461860084, 0.0536648946186011}, 
   {-0.04365038879339536, 0.05366489461860084, 0., -0.05366489461860111}, 
   {-0.04365038879339548, -0.0536648946186011, 0.05366489461860111, 0.}}}, 
 {0, 0}, {{-1.4705289004491167, -1.4251660857529398}, 
  {-6.294109123280693, -1.5158917151452949, -1.6311628464950516}, 
  {-1.5210954050158794, -1.4757325903197025}, {{2, 0.0003124588158891217}}, 
  {{2, 0.11471267612994114}}, {2.3885904151872354*^-8, 0.839952152864812}}}
