{4, 28, {{{-0.524817812736623, 0, -0.00003105022255639091, 
    0.00003105022255689528}, {0, 0.9998386775088519, 8.73462436129607*^-7, 
    8.734624367934112*^-7}, {-0.00003105022255687174, 8.734624370486297*^-7, 
    4.870107363438587*^-6, 0.00019255079260445827}, 
   {0.00003105022255710411, 8.734624363971469*^-7, 0.0001925507926016305, 
    4.870107364411116*^-6}}, {{-0.5248178127366231, 0.00003105022255661953, 
    0, -0.00003105022255691574}, {0.00003105022255670304, 
    4.870107364012997*^-6, 8.734624369945367*^-7, 0.00019255079260209088}, 
   {0, 8.734624361027699*^-7, 0.9998386775088508, 8.734624368456957*^-7}, 
   {-0.00003105022255710162, 0.00019255079260365742, 8.734624362807681*^-7, 
    4.870107363710288*^-6}}, {{-0.5248178127366236, -0.000031050222556583754, 
    0.00003105022255632839, 0}, {-0.00003105022255661548, 
    4.870107362241194*^-6, 0.0001925507926050656, 8.734624365049247*^-7}, 
   {0.00003105022255677372, 0.0001925507926001964, 4.870107363663667*^-6, 
    8.734624363809923*^-7}, {0, 8.73462436735853*^-7, 8.734624369090818*^-7, 
    0.9998386775088515}}}, 
 {{{0, 0.008107626025065713, 0.00810762602506571, 0.008107626025066043}, 
   {-0.008107626025065713, 0, -0.007458132232766488, 0.007458132232764497}, 
   {-0.00810762602506571, 0.007458132232766488, 0, -0.007458132232765206}, 
   {-0.008107626025066043, -0.007458132232764497, 0.007458132232765206, 0}}, 
  {{0, 0.008107626025065727, 0.008107626025065741, 0.008107626025066057}, 
   {-0.008107626025065727, 0, -0.0074581322327661554, 0.00745813223276477}, 
   {-0.008107626025065741, 0.0074581322327661554, 0, -0.0074581322327652135}, 
   {-0.008107626025066057, -0.00745813223276477, 0.0074581322327652135, 0}}}, 
 {0, 0}, {{-1.5729923622378894, -1.5715880802174709}, 
  {-6.298519620509983, -1.574926432780259, -1.5743333774747323}, 
  {-1.5743403964459344, -1.5729361144255158}, {{2, 0.0014668760551403304}, 
   {3, 0.0003189241407060865}}, {{2, 0.0007055996436697036}, 
   {3, 0.0006494937923004434}}, {1.720998432769136*^-13, 0.9990324553433427}}}
