{5, 20, {{{-0.5246487405479074, 0, -0.00012533339620473334, 
    0.0001253333962045706}, {0, 0.9993404962590232, 4.009235495201021*^-6, 
    4.009235493994099*^-6}, {-0.0001253333962050177, 4.009235494051645*^-6, 
    -1.5775993003797235*^-6, 0.0010572835470408703}, 
   {0.00012533339620453732, 4.009235494914976*^-6, 0.0010572835470405682, 
    -1.5775993002426804*^-6}}, {{-0.5246487405479073, 0.00012533339620487456, 
    0, -0.0001253333962045716}, {0.00012533339620488294, 
    -1.5775993004482451*^-6, 4.0092354940709*^-6, 0.0010572835470393281}, 
   {0, 4.009235495198315*^-6, 0.9993404962590235, 4.009235494575111*^-6}, 
   {-0.00012533339620451203, 0.0010572835470417437, 4.009235494303793*^-6, 
    -1.577599300067907*^-6}}, {{-0.524648740547908, -0.00012533339620490942, 
    0.00012533339620472223, 0}, {-0.00012533339620482, 
    -1.5775993004937816*^-6, 0.0010572835470415974, 4.009235495076695*^-6}, 
   {0.0001253333962049619, 0.0010572835470400263, -1.5775993007782763*^-6, 
    4.009235494506357*^-6}, {0, 4.009235494172931*^-6, 4.009235494761522*^-6, 
    0.9993404962590235}}}, 
 {{{0, 0.016352979877256275, 0.01635297987725634, 0.0163529798772563}, 
   {-0.016352979877256275, 0, -0.01507641217522487, 0.015076412175224294}, 
   {-0.01635297987725634, 0.01507641217522487, 0, -0.015076412175224162}, 
   {-0.0163529798772563, -0.015076412175224294, 0.015076412175224162, 0}}, 
  {{0, 0.01635297987725633, 0.01635297987725624, 0.016352979877256313}, 
   {-0.01635297987725633, 0, -0.015076412175224579, 0.015076412175224346}, 
   {-0.01635297987725624, 0.015076412175224579, 0, -0.015076412175224187}, 
   {-0.016352979877256313, -0.015076412175224346, 0.015076412175224187, 0}}}, 
 {0, 0}, {{-1.568045619674539, -1.5623807812740271}, 
  {-6.298610799999624, -1.5758749657849553, -1.5734304342148566}, 
  {-1.5734893500631286, -1.567824511662617}, {{2, 0.0029399912117714817}, 
   {3, 0.0006434515131008862}, {4, 0.00028432550550878835}}, 
  {{2, 0.0014093003820125419}, {3, 0.0013003575623696307}, 
   {4, 0.001276567702031893}}, {1.1743242058590995*^-11, 0.9960494959977833}}}
