{4, 28, {{{-0.5243539986249999, 0, -0.00028340099497182916, 
    0.00028340099497185805}, {0, 0.9985371867558656, 7.5291312282298575*^-6, 
    7.529131228367795*^-6}, {-0.0002834009949717019, 7.529131228541689*^-6, 
    0.00004440830795718613, 0.0017494355007717933}, 
   {0.00028340099497213057, 7.529131228201394*^-6, 0.001749435500772105, 
    0.0000444083079581257}}, {{-0.5243539986250001, 0.00028340099497165943, 
    0, -0.0002834009949718434}, {0.00028340099497179794, 
    0.00004440830795773474, 7.529131228521939*^-6, 0.001749435500772171}, 
   {0, 7.529131228253078*^-6, 0.9985371867558671, 7.5291312282780545*^-6}, 
   {-0.0002834009949721147, 0.0017494355007718588, 7.529131228294781*^-6, 
    0.00004440830795706318}}, {{-0.5243539986249994, -0.0002834009949716305, 
    0.00028340099497181593, 0}, {-0.00028340099497173034, 
    0.000044408307956627334, 0.001749435500772224, 7.529131228284033*^-6}, 
   {0.0002834009949716442, 0.001749435500772562, 0.00004440830795732209, 
    7.529131228379019*^-6}, {0, 7.529131228353042*^-6, 7.529131228202477*^-6, 
    0.9985371867558688}}}, 
 {{{0, 0.02439411008043479, 0.024394110080434864, 0.024394110080434916}, 
   {-0.02439411008043479, 0, -0.02243555970609235, 0.022435559706092505}, 
   {-0.024394110080434864, 0.02243555970609235, 0, -0.022435559706092553}, 
   {-0.024394110080434916, -0.022435559706092505, 0.022435559706092553, 0}}, 
  {{0, 0.024394110080434798, 0.02439411008043481, 0.024394110080434933}, 
   {-0.024394110080434798, 0, -0.022435559706092283, 0.02243555970609265}, 
   {-0.02439411008043481, 0.022435559706092283, 0, -0.02243555970609261}, 
   {-0.024394110080434933, -0.02243555970609265, 0.02243555970609261, 0}}}, 
 {0, 0}, {{-1.559870566354019, -1.5471950149345954}, 
  {-6.298628671789733, -1.5773491039227983, -1.5719652319720683}, 
  {-1.5720372714598099, -1.5593617200403862}, {{2, 0.004427129460150496}, 
   {3, 0.0009799204118442172}}, {{2, 0.0021137810731515745}, 
   {3, 0.001958550374342361}}, {1.2753266962435663*^-10, 0.9912551553394372}}}
