{5, 40, {{{-0.5248104601245258, 0, -0.00003114174936180165, 
    0.000031141749362166597}, {0, 0.9998357848679502, 1.0083844393871431*^-6, 
    1.0083844397413742*^-6}, {-0.000031141749362044624, 
    1.0083844397327578*^-6, -4.079569968244625*^-7, 0.00026297911483162396}, 
   {0.00003114174936233266, 1.0083844396372669*^-6, 0.0002629791148303233, 
    -4.0795699742760417*^-7}}, {{-0.5248104601245258, 0.00003114174936195684, 
    0, -0.0000311417493621493}, {0.000031141749361823176, 
    -4.0795699643208973*^-7, 1.0083844398414446*^-6, 0.00026297911483121105}, 
   {0, 1.0083844394213232*^-6, 0.9998357848679502, 1.0083844395843354*^-6}, 
   {-0.00003114174936231988, 0.0002629791148309626, 1.0083844397428629*^-6, 
    -4.0795699758025984*^-7}}, 
  {{-0.5248104601245264, -0.00003114174936190488, 0.000031141749361760915, 
    0}, {-0.000031141749361825195, -4.0795699809579797*^-7, 
    0.00026297911483065143, 1.008384439681025*^-6}, 
   {0.00003114174936196219, 0.0002629791148302497, -4.0795699840501243*^-7, 
    1.0083844398539339*^-6}, {0, 1.0083844397003712*^-6, 
    1.008384439496101*^-6, 0.99983578486795}}}, 
 {{{0, 0.00816604507258241, 0.008166045072582466, 0.008166045072582392}, 
   {-0.00816604507258241, 0, -0.007528236975155688, 0.007528236975155763}, 
   {-0.008166045072582466, 0.007528236975155688, 0, -0.007528236975155615}, 
   {-0.008166045072582392, -0.007528236975155763, 0.007528236975155615, 0}}, 
  {{0, 0.008166045072582446, 0.008166045072582392, 0.008166045072582308}, 
   {-0.008166045072582446, 0, -0.007528236975155238, 0.007528236975155996}, 
   {-0.008166045072582392, 0.007528236975155238, 0, -0.007528236975155769}, 
   {-0.008166045072582308, -0.007528236975155996, 0.007528236975155769, 0}}}, 
 {0, 0}, {{-1.5729584872966684, -1.5715440868004067}, 
  {-6.298430496155494, -1.5749119734802393, -1.5743032745975079}, 
  {-1.5743176519914184, -1.5729032514951566}, {{2, 0.001467021700494806}, 
   {3, 0.0003189649208710779}, {4, 0.00007039457265009956}}, 
  {{2, 0.0007060912213501513}, {3, 0.0006499950075153284}, 
   {4, 0.0006378080974267245}}, {1.8203700793985468*^-13, 
   0.9990151136182892}}}
