{4, 28, {{{-0.5246443614673978, 0, -0.00012485738497257498, 
    0.00012485738497286947}, {0, 0.9993529078230778, 3.4378757591491663*^-6, 
    3.437875759350103*^-6}, {-0.00012485738497276555, 3.4378757594962567*^-6, 
    0.0000195749408362061, 0.0007729418057953185}, 
   {0.0001248573849723765, 3.4378757591229714*^-6, 0.0007729418057949171, 
    0.00001957494083648214}}, {{-0.5246443614673978, 0.00012485738497267654, 
    0, -0.0001248573849728614}, {0.0001248573849726621, 
    0.00001957494083601485, 3.4378757595294816*^-6, 0.0007729418057951139}, 
   {0, 3.4378757591844944*^-6, 0.999352907823079, 3.4378757595008*^-6}, 
   {-0.00012485738497238264, 0.00077294180579529, 3.437875759056559*^-6, 
    0.0000195749408358494}}, {{-0.5246443614673958, -0.00012485738497263052, 
    0.0001248573849725482, 0}, {-0.0001248573849726078, 
    0.000019574940836106572, 0.0007729418057951492, 3.437875759250154*^-6}, 
   {0.00012485738497269587, 0.0007729418057953494, 0.000019574940835598298, 
    3.437875759126038*^-6}, {0, 3.4378757594460827*^-6, 
    3.4378757594824187*^-6, 0.999352907823079}}}, 
 {{{0, 0.016232957275887715, 0.016232957275887694, 0.016232957275887715}, 
   {-0.016232957275887715, 0, -0.014931418602352767, 0.014931418602352461}, 
   {-0.016232957275887694, 0.014931418602352767, 0, -0.014931418602352572}, 
   {-0.016232957275887715, -0.014931418602352461, 0.014931418602352572, 0}}, 
  {{0, 0.016232957275887673, 0.01623295727588766, 0.016232957275887767}, 
   {-0.016232957275887673, 0, -0.01493141860235249, 0.014931418602352526}, 
   {-0.01623295727588766, 0.01493141860235249, 0, -0.014931418602352673}, 
   {-0.016232957275887767, -0.014931418602352526, 0.014931418602352673, 0}}}, 
 {0, 0}, {{-1.568081869970253, -1.562458608618466}, 
  {-6.298560406637258, -1.5758300456045582, -1.573450157714071}, 
  {-1.5734796982109815, -1.5678564368591945}, {{2, 0.002940337610685271}, 
   {3, 0.0006435469742334249}}, {{2, 0.0014104581738938725}, 
   {3, 0.0013015386735351223}}, {1.1081700958797497*^-11, 
   0.9961237224462662}}}
