{3, 32, {{{-0.5246499512133135, 0, -0.0001297918677023879, 
    0.00012979186770235908}, {0, 0.9993098800837679, 0.000021703380484625352, 
    0.00002170338048457751}, {-0.000129791867702339, 0.00002170338048443719, 
    -1.8278767731244074*^-6, 0.0003173696104268778}, 
   {0.00012979186770238236, 0.00002170338048450743, 0.00031736961042706465, 
    -1.8278767730580542*^-6}}, {{-0.5246499512133135, 0.00012979186770236792, 
    0, -0.00012979186770235791}, {0.0001297918677023366, 
    -1.8278767730268292*^-6, 0.00002170338048444635, 0.00031736961042687535}, 
   {0, 0.000021703380484626572, 0.9993098800837679, 0.00002170338048458595}, 
   {-0.00012979186770238664, 0.00031736961042709566, 0.00002170338048451359, 
    -1.8278767731083612*^-6}}, {{-0.524649951213314, -0.0001297918677023417, 
    0.00012979186770233048, 0}, {-0.00012979186770228955, 
    -1.8278767732722925*^-6, 0.0003173696104269762, 0.000021703380484528933}, 
   {0.00012979186770226917, 0.00031736961042681507, -1.8278767732193835*^-6, 
    0.00002170338048451704}, {0, 0.000021703380484576238, 
    0.000021703380484582187, 0.9993098800837681}}}, 
 {{{0., 0.007927965140209988, 0.007927965140209992, 0.007927965140210012}, 
   {-0.007927965140209988, 0., -0.007896044976416716, 0.007896044976416633}, 
   {-0.007927965140209992, 0.007896044976416716, 0., -0.007896044976416612}, 
   {-0.007927965140210012, -0.007896044976416633, 0.007896044976416612, 0.}}, 
  {{0., 0.007927965140210009, 0.007927965140209995, 0.00792796514021002}, 
   {-0.007927965140210009, 0., -0.007896044976416761, 0.007896044976416668}, 
   {-0.007927965140209995, 0.007896044976416761, 0., -0.007896044976416676}, 
   {-0.00792796514021002, -0.007896044976416668, 0.007896044976416676, 0.}}}, 
 {0, 0}, {{-1.5716790335502395, -1.570305869707889}, 
  {-6.298442988671434, -1.5730521973925866, -1.5761692969431305}, 
  {-1.5730494330253135, -1.571676269182963}, {{2, 0.000010078175218936752}}, 
  {{2, 0.0020131372444757776}}, {2.4235817897178334*^-13, 
   0.9958664179148848}}}
{7, 32, {{{-0.5246517292581366, 0, -0.0001292625826168114, 
    0.0001292625826168085}, {0, 0.9993114350382528, 0.000022530797209317443, 
    0.000022530797209264534}, {-0.00012926258261676098, 
    0.000022530797209309745, -2.8152667632462373*^-6, 0.0003158158010413819}, 
   {0.00012926258261676605, 0.000022530797209116676, 0.0003158158010415997, 
    -2.8152667633073863*^-6}}, {{-0.5246517292581365, 0.00012926258261680704, 
    0, -0.00012926258261680836}, {0.00012926258261677118, 
    -2.8152667632284564*^-6, 0.000022530797209305768, 0.0003158158010415685}, 
   {0, 0.000022530797209319883, 0.9993114350382525, 0.00002253079720908644}, 
   {-0.00012926258261676982, 0.0003158158010414252, 0.00002253079720929504, 
    -2.81526676312871*^-6}}, {{-0.524651729258137, -0.00012926258261676733, 
    0.00012926258261677231, 0}, {-0.00012926258261670715, 
    -2.815266763534635*^-6, 0.00031581580104142427, 0.000022530797209117442}, 
   {0.0001292625826167115, 0.0003158158010418242, -2.815266763572799*^-6, 
    0.000022530797209300198}, {0, 0.00002253079720928596, 
    0.000022530797209087528, 0.999311435038253}}}, 
 {{{0., 0.007895950516686857, 0.007895950516686841, 0.007895950516686852}, 
   {-0.007895950516686857, 0., -0.007895952015571642, 0.007895952015571535}, 
   {-0.007895950516686841, 0.007895952015571642, 0., -0.007895952015571502}, 
   {-0.007895950516686852, -0.007895952015571535, 0.007895952015571502, 0.}}, 
  {{0., 0.007895950516686845, 0.007895950516686834, 0.007895950516686859}, 
   {-0.007895950516686845, 0., -0.007895952015571611, 0.007895952015571556}, 
   {-0.007895950516686834, 0.007895952015571611, 0., -0.007895952015571615}, 
   {-0.007895950516686859, -0.007895952015571556, 0.007895952015571615, 
    0.}}}, {0, 0}, {{-1.5716908367375395, -1.5703232179906443}, 
  {-6.298452459307838, -1.5730584554844345, -1.5761677741694846}, 
  {-1.573058455614242, -1.5716908368673468}, {{2, 0.0037778895137528263}, 
   {3, 0.0014805334096777752}, {4, 0.0005803644109928785}, 
   {5, 0.0002275268274790944}, {6, 0.00008920403507167371}}, 
  {{2, 0.08840844177390852}, {3, 0.03003271833432953}, 
   {4, 0.010204666290678586}, {5, 0.002832338286403035}, 
   {6, 9.491477470325519*^-8}}, {2.423410596483006*^-13, 0.9958757155292141}}}
