{3, 40, {{{-0.000014740504910371935, 0, -4.134272978091427*^-6, 
    4.134272978090357*^-6}, {0, 0.000020633636964425476, 
    1.1877069541661941*^-6, 1.1877069541681707*^-6}, 
   {-4.134272978091152*^-6, 1.1877069541629678*^-6, -2.946566022653792*^-6, 
    0.000012365090994421812}, {4.1342729780915155*^-6, 
    1.1877069541683767*^-6, 0.00001236509099442586, 
    -2.9465660226563096*^-6}}, {{-0.000014740504910372577, 
    4.134272978088504*^-6, 0, -4.1342729780898266*^-6}, 
   {4.134272978093024*^-6, -2.9465660226547896*^-6, 1.1877069541710129*^-6, 
    0.000012365090994420218}, {0, 1.1877069541658631*^-6, 
    0.00002063363696441853, 1.1877069541709494*^-6}, 
   {-4.134272978086729*^-6, 0.000012365090994423914, 1.1877069541663337*^-6, 
    -2.9465660226527385*^-6}}, {{-0.000014740504910377578, 
    -4.134272978090546*^-6, 4.134272978094385*^-6, 0}, 
   {-4.134272978093025*^-6, -2.94656602265916*^-6, 0.000012365090994423276, 
    1.187706954170676*^-6}, {4.1342729780899155*^-6, 0.000012365090994427565, 
    -2.9465660226546134*^-6, 1.1877069541695096*^-6}, 
   {0, 1.1877069541690467*^-6, 1.1877069541680205*^-6, 
    0.000020633636964430152}}}, 
 {{{0., 0.5773502689718487, 0.577350268971849, 0.5773502689718495}, 
   {-0.5773502689718487, 0., -0.5773502689569846, 0.5773502689569843}, 
   {-0.577350268971849, 0.5773502689569846, 0., -0.5773502689569839}, 
   {-0.5773502689718495, -0.5773502689569843, 0.5773502689569839, 0.}}, 
  {{0., 0.5773502689718486, 0.5773502689718483, 0.5773502689718499}, 
   {-0.5773502689718486, 0., -0.5773502689569853, 0.5773502689569836}, 
   {-0.5773502689718483, 0.5773502689569853, 0., -0.5773502689569838}, 
   {-0.5773502689718499, -0.5773502689569836, 0.5773502689569838, 0.}}}, 
 {0, 0}, {{-0.02000000052770607, 0.9599999991026377}, 
  {-5.95999999994575, -1.0000000001580498, -1.9799999998148252}, 
  {-1.0000000001454346, -0.020000000515090877}, {{2, 5.272430399546806*^-6}}, 
  {{2, 1.2873257684161514*^-11}}, {0.037037036947493274, 
   7.717110357144873*^-29}}}
