{3, 28, {{{-0.5248544704596764, 0, -4.866202270210073*^-6, 
    4.866202270233478*^-6}, {0, 0.999974347901882, -7.965223777318105*^-6, 
    -7.965223776473003*^-6}, {-4.866202270198031*^-6, -7.965223777092298*^-6, 
    9.846505176607998*^-6, 0.000020181947811003658}, 
   {4.866202270185479*^-6, -7.965223776092717*^-6, 0.000020181947812767398, 
    9.846505176690397*^-6}}, {{-0.5248544704596764, 4.8662022701533876*^-6, 
    0, -4.866202270203107*^-6}, {4.866202270206917*^-6, 
    9.846505176283604*^-6, -7.965223777087693*^-6, 0.000020181947811123398}, 
   {0, -7.965223777318865*^-6, 0.9999743479018819, -7.965223776873932*^-6}, 
   {-4.866202270177016*^-6, 0.000020181947812310728, -7.965223775780677*^-6, 
    9.84650517693586*^-6}}, {{-0.524854470459678, -4.866202270214362*^-6, 
    4.866202270251304*^-6, 0}, {-4.866202270267703*^-6, 
    9.846505177024331*^-6, 0.000020181947811751537, -7.96522377609556*^-6}, 
   {4.866202270231245*^-6, 0.000020181947812150283, 9.846505176575038*^-6, 
    -7.965223775779956*^-6}, {0, -7.965223776476315*^-6, 
    -7.965223776871127*^-6, 0.9999743479018807}}}, 
 {{{0., 0.0024475045182098523, 0.002447504518209863, 0.002447504518209875}, 
   {-0.0024475045182098523, 0., -0.0009625562989190783, 
    0.0009625562989190177}, {-0.002447504518209863, 0.0009625562989190783, 
    0., -0.0009625562989187723}, {-0.002447504518209875, 
    -0.0009625562989190177, 0.0009625562989187723, 0.}}, 
  {{0., 0.0024475045182098423, 0.002447504518209855, 0.002447504518209866}, 
   {-0.0024475045182098423, 0., -0.000962556298918322, 
    0.0009625562989186963}, {-0.002447504518209855, 0.000962556298918322, 0., 
    -0.0009625562989186957}, {-0.002447504518209866, -0.0009625562989186963, 
    0.0009625562989186957, 0.}}}, {0, 0}, 
 {{-1.574456207315463, -1.5743714232719161}, {-6.298502981608618, 
   -1.5745409913590083, -1.574710499445301}, {-1.5745152713013848, 
   -1.5744304872578379}, {{2, 0.00010446993550077086}}, 
  {{2, 0.30335964821368505}}, {7.953473568588496*^-19, 0.9998460972814037}}}
{3, 28, {{{-0.524854470461832, 0, -4.866202020658437*^-6, 
    4.8662020206657715*^-6}, {0, 0.999974347903751, -7.965222769265978*^-6, 
    -7.965222771646171*^-6}, {-4.866202020646321*^-6, -7.965222771528066*^-6, 
    9.846503977664275*^-6, 0.000020181945933379574}, 
   {4.866202020653639*^-6, -7.965222769126228*^-6, 0.000020181945933020788, 
    9.846503977951372*^-6}}, {{-0.524854470461833, 4.866202020644922*^-6, 0, 
    -4.866202020650291*^-6}, {4.86620202060949*^-6, 9.846503977652132*^-6, 
    -7.965222771529196*^-6, 0.00002018194593192214}, 
   {0, -7.96522276927599*^-6, 0.9999743479037517, -7.965222770337229*^-6}, 
   {-4.866202020634673*^-6, 0.000020181945934272266, -7.965222770510046*^-6, 
    9.846503977700705*^-6}}, {{-0.5248544704618319, -4.866202020671986*^-6, 
    4.866202020662532*^-6, 0}, {-4.866202020637313*^-6, 
    9.846503977405802*^-6, 0.00002018194593563682, -7.965222769128857*^-6}, 
   {4.866202020650297*^-6, 0.00002018194593108997, 9.846503977117838*^-6, 
    -7.965222770501357*^-6}, {0, -7.96522277166628*^-6, 
    -7.965222770342005*^-6, 0.9999743479037508}}}, 
 {{{0., 0.002447504392807261, 0.0024475043928072282, 0.0024475043928072785}, 
   {-0.002447504392807261, 0., -0.0009625562989051063, 
    0.0009625562989045188}, {-0.0024475043928072282, 0.0009625562989051063, 
    0., -0.0009625562989046218}, {-0.0024475043928072785, 
    -0.0009625562989045188, 0.0009625562989046218, 0.}}, 
  {{0., 0.0024475043928072543, 0.0024475043928072833, 0.002447504392807275}, 
   {-0.0024475043928072543, 0., -0.0009625562989055889, 
    0.0009625562989045511}, {-0.0024475043928072833, 0.0009625562989055889, 
    0., -0.0009625562989045186}, {-0.002447504392807275, 
    -0.0009625562989045511, 0.0009625562989045186, 0.}}}, {0, 0}, 
 {{-1.5744562073273747, -1.5743714232881725}, {-6.2985029816200955, 
   -1.5745409913665767, -1.574710499443471}, {-1.5745152713111241, 
   -1.574430487271922}, {{2, 0.00010446954564142033}}, 
  {{2, 0.30335963814128747}}, {7.953473567897086*^-19, 0.9998460972926202}}}
