{3, 20, {{{0, 0, 0, 0}, {0, 0, 0, 0}, {0, 0, 0, 0}, {0, 0, 0, 0}}, 
  {{0, 0, 0, 0}, {0, 0, 0, 0}, {0, 0, 0, 0}, {0, 0, 0, 0}}, 
  {{0, 0, 0, 0}, {0, 0, 0, 0}, {0, 0, 0, 0}, {0, 0, 0, 0}}}, 
 {{{0., 0.5773502691896093, 0.5773502691896093, 0.5773502691896586}, 
   {-0.5773502691896093, 0., -0.5773502691895946, 0.5773502691896415}, 
   {-0.5773502691896093, 0.5773502691895946, 0., -0.5773502691896415}, 
   {-0.5773502691896586, -0.5773502691896415, 0.5773502691896415, 0.}}, 
  {{0., 0.5773502691895844, 0.5773502691895851, 0.5773502691897083}, 
   {-0.5773502691895844, 0., -0.5773502691895439, 0.577350269189667}, 
   {-0.5773502691895851, 0.5773502691895439, 0., -0.5773502691896666}, 
   {-0.5773502691897083, -0.577350269189667, 0.5773502691896666, 0.}}}, 
 {0, 0}, {{-0.9960000000000006, -0.9920000000000008}, 
  {-1.0019999999999956, -1.0000000000000004, 0.49900000000000266}, 
  {-1.0000000000000004, -0.9960000000000008}, {{2, 7.072120666862247*^-14}}, 
  {{2, 7.614279577220864*^-14}}, {0.03703703703703708, 0}}}
