{8, 20, {{{-0.5248724185912941, 0, -5.518855929563813*^-6, 
    5.518856154646268*^-6}, {0, 0.9999644546843465, 1.3887717952944638*^-6, 
    1.3887721495130985*^-6}, {-5.518856470041265*^-6, 1.3887717542488735*^-6, 
    -2.256215677343132*^-7, 0.00033536233748587363}, 
   {5.5188562449237435*^-6, 1.388771399140075*^-6, 0.0003353623374866795, 
    -2.2562157292981*^-7}}, {{-0.5248724185912936, 5.518855902957209*^-6, 0, 
    -5.518856244548765*^-6}, {5.518856496718178*^-6, -2.2562156663102906*^-7, 
    1.3887717951258297*^-6, 0.00033536233748696526}, 
   {0, 1.3887717544702608*^-6, 0.9999644546843451, 1.3887722640169274*^-6}, 
   {-5.518856155028906*^-6, 0.00033536233748475734, 1.3887712845121214*^-6, 
    -2.2562156981598136*^-7}}, {{-0.5248724185912946, -5.518856496631548*^-6, 
    5.518856470171777*^-6, 0}, {-5.518855902933719*^-6, 
    -2.2562157011955797*^-7, 0.00033536233748635914, 1.388772149748228*^-6}, 
   {5.5188559292960765*^-6, 0.00033536233749055955, -2.2562157081518208*^-7, 
    1.3887722651162174*^-6}, {0, 1.388771399109907*^-6, 
    1.3887712836428826*^-6, 0.9999644546843451}}}, 
 {{{0., 0.0035222813241137275, 0.00352228132411404, 0.0035222813241167694}, 
   {-0.0035222813241137275, 0., -0.003598149280843202, 0.003598149280837449}, 
   {-0.00352228132411404, 0.003598149280843202, 0., -0.0035981492808382504}, 
   {-0.0035222813241167694, -0.003598149280837449, 0.0035981492808382504, 
    0.}}, {{0., 0.0035222813241146942, 0.0035222813241138585, 
    0.003522281324115786}, {-0.0035222813241146942, 0., 
    -0.003598149280841718, 0.0035981492808382963}, 
   {-0.0035222813241138585, 0.003598149280841718, 0., -0.003598149280839357}, 
   {-0.003522281324115786, -0.0035981492808382963, 0.003598149280839357, 
    0.}}}, {0, 0}, {{-1.5745863033632452, -1.5745741018228223}, 
  {-0.7873249622180649, -0.39367843110351436, 0.00001594999448190082}, 
  {-1.5745986363108249, -1.574586434770402}, {{2, 1.8679633415025036*^-6}, 
   {3, 1.623629100805813*^-6}, {4, 1.4102122994903536*^-6}, 
   {5, 1.2255615610421225*^-6}, {6, 1.064930625382151*^-6}, 
   {7, 9.257739274257624*^-7}}, {{2, 0.00007475586605087264}, 
   {3, 0.0000750454442919454}, {4, 0.00007529608817155426}, 
   {5, 0.00007551414356097197}, {6, 0.00007570330456180801}, 
   {7, 0.0000758679567248996}}, {2.1700766048927305*^-15, 
   0.9997867470572173}}}
{8, 20, {{{-0.5248724185912941, 0, -5.518855929563813*^-6, 
    5.518856154646268*^-6}, {0, 0.9999644546843465, 1.3887717952944638*^-6, 
    1.3887721495130985*^-6}, {-5.518856470041265*^-6, 1.3887717542488735*^-6, 
    -2.256215677343132*^-7, 0.00033536233748587363}, 
   {5.5188562449237435*^-6, 1.388771399140075*^-6, 0.0003353623374866795, 
    -2.2562157292981*^-7}}, {{-0.5248724185912936, 5.518855902957209*^-6, 0, 
    -5.518856244548765*^-6}, {5.518856496718178*^-6, -2.2562156663102906*^-7, 
    1.3887717951258297*^-6, 0.00033536233748696526}, 
   {0, 1.3887717544702608*^-6, 0.9999644546843451, 1.3887722640169274*^-6}, 
   {-5.518856155028906*^-6, 0.00033536233748475734, 1.3887712845121214*^-6, 
    -2.2562156981598136*^-7}}, {{-0.5248724185912946, -5.518856496631548*^-6, 
    5.518856470171777*^-6, 0}, {-5.518855902933719*^-6, 
    -2.2562157011955797*^-7, 0.00033536233748635914, 1.388772149748228*^-6}, 
   {5.5188559292960765*^-6, 0.00033536233749055955, -2.2562157081518208*^-7, 
    1.3887722651162174*^-6}, {0, 1.388771399109907*^-6, 
    1.3887712836428826*^-6, 0.9999644546843451}}}, 
 {{{0., 0.0035222813241137275, 0.00352228132411404, 0.0035222813241167694}, 
   {-0.0035222813241137275, 0., -0.003598149280843202, 0.003598149280837449}, 
   {-0.00352228132411404, 0.003598149280843202, 0., -0.0035981492808382504}, 
   {-0.0035222813241167694, -0.003598149280837449, 0.0035981492808382504, 
    0.}}, {{0., 0.0035222813241146942, 0.0035222813241138585, 
    0.003522281324115786}, {-0.0035222813241146942, 0., 
    -0.003598149280841718, 0.0035981492808382963}, 
   {-0.0035222813241138585, 0.003598149280841718, 0., -0.003598149280839357}, 
   {-0.003522281324115786, -0.0035981492808382963, 0.003598149280839357, 
    0.}}}, {0, 0}, {{-1.5745863033632452, -1.5745741018228223}, 
  {-0.7873249622180649, -0.39367843110351436, 0.00001594999448190082}, 
  {-1.5745986363108249, -1.574586434770402}, {{2, 1.8679633415025036*^-6}, 
   {3, 1.623629100805813*^-6}, {4, 1.4102122994903536*^-6}, 
   {5, 1.2255615610421225*^-6}, {6, 1.064930625382151*^-6}, 
   {7, 9.257739274257624*^-7}}, {{2, 0.00007475586605087264}, 
   {3, 0.0000750454442919454}, {4, 0.00007529608817155426}, 
   {5, 0.00007551414356097197}, {6, 0.00007570330456180801}, 
   {7, 0.0000758679567248996}}, {2.1700766048927305*^-15, 
   0.9997867470572173}}}
