{9, 28, {{{-0.5227961336552027, 0, -0.0012245117789329283, 
    0.0012245117789329526}, {0, 0.9937463067366546, 0.00014339825564690825, 
    0.00014339825564685404}, {-0.001224511778932894, 0.00014339825564681956, 
    0.0000539242529441486, 0.0029542130120345355}, 
   {0.0012245117789329292, 0.00014339825564676383, 0.002954213012034623, 
    0.000053924252944284774}}, {{-0.5227961336552027, 0.0012245117789329272, 
    0, -0.0012245117789329509}, {0.0012245117789328845, 
    0.00005392425294415207, 0.00014339825564681674, 0.0029542130120345646}, 
   {0, 0.0001433982556469076, 0.9937463067366548, 0.0001433982556468072}, 
   {-0.0012245117789329144, 0.00295421301203454, 0.0001433982556467957, 
    0.00005392425294437064}}, {{-0.5227961336552029, -0.0012245117789328728, 
    0.0012245117789328628, 0}, {-0.0012245117789328242, 
    0.00005392425294415901, 0.0029542130120346344, 0.0001433982556467962}, 
   {0.0012245117789328238, 0.002954213012034608, 0.00005392425294412084, 
    0.00014339825564682818}, {0, 0.00014339825564681214, 
    0.00014339825564678747, 0.993746306736655}}}, 
 {{{0., 0.024353943947566625, 0.02435394394756662, 0.02435394394756666}, 
   {-0.024353943947566625, 0., -0.02359662122459094, 0.023596621224590872}, 
   {-0.02435394394756662, 0.02359662122459094, 0., -0.023596621224590875}, 
   {-0.02435394394756666, -0.023596621224590872, 0.023596621224590875, 0.}}, 
  {{0., 0.024353943947566625, 0.024353943947566632, 0.0243539439475667}, 
   {-0.024353943947566625, 0., -0.0235966212245909, 0.023596621224591025}, 
   {-0.024353943947566632, 0.0235966212245909, 0., -0.023596621224590997}, 
   {-0.0243539439475667, -0.023596621224591025, 0.023596621224590997, 0.}}}, 
 {0, 0}, {{-1.547704844261025, -1.535050163776461}, 
  {-6.298281703198418, -1.5603595247455848, -1.5887813268536242}, 
  {-1.560162766530498, -1.547508086045934}, {{2, 0.011669153554739516}, 
   {3, 0.004615684085066525}, {4, 0.001830607831167709}, 
   {5, 0.0007268837933986638}, {6, 0.00028876541072053036}, 
   {7, 0.00011473877790246084}, {8, 0.000045594156315185985}}, 
  {{2, 0.07224773755483177}, {3, 0.015495947762691137}, 
   {4, 0.0038867382933621066}, {5, 0.011163880304718684}, 
   {6, 0.013992577527651729}, {7, 0.015106939869216776}, 
   {8, 0.015548256262028923}}, {1.7262310636608808*^-10, 0.9630596020227091}}}
