{9, 28, {{{-0.5188822936431456, 0, -0.003707105277129502, 
    0.0037071052771294882}, {0, 0.9820230821328737, 0.00040546555290329415, 
    0.00040546555290326336}, {-0.003707105277129469, 0.0004054655529032447, 
    0.00022419853338121777, 0.008643636417097818}, 
   {0.00370710527712948, 0.0004054655529032135, 0.0086436364170978, 
    0.00022419853338124032}}, {{-0.5188822936431455, 0.003707105277129489, 0, 
    -0.0037071052771294848}, {0.0037071052771294553, 0.00022419853338123252, 
    0.00040546555290324254, 0.008643636417097804}, 
   {0, 0.00040546555290329436, 0.9820230821328739, 0.0004054655529032583}, 
   {-0.0037071052771294657, 0.008643636417097743, 0.00040546555290323576, 
    0.00022419853338129236}}, {{-0.5188822936431456, -0.003707105277129431, 
    0.0037071052771294436, 0}, {-0.0037071052771294128, 
    0.00022419853338120563, 0.008643636417097842, 0.0004054655529032525}, 
   {0.0037071052771294162, 0.008643636417097854, 0.00022419853338118134, 
    0.00040546555290325474}, {0, 0.00040546555290325555, 
    0.0004054655529032326, 0.9820230821328738}}}, 
 {{{0., 0.041412796891356234, 0.041412796891356254, 0.04141279689135629}, 
   {-0.041412796891356234, 0., -0.040017454753445744, 0.040017454753445564}, 
   {-0.041412796891356254, 0.040017454753445744, 0., -0.04001745475344558}, 
   {-0.04141279689135629, -0.040017454753445564, 0.04001745475344558, 0.}}, 
  {{0., 0.04141279689135622, 0.04141279689135624, 0.04141279689135636}, 
   {-0.04141279689135622, 0., -0.04001745475344559, 0.040017454753445814}, 
   {-0.04141279689135624, 0.04001745475344559, 0., -0.0400174547534458}, 
   {-0.04141279689135636, -0.040017454753445814, 0.0400174547534458, 0.}}}, 
 {0, 0}, {{-1.497943692892264, -1.462079158742585}, 
  {-6.296530637688877, -1.5338082270419444, -1.6144570918024943}, 
  {-1.533204026172743, -1.497339492023064}, {{2, 0.02001029650348446}, 
   {3, 0.00808336047663033}, {4, 0.003294395859935531}, 
   {5, 0.0013480104695390155}, {6, 0.0005525204443906223}, 
   {7, 0.00022662637293116572}, {8, 0.0000929820795072811}}, 
  {{2, 0.0717014578199133}, {3, 0.015026517035908545}, 
   {4, 0.004583525856621945}, {5, 0.012115689602677839}, 
   {6, 0.015125619536192045}, {7, 0.01634752687210201}, 
   {8, 0.01684675079506429}}, {4.106735906593428*^-9, 0.8968713999262373}}}
