{7, 28, {{{-0.5246497165670684, 0, -0.00012968980110451123, 
    0.00012968980110452711}, {0, 0.9993171002540248, 0.000016399916813458786, 
    0.000016399916813259307}, {-0.00012968980110448288, 
    0.00001639991681345895, 3.929040046746907*^-6, 0.0003188991922631444}, 
   {0.00012968980110449106, 0.00001639991681326481, 0.0003188991922630867, 
    3.9290400466194045*^-6}}, {{-0.5246497165670684, 0.00012968980110450996, 
    0, -0.00012968980110452614}, {0.00012968980110448486, 
    3.929040046654966*^-6, 0.00001639991681346473, 0.0003188991922631743}, 
   {0, 0.000016399916813462852, 0.9993171002540246, 0.000016399916813239618}, 
   {-0.00012968980110449643, 0.00031889919226307464, 0.000016399916813280554, 
    3.9290400467850706*^-6}}, {{-0.5246497165670687, -0.00012968980110448472, 
    0.00012968980110448228, 0}, {-0.00012968980110445095, 
    3.9290400465786385*^-6, 0.0003188991922634004, 0.000016399916813278775}, 
   {0.0001296898011044374, 0.0003188991922632709, 3.929040046368737*^-6, 
    0.0000163999168132972}, {0, 0.000016399916813249732, 
    0.000016399916813242915, 0.9993171002540253}}}, 
 {{{0., 0.008019650222187317, 0.008019650222187313, 0.008019650222187334}, 
   {-0.008019650222187317, 0., -0.007803454236297296, 0.007803454236297065}, 
   {-0.008019650222187313, 0.007803454236297296, 0., -0.007803454236297073}, 
   {-0.008019650222187334, -0.007803454236297065, 0.007803454236297073, 0.}}, 
  {{0., 0.008019650222187312, 0.008019650222187306, 0.008019650222187345}, 
   {-0.008019650222187312, 0., -0.007803454236297206, 0.007803454236297124}, 
   {-0.008019650222187306, 0.007803454236297206, 0., -0.007803454236297137}, 
   {-0.008019650222187345, -0.007803454236297124, 0.007803454236297137, 
    0.}}}, {0, 0}, {{-1.5716782004313787, -1.570289156267005}, 
  {-6.298512014100366, -1.5730672445957556, -1.5761887624544273}, 
  {-1.573048521474157, -1.5716594773097832}, {{2, 0.0038368877698481407}, 
   {3, 0.0015035681336398338}, {4, 0.0005893650067101686}, 
   {5, 0.00023104491316632003}, {6, 0.00009057934113585256}}, 
  {{2, 0.07252585130203476}, {3, 0.015735894933375984}, 
   {4, 0.00355271797959283}, {5, 0.01072417941002734}, 
   {6, 0.013479140604663717}}, {2.2579864252669535*^-13, 0.9959095904389226}}}
