{10, 28, {{{-0.5123384944786346, 0, -0.008186548698290497, 
    0.008186548698290493}, {0, 0.9625816502510476, 0.0008052525457486292, 
    0.0008052525457486813}, {-0.008186548698290459, 0.0008052525457485334, 
    0.0007081245457471177, 0.018406888142434595}, 
   {0.008186548698290486, 0.0008052525457485538, 0.018406888142434616, 
    0.0007081245457471047}}, {{-0.5123384944786346, 0.008186548698290514, 0, 
    -0.008186548698290504}, {0.008186548698290472, 0.0007081245457471325, 
    0.0008052525457485356, 0.018406888142434633}, 
   {0, 0.0008052525457486431, 0.9625816502510477, 0.0008052525457486486}, 
   {-0.008186548698290495, 0.018406888142434595, 0.0008052525457485926, 
    0.0007081245457470908}}, {{-0.5123384944786344, -0.008186548698290445, 
    0.00818654869829045, 0}, {-0.00818654869829043, 0.0007081245457470466, 
    0.018406888142434595, 0.0008052525457486323}, 
   {0.00818654869829043, 0.01840688814243466, 0.0007081245457470631, 
    0.0008052525457486572}, {0, 0.0008052525457485416, 0.0008052525457485617, 
    0.9625816502510476}}}, 
 {{{0., 0.06006996167230105, 0.06006996167230103, 0.06006996167230108}, 
   {-0.06006996167230105, 0., -0.057758563203454044, 0.05775856320345379}, 
   {-0.06006996167230103, 0.057758563203454044, 0., -0.05775856320345379}, 
   {-0.06006996167230108, -0.05775856320345379, 0.05775856320345379, 0.}}, 
  {{0., 0.06006996167230104, 0.06006996167230104, 0.06006996167230117}, 
   {-0.06006996167230104, 0., -0.057758563203453864, 0.0577585632034541}, 
   {-0.06006996167230104, 0.057758563203453864, 0., -0.0577585632034541}, 
   {-0.06006996167230117, -0.0577585632034541, 0.0577585632034541, 0.}}}, 
 {0, 0}, {{-1.41749714345548, -1.3446661855178823}, 
  {-6.289581158067836, -1.4903281013930791, -1.654462477640839}, 
  {-1.4889268905384754, -1.4160959326008777}, {{2, 0.02930124211249438}, 
   {3, 0.012277494784062704}, {4, 0.005256057518521165}, 
   {5, 0.002272914636334833}, {6, 0.0009873462793862364}, 
   {7, 0.00042975581351076264}, {8, 0.0001872204892516688}, 
   {9, 0.00008159258952070148}}, {{2, 0.07098312465463966}, 
   {3, 0.014483932741632226}, {4, 0.005525138399186673}, 
   {5, 0.013532262483068103}, {6, 0.016897848680909582}, 
   {7, 0.018342110483089005}, {8, 0.018967429561038578}, 
   {9, 0.019239220439797068}}, {3.712772061459604*^-8, 0.7954730499293301}}}
