{10, 28, {{{-0.5128682080159608, 0, -0.008099324008275847, 
    0.008099324008275826}, {0, 0.9622225864890508, 0.0012761206084227874, 
    0.0012761206084227457}, {-0.008099324008275817, 0.0012761206084226447, 
    0.00020154200306674638, 0.018203717274423794}, 
   {0.008099324008275822, 0.0012761206084226798, 0.018203717274423756, 
    0.0002015420030667481}}, {{-0.5128682080159608, 0.00809932400827584, 0, 
    -0.00809932400827582}, {0.008099324008275798, 0.00020154200306675505, 
    0.0012761206084226434, 0.01820371727442377}, {0, 0.0012761206084228047, 
    0.9622225864890508, 0.001276120608422754}, {-0.008099324008275802, 
    0.01820371727442375, 0.001276120608422656, 0.00020154200306671255}}, 
  {{-0.5128682080159607, -0.008099324008275779, 0.00809932400827579, 0}, 
   {-0.008099324008275765, 0.000201542003066677, 0.018203717274423825, 
    0.0012761206084227483}, {0.008099324008275777, 0.018203717274423818, 
    0.00020154200306665704, 0.0012761206084227297}, 
   {0, 0.0012761206084226612, 0.0012761206084226692, 0.9622225864890507}}}, 
 {{{0., 0.058793051884222736, 0.05879305188422273, 0.05879305188422279}, 
   {-0.058793051884222736, 0., -0.05866556709485224, 0.05866556709485192}, 
   {-0.05879305188422273, 0.05866556709485224, 0., -0.05866556709485192}, 
   {-0.05879305188422279, -0.05866556709485192, 0.05866556709485192, 0.}}, 
  {{0., 0.05879305188422271, 0.0587930518842227, 0.058793051884222854}, 
   {-0.05879305188422271, 0., -0.05866556709485203, 0.05866556709485225}, 
   {-0.0587930518842227, 0.05866556709485203, 0., -0.05866556709485224}, 
   {-0.058793051884222854, -0.05866556709485225, 0.05866556709485224, 0.}}}, 
 {0, 0}, {{-1.4195672026880939, -1.3482844155912397}, 
  {-6.289653851217621, -1.4908499897849494, -1.6539769358238612}, 
  {-1.490772706238615, -1.4194899191417607}, {{2, 0.028724548020979693}, 
   {3, 0.012038520189099886}, {4, 0.005151746412946218}, 
   {5, 0.002226299713738625}, {6, 0.0009663157400050526}, 
   {7, 0.0004202372487593087}, {8, 0.00018291012720332567}, 
   {9, 0.00007964187183633065}}, {{2, 0.09337354001983775}, 
   {3, 0.034230422069776306}, {4, 0.013272209666423673}, 
   {5, 0.004886505339474489}, {6, 0.001363712687673043}, 
   {7, 0.000146892965533639}, {8, 0.0008003922603681703}, 
   {9, 0.001084182444055635}}, {4.0766144448466705*^-8, 0.7936943375448685}}}
