{9, 28, {{{-0.5228898370328117, 0, -0.0012156807895153262, 
    0.0012156807895153145}, {0, 0.9936727241640825, 0.0002262885615039933, 
    0.00022628856150393986}, {-0.0012156807895152893, 0.0002262885615039328, 
    -0.000037080603527904835, 0.0029130682784522864}, 
   {0.001215680789515327, 0.00022628856150392642, 0.0029130682784522955, 
    -0.000037080603527661106}}, {{-0.5228898370328118, 0.0012156807895153223, 
    0, -0.0012156807895153153}, {0.0012156807895152984, 
    -0.000037080603527831976, 0.00022628856150393563, 0.00291306827845227}, 
   {0, 0.00022628856150400274, 0.9936727241640826, 0.00022628856150396645}, 
   {-0.0012156807895153283, 0.0029130682784523376, 0.0002262885615039062, 
    -0.0000370806035277782}}, {{-0.5228898370328119, -0.0012156807895152989, 
    0.0012156807895152945, 0}, {-0.0012156807895152468, 
    -0.000037080603527911773, 0.0029130682784523345, 0.0002262885615039544}, 
   {0.001215680789515231, 0.0029130682784522057, -0.0000370806035277782, 
    0.00022628856150392888}, {0, 0.00022628856150390788, 
    0.0002262885615039495, 0.9936727241640829}}}, 
 {{{0., 0.023799193172258478, 0.02379919317225848, 0.02379919317225852}, 
   {-0.023799193172258478, 0., -0.02400532560297497, 0.02400532560297487}, 
   {-0.02379919317225848, 0.02400532560297497, 0., -0.024005325602974876}, 
   {-0.02379919317225852, -0.02400532560297487, 0.024005325602974876, 0.}}, 
  {{0., 0.023799193172258485, 0.023799193172258492, 0.02379919317225855}, 
   {-0.023799193172258485, 0., -0.024005325602974872, 0.024005325602975018}, 
   {-0.023799193172258492, 0.024005325602974872, 0., -0.02400532560297501}, 
   {-0.02379919317225855, -0.024005325602975018, 0.02400532560297501, 0.}}}, 
 {0, 0}, {{-1.548076887667224, -1.5357104641411736}, 
  {-6.298282969268153, -1.5604433111932736, -1.588698173440803}, 
  {-1.5604968659697367, -1.5481304424436864}, {{2, 0.011406844636773827}, 
   {3, 0.00451201107493622}, {4, 0.0017893235974721644}, 
   {5, 0.0007103898734060823}, {6, 0.00028216708099566834}, 
   {7, 0.00011209783668326978}, {8, 0.000044536963472653623}}, 
  {{2, 0.09585530841456669}, {3, 0.03669277824988966}, 
   {4, 0.01648604293636801}, {5, 0.00890012397068034}, 
   {6, 0.005951797174426033}, {7, 0.004790490288733382}, 
   {8, 0.004330660061129988}}, {1.9135755183384189*^-10, 0.9626318190812889}}}
