{7, 28, {{{-0.524660010275198, 0, -0.00012890854418061843, 
    0.00012890854418062342}, {0, 0.9993087347474292, 0.00002553278663928481, 
    0.00002553278663931914}, {-0.00012890854418058303, 
    0.00002553278663950149, -6.1214929235487575*^-6, 0.00031427421651528847}, 
   {0.00012890854418059979, 0.00002553278663922457, 0.0003142742165151748, 
    -6.1214929236086055*^-6}}, {{-0.5246600102751982, 0.00012890854418059426, 
    0, -0.00012890854418061797}, {0.00012890854418057946, 
    -6.121492923756924*^-6, 0.00002553278663949755, 0.0003142742165153144}, 
   {0, 0.00002553278663928492, 0.9993087347474298, 0.000025532786639302866}, 
   {-0.0001289085441805998, 0.00031427421651518525, 0.000025532786639235, 
    -6.121492923616412*^-6}}, {{-0.5246600102751985, -0.00012890854418057395, 
    0.00012890854418059604, 0}, {-0.0001289085441805381, 
    -6.121492923758659*^-6, 0.0003142742165154502, 0.00002553278663923556}, 
   {0.00012890854418053842, 0.0003142742165154927, -6.121492924032745*^-6, 
    0.00002553278663924554}, {0, 0.000025532786639326566, 
    0.000025532786639311255, 0.9993087347474301}}}, 
 {{{0., 0.007834719362469844, 0.007834719362469841, 0.007834719362469827}, 
   {-0.007834719362469844, 0., -0.007940817324594764, 0.007940817324594502}, 
   {-0.007834719362469841, 0.007940817324594764, 0., -0.007940817324594483}, 
   {-0.007834719362469827, -0.007940817324594502, 0.007940817324594483, 0.}}, 
  {{0., 0.007834719362469815, 0.007834719362469827, 0.007834719362469843}, 
   {-0.007834719362469815, 0., -0.007940817324594687, 0.007940817324594538}, 
   {-0.007834719362469827, 0.007940817324594687, 0., -0.007940817324594514}, 
   {-0.007834719362469843, -0.007940817324594538, 0.007940817324594514, 
    0.}}}, {0, 0}, {{-1.5717191284046272, -1.570362115204743}, 
  {-6.298511635806901, -1.5730761416045116, -1.5761796762989388}, 
  {-1.5730853299575605, -1.571728316757676}, {{2, 0.0037485384274615584}, 
   {3, 0.001468949325268032}, {4, 0.0005757892935702898}, 
   {5, 0.00022571940192304268}, {6, 0.00008848994859838796}}, 
  {{2, 0.09636909642517547}, {3, 0.037206547557680617}, 
   {4, 0.017112033322143047}, {5, 0.009641009495617414}, 
   {6, 0.006771012286220656}}, {2.5072130069269415*^-13, 0.995859569596354}}}
