{9, 28, {{{-0.5191458954229244, 0, -0.003673394145908261, 
    0.003673394145908249}, {0, 0.9818263386634289, 0.000638896121512286, 
    0.0006388961215122117}, {-0.003673394145908237, 0.0006388961215121676, 
    -0.00003038873824942525, 0.008534116025504194}, 
   {0.0036733941459082503, 0.0006388961215121947, 0.008534116025504163, 
    -0.000030388738249383616}}, {{-0.5191458954229244, 0.003673394145908262, 
    0, -0.0036733941459082507}, {0.003673394145908234, 
    -0.000030388738249443464, 0.0006388961215121659, 0.008534116025504117}, 
   {0, 0.000638896121512293, 0.9818263386634288, 0.0006388961215122581}, 
   {-0.003673394145908248, 0.008534116025504208, 0.0006388961215121223, 
    -0.000030388738249453873}}, 
  {{-0.5191458954229246, -0.0036733941459082186, 0.0036733941459082234, 0}, 
   {-0.0036733941459081883, -0.000030388738249502445, 0.008534116025504333, 
    0.0006388961215122385}, {0.003673394145908183, 0.008534116025504175, 
    -0.000030388738249481628, 0.0006388961215121795}, 
   {0, 0.0006388961215121572, 0.0006388961215121831, 0.9818263386634289}}}, 
 {{{0., 0.04049343944406075, 0.04049343944406075, 0.04049343944406079}, 
   {-0.04049343944406075, 0., -0.04068631068149867, 0.040686310681498486}, 
   {-0.04049343944406075, 0.04068631068149867, 0., -0.04068631068149847}, 
   {-0.04049343944406079, -0.040686310681498486, 0.04068631068149847, 0.}}, 
  {{0., 0.040493439444060746, 0.040493439444060746, 0.04049343944406085}, 
   {-0.040493439444060746, 0., -0.040686310681498514, 0.040686310681498715}, 
   {-0.040493439444060746, 0.040686310681498514, 0., -0.04068631068149872}, 
   {-0.04049343944406085, -0.040686310681498715, 0.04068631068149872, 0.}}}, 
 {0, 0}, {{-1.4989841498745786, -1.4639158026294132}, 
  {-6.296545520139824, -1.5340524971197413, -1.6142202629501705}, 
  {-1.5341360128153823, -1.4990676655702169}, {{2, 0.01958253842473147}, 
   {3, 0.007911075926375494}, {4, 0.003223370323522351}, 
   {5, 0.0013184278729261728}, {6, 0.0005401489053870612}, 
   {7, 0.00022144527094877797}, {8, 0.00009081160276974698}}, 
  {{2, 0.09482936087352074}, {3, 0.03565872311582008}, 
   {4, 0.015181729783460234}, {5, 0.007318027724883394}, 
   {6, 0.0041767323153524445}, {7, 0.0029020516826431825}, 
   {8, 0.0023815121669803403}}, {4.536175684968577*^-9, 0.8957938372578866}}}
