{3, 32, {{{-0.5246481513848233, 0, -0.00012987035915082705, 
    0.00012987035915081952}, {0, 0.9993117833151215, 0.000019995963636814862, 
    0.00001999596363675427}, {-0.0001298703591507995, 
    0.000019995963636539082, 3.983527247126972*^-8, 0.00031806776049448645}, 
   {0.0001298703591508231, 0.000019995963636645144, 0.0003180677604945712, 
    3.983527237152312*^-8}}, {{-0.5246481513848231, 0.00012987035915082288, 
    0, -0.00012987035915082375}, {0.00012987035915078607, 
    3.9835272432672125*^-8, 0.000019995963636547823, 0.00031806776049448136}, 
   {0, 0.00001999596363682599, 0.9993117833151215, 0.000019995963636772538}, 
   {-0.00012987035915082047, 0.0003180677604945832, 0.00001999596363662445, 
    3.9835272469535*^-8}}, {{-0.5246481513848235, -0.0001298703591507854, 
    0.0001298703591507969, 0}, {-0.00012987035915072742, 
    3.9835272372390484*^-8, 0.0003180677604947325, 0.00001999596363665852}, 
   {0.00012987035915075788, 0.0003180677604945277, 3.9835272303001545*^-8, 
    0.000019995963636638557}, {0, 0.000019995963636745548, 
    0.000019995963636772266, 0.9993117833151219}}}, 
 {{{0., 0.007960236676133423, 0.007960236676133412, 0.007960236676133424}, 
   {-0.007960236676133423, 0., -0.007868558489388191, 0.007868558489387983}, 
   {-0.007960236676133412, 0.007868558489388191, 0., -0.007868558489387938}, 
   {-0.007960236676133424, -0.007868558489387983, 0.007868558489387938, 0.}}, 
  {{0., 0.007960236676133416, 0.007960236676133412, 0.007960236676133433}, 
   {-0.007960236676133416, 0., -0.007868558489388125, 0.007868558489388036}, 
   {-0.007960236676133412, 0.007868558489388125, 0., -0.007868558489387972}, 
   {-0.007960236676133433, -0.007868558489388036, 0.007868558489387972, 
    0.}}}, {0, 0}, {{-1.571672581987535, -1.5702938285512023}, 
  {-6.298444425706371, -1.573051335423869, -1.5761708774293166}, 
  {-1.5730433958599992, -1.5716646424236664}, {{2, 4.971641105647184*^-6}}, 
  {{2, 0.005758508853150745}}, {2.373400690953553*^-13, 0.9958777980078048}}}
{7, 32, {{{-0.5246496740302045, 0, -0.00012942059472188179, 
    0.00012942059472188387}, {0, 0.9993131148590768, 0.000020704552196089117, 
    0.000020704552195997244}, {-0.0001294205947218434, 
    0.000020704552195793062, -8.057433348441882*^-7, 0.00031673716498991045}, 
   {0.0001294205947218753, 0.000020704552195978027, 0.00031673716499009297, 
    -8.057433350354415*^-7}}, {{-0.5246496740302046, 0.00012942059472185113, 
    0, -0.000129420594721885}, {0.0001294205947218315, 
    -8.057433347743656*^-7, 0.000020704552195784605, 0.00031673716499000147}, 
   {0, 0.000020704552196081392, 0.999313114859077, 0.000020704552195920046}, 
   {-0.00012942059472187086, 0.00031673716499002553, 0.000020704552196035537, 
    -8.057433350250331*^-7}}, {{-0.5246496740302049, -0.00012942059472184186, 
    0.00012942059472183953, 0}, {-0.00012942059472180958, 
    -8.057433348845205*^-7, 0.0003167371649899177, 0.000020704552195980527}, 
   {0.00012942059472179532, 0.0003167371649899965, -8.057433349140108*^-7, 
    0.00002070455219604632}, {0, 0.000020704552195995835, 
    0.000020704552195929007, 0.9993131148590773}}}, 
 {{{0., 0.007932940134447394, 0.007932940134447394, 0.007932940134447411}, 
   {-0.007932940134447394, 0., -0.00786847918526101, 0.007868479185260735}, 
   {-0.007932940134447394, 0.00786847918526101, 0., -0.007868479185260794}, 
   {-0.007932940134447411, -0.007868479185260735, 0.007868479185260794, 0.}}, 
  {{0., 0.007932940134447381, 0.007932940134447394, 0.00793294013444742}, 
   {-0.007932940134447381, 0., -0.007868479185260987, 0.007868479185260775}, 
   {-0.007932940134447394, 0.007868479185260987, 0., -0.007868479185260863}, 
   {-0.00793294013444742, -0.007868479185260775, 0.007868479185260863, 0.}}}, 
 {0, 0}, {{-1.571682668975674, -1.5703086434390467}, 
  {-6.298452534828284, -1.5730566945122997, -1.5761695729018423}, 
  {-1.5730511120303456, -1.5716770864937184}, {{2, 0.0037955615499271206}, 
   {3, 0.001487458379472591}, {4, 0.0005830801605060075}, 
   {5, 0.00022859221876215738}, {6, 0.00008962204677989}}, 
  {{2, 0.08362446464082948}, {3, 0.025724832456786504}, 
   {4, 0.006058501733997931}, {5, 0.0012537096870073182}, 
   {6, 0.004062866232068722}}, {2.3732571710993936*^-13, 0.9958857598441505}}}
