{20, 32, {{{-0.5240369984750269, 0, -0.0003127279282374364, 
    0.0003127279282374598}, {0, 0.9985249522532645, -0.00020154400099502316, 
    -0.00020154400099481768}, {-0.0003127279282374147, 
    -0.00020154400099447195, 0.00027665591145146964, 0.0009153839959030844}, 
   {0.0003127279282374337, -0.00020154400099486327, 0.0009153839959029935, 
    0.00027665591145133}}, {{-0.5240369984750269, 0.0003127279282374147, 0, 
    -0.0003127279282374514}, {0.0003127279282374251, 0.0002766559114513742, 
    -0.00020154400099447214, 0.0009153839959031102}, 
   {0, -0.0002015440009950179, 0.9985249522532645, -0.00020154400099485826}, 
   {-0.00031272792823743044, 0.0009153839959029418, -0.00020154400099483313, 
    0.0002766559114513456}}, {{-0.5240369984750273, -0.0003127279282373885, 
    0.00031272792823739494, 0}, {-0.0003127279282373967, 
    0.0002766559114511192, 0.000915383995903076, -0.0002015440009948731}, 
   {0.000312727928237375, 0.0009153839959030578, 0.00027665591145101254, 
    -0.0002015440009948411}, {0, -0.00020154400099482294, 
    -0.000201544000994862, 0.9985249522532654}}}, 
 {{{0., 0.03082351897260071, 0.03082351897260073, 0.030823518972600897}, 
   {-0.03082351897260071, 0., -0.019381452981108722, 0.01938145298110893}, 
   {-0.03082351897260073, 0.019381452981108722, 0., -0.019381452981108927}, 
   {-0.030823518972600897, -0.01938145298110893, 0.019381452981108927, 0.}}, 
  {{0., 0.030823518972600703, 0.030823518972600737, 0.03082351897260093}, 
   {-0.030823518972600703, 0., -0.019381452981108514, 0.01938145298110913}, 
   {-0.030823518972600737, 0.019381452981108514, 0., -0.019381452981109014}, 
   {-0.03082351897260093, -0.01938145298110913, 0.019381452981109014, 0.}}}, 
 {0, 0}, {{-1.567303534516363, -1.5619647444235025}, 
  {-6.29846244960853, -1.5726423246092245, -1.5765889001950404}, 
  {-1.5716514126271828, -1.5663126225343222}, {{2, 0.005274344087689323}, 
   {3, 0.004133018599335316}, {4, 0.0032389922032757847}, 
   {5, 0.002538667038203296}, {6, 0.0019900091139914387}, 
   {7, 0.0015601037575583496}, {8, 0.001223192446643838}, 
   {9, 0.0009591188504077426}, {10, 0.0007521079963327959}, 
   {11, 0.0005898106921445219}, {12, 0.0004625567653211947}, 
   {13, 0.00036277176015426724}, {14, 0.00028452125936059836}, 
   {15, 0.00022315476707116672}, {16, 0.00017502726305743468}, 
   {17, 0.0001372813786893745}, {18, 0.00010767691741813898}, 
   {19, 0.00008445737499446909}}, {{2, 0.3052586554967199}, 
   {3, 0.09918494039803878}, {4, 0.0008066775265383781}, 
   {5, 0.0584854904666147}, {6, 0.0951163497310932}, 
   {7, 0.11982059531165008}, {8, 0.1371642230797367}, 
   {9, 0.14968678396657487}, {10, 0.15891286396562854}, 
   {11, 0.16581193632297683}, {12, 0.17102845496281383}, 
   {13, 0.17500594946636383}, {14, 0.178058137168179}, 
   {15, 0.18041177564884528}, {16, 0.182233605734824}, 
   {17, 0.18364791643884487}, {18, 0.18474835714132715}, 
   {19, 0.18560609516491017}}, {5.300514070603362*^-11, 0.9911822858912133}}}
