{5, 20, {{{-0.5246937242243768, 0, -0.00008777726693164981, 
    0.00008777726693138658}, {0, 0.9992429650966299, 0.00005917182445137517, 
    0.00005917182445145213}, {-0.00008777726693190695, 
    0.000059171824451467653, -0.000016135951883635737, 
    0.0010376408396170845}, {0.00008777726693202806, 0.000059171824451236725, 
    0.0010376408396170673, -0.000016135951884484884}}, 
  {{-0.5246937242243758, 0.00008777726693199013, 0, -0.0000877772669314003}, 
   {0.00008777726693165375, -0.00001613595188411582, 0.00005917182445148381, 
    0.0010376408396172887}, {0, 0.000059171824451402154, 0.9992429650966305, 
    0.000059171824451226906}, {-0.00008777726693203421, 
    0.0010376408396172722, 0.000059171824451471055, 
    -0.000016135951883877297}}, 
  {{-0.5246937242243767, -0.00008777726693174291, 0.0000877772669316427, 0}, 
   {-0.00008777726693162623, -0.00001613595188401651, 0.0010376408396171105, 
    0.00005917182445142871}, {0.00008777726693181668, 0.0010376408396172146, 
    -0.000016135951884682642, 0.00005917182445174946}, 
   {0, 0.000059171824451576026, 0.00005917182445131422, 
    0.9992429650966299}}}, 
 {{{0, 0.014702101902081967, 0.014702101902081939, 0.014702101902081878}, 
   {-0.014702101902081967, 0, -0.017194341424750136, 0.017194341424749834}, 
   {-0.014702101902081939, 0.017194341424750136, 0, -0.017194341424749744}, 
   {-0.014702101902081878, -0.017194341424749834, 0.017194341424749744, 0}}, 
  {{0, 0.014702101902081849, 0.014702101902081805, 0.01470210190208193}, 
   {-0.014702101902081849, 0, -0.01719434142475032, 0.017194341424749866}, 
   {-0.014702101902081805, 0.01719434142475032, 0, -0.017194341424749827}, 
   {-0.01470210190208193, -0.017194341424749866, 0.017194341424749827, 0}}}, 
 {0, 0}, {{-1.5684450361912037, -1.5633520786967119}, 
  {-6.298611198918049, -1.57594485456252, -1.5733607448965046}, 
  {-1.5739696622334851, -1.5688767047389933}, {{2, 0.002982097982769067}, 
   {3, 0.0006544099893407707}, {4, 0.0002804475306979906}}, 
  {{2, 0.002353316323255949}, {3, 0.002467457090513604}, 
   {4, 0.0024922395226680597}}, {2.584123568983005*^-11, 0.9954663784352175}}}
