{5, 20, {{{-0.5248360191337402, 0, -0.000021781778930968056, 
    0.000021781778930870786}, {0, 0.9998114685108727, 
    0.000014787358814186157, 0.000014787358815780042}, 
   {-0.000021781778930950255, 0.00001478735881621392, -4.057824057136783*^-6, 
    0.00025784865619681523}, {0.000021781778930832104, 
    0.000014787358815127893, 0.0002578486561976629, -4.057824058135984*^-6}}, 
  {{-0.5248360191337409, 0.000021781778931096568, 0, 
    -0.000021781778930855546}, {0.000021781778930846924, 
    -4.057824058388386*^-6, 0.000014787358816203593, 0.00025784865619802244}, 
   {0, 0.000014787358814146131, 0.9998114685108728, 0.000014787358815208043}, 
   {-0.000021781778930818914, 0.0002578486561968947, 0.000014787358815696438, 
    -4.057824057194029*^-6}}, 
  {{-0.5248360191337411, -0.000021781778930962706, 0.00002178177893088739, 
    0}, {-0.00002178177893084575, -4.057824056328402*^-6, 
    0.0002578486561960559, 0.000014787358815324518}, 
   {0.000021781778930843766, 0.00025784865619846923, -4.057824057768222*^-6, 
    0.000014787358815884898}, {0, 0.000014787358815970215, 
    0.000014787358815405693, 0.9998114685108745}}}, 
 {{{0, 0.00733964409159964, 0.007339644091599637, 0.007339644091599748}, 
   {-0.00733964409159964, 0, -0.008586696802018698, 0.008586696802018554}, 
   {-0.007339644091599637, 0.008586696802018698, 0, -0.008586696802018904}, 
   {-0.007339644091599748, -0.008586696802018554, 0.008586696802018904, 0}}, 
  {{0, 0.0073396440915996, 0.007339644091599588, 0.007339644091599757}, 
   {-0.0073396440915996, 0, -0.008586696802018758, 0.008586696802018755}, 
   {-0.007339644091599588, 0.008586696802018758, 0, -0.008586696802018925}, 
   {-0.007339644091599757, -0.008586696802018755, 0.008586696802018925, 0}}}, 
 {0, 0}, {{-1.5731015605310803, -1.5718302968834679}, 
  {-6.298602699047635, -1.5749723535985485, -1.5743289959252689}, 
  {-1.5744808221114008, -1.5732095584637884}, {{2, 0.0014883564212786297}, 
   {3, 0.0003238030321816611}, {4, 0.00007093826807089143}}, 
  {{2, 0.0011772037005039683}, {3, 0.0012346028278673326}, 
   {4, 0.0012470527104191038}}, {4.008268159920876*^-13, 0.9988693440930712}}}
