{5, 40, {{{-0.5248216853880607, 0, -0.00002179658954482658, 
    0.000021796589544902167}, {0, 0.9998114070610141, 
    0.000014781907891878968, 0.000014781907892761423}, 
   {-0.000021796589544646794, 0.000014781907893493908, 
    -4.047466462577627*^-6, 0.00025789031979294054}, 
   {0.000021796589544461486, 0.000014781907892567584, 0.0002578903197935618, 
    -4.047466462051789*^-6}}, {{-0.5248216853880613, 0.000021796589544901415, 
    0, -0.00002179658954492062}, {0.000021796589544709467, 
    -4.047466461424361*^-6, 0.000014781907893524821, 0.000257890319793148}, 
   {0, 0.000014781907891944204, 0.999811407061013, 0.00001478190789253741}, 
   {-0.000021796589544466386, 0.00025789031979323127, 
    0.000014781907892846233, -4.0474664610914025*^-6}}, 
  {{-0.5248216853880567, -0.00002179658954468139, 0.000021796589544735915, 
    0}, {-0.00002179658954464294, -4.047466461420349*^-6, 
    0.0002578903197918215, 0.00001478190789274039}, 
   {0.00002179658954453223, 0.0002578903197940408, -4.04746646098797*^-6, 
    0.000014781907892977863}, {0, 0.000014781907892941754, 
    0.000014781907892652857, 0.9998114070610171}}}, 
 {{{0, 0.0073410273923065405, 0.0073410273923066, 0.007341027392306711}, 
   {-0.0073410273923065405, 0, -0.008587143287444051, 0.008587143287442936}, 
   {-0.0073410273923066, 0.008587143287444051, 0, -0.008587143287443349}, 
   {-0.007341027392306711, -0.008587143287442936, 0.008587143287443349, 0}}, 
  {{0, 0.007341027392306644, 0.007341027392306643, 0.00734102739230666}, 
   {-0.007341027392306644, 0, -0.008587143287443717, 0.008587143287443328}, 
   {-0.007341027392306643, 0.008587143287443717, 0, -0.008587143287443387}, 
   {-0.00734102739230666, -0.008587143287443328, 0.008587143287443387, 0}}}, 
 {0, 0}, {{-1.5730582919791065, -1.571786788736785}, 
  {-6.298430587717349, -1.5749294386422803, -1.5742858552163943}, 
  {-1.5744377120235544, -1.5731662087812328}, {{2, 0.00148868824614597}, 
   {3, 0.00032389175128831604}, {4, 0.00007096408278678933}}, 
  {{2, 0.00117629127020641}, {3, 0.0012336693493407171}, 
   {4, 0.0012461158951368283}}, {4.009518838273347*^-13, 0.9988689757414023}}}
