{4, 28, {{{-0.5244547075532857, 0, -0.00020205301016236284, 
    0.00020205301016236541}, {0, 0.9983202040491882, 0.000130856290012682, 
    0.00013085629001279768}, {-0.00020205301016252723, 
    0.00013085629001320138, -0.00006107368307148135, 0.0017156172010461684}, 
   {0.00020205301016252344, 0.0001308562900129756, 0.001715617201045312, 
    -0.00006107368307065844}}, {{-0.5244547075532855, 0.00020205301016249072, 
    0, -0.00020205301016238956}, {0.00020205301016237986, 
    -0.00006107368307152103, 0.00013085629001321559, 0.0017156172010456977}, 
   {0, 0.00013085629001266592, 0.9983202040491873, 0.00013085629001294166}, 
   {-0.0002020530101625233, 0.001715617201045963, 0.00013085629001280391, 
    -0.00006107368307151366}}, 
  {{-0.5244547075532855, -0.00020205301016248955, 0.0002020530101623466, 0}, 
   {-0.0002020530101622808, -0.00006107368307138941, 0.0017156172010466511, 
    0.00013085629001304583}, {0.00020205301016248186, 0.0017156172010454767, 
    -0.00006107368307148309, 0.00013085629001284322}, 
   {0, 0.00013085629001279605, 0.00013085629001305892, 0.9983202040491863}}}, 
 {{{0, 0.021913768339432538, 0.02191376833943256, 0.021913768339432507}, 
   {-0.021913768339432538, 0, -0.02560932116507982, 0.025609321165079517}, 
   {-0.02191376833943256, 0.02560932116507982, 0, -0.025609321165079274}, 
   {-0.021913768339432507, -0.025609321165079517, 0.025609321165079274, 0}}, 
  {{0, 0.021913768339432583, 0.02191376833943255, 0.02191376833943254}, 
   {-0.021913768339432583, 0, -0.0256093211650794, 0.02560932116507962}, 
   {-0.02191376833943255, 0.0256093211650794, 0, -0.025609321165079465}, 
   {-0.02191376833943254, -0.02560932116507962, 0.025609321165079465, 0}}}, 
 {0, 0}, {{-1.5607751036612034, -1.5493883756164466}, 
  {-6.298632429468783, -1.5775050256438905, -1.5718111890905009}, 
  {-1.5731219644943721, -1.5617352364496153}, {{2, 0.004487330789363871}, 
   {3, 0.0009991812742161585}}, {{2, 0.0035258650132746904}, 
   {3, 0.003695552825646969}}, {2.8209046049250627*^-10, 0.9899634553329302}}}
