{4, 28, {{{-0.5248289661543744, 0, -0.000022096976034343588, 
    0.00002209697603415488}, {0, 0.9998145609241876, 0.000014529801137302635, 
    0.000014529801138583903}, {-0.000022096976033973614, 
    0.00001452980113820949, -6.818593763783815*^-6, 0.00018850376824786603}, 
   {0.000022096976034105842, 0.000014529801138149238, 0.00018850376824861045, 
    -6.818593763895488*^-6}}, {{-0.5248289661543744, 0.000022096976033994847, 
    0, -0.00002209697603415979}, {0.00002209697603428129, 
    -6.818593764164804*^-6, 0.000014529801138193953, 0.00018850376824853187}, 
   {0, 0.000014529801137311066, 0.9998145609241859, 0.00001452980113852315}, 
   {-0.000022096976034094384, 0.00018850376824834148, 
    0.000014529801138151123, -6.818593764466863*^-6}}, 
  {{-0.5248289661543727, -0.00002209697603397516, 0.00002209697603429864, 0}, 
   {-0.000022096976034171416, -6.8185937639030775*^-6, 
    0.00018850376824844418, 0.000014529801138274799}, 
   {0.000022096976033876035, 0.00018850376824833276, -6.8185937637521565*^-6, 
    0.000014529801138195526}, {0, 0.000014529801138648106, 
    0.000014529801138764011, 0.9998145609241865}}}, 
 {{{0, 0.007281890104991855, 0.007281890104991765, 0.007281890104991926}, 
   {-0.007281890104991855, 0, -0.008515986853597942, 0.008515986853597548}, 
   {-0.007281890104991765, 0.008515986853597942, 0, -0.008515986853597855}, 
   {-0.007281890104991926, -0.008515986853597548, 0.008515986853597855, 0}}, 
  {{0, 0.00728189010499179, 0.007281890104991848, 0.00728189010499196}, 
   {-0.00728189010499179, 0, -0.008515986853598117, 0.008515986853597578}, 
   {-0.007281890104991848, 0.008515986853598117, 0, -0.008515986853597774}, 
   {-0.00728189010499196, -0.008515986853597578, 0.008515986853597774, 0}}}, 
 {0, 0}, {{-1.573092744474595, -1.571831484110898}, 
  {-6.298520029596532, -1.574943748425743, -1.5743162663725232}, 
  {-1.574460880751795, -1.573199620388098}, {{2, 0.0014885367678019682}, 
   {3, 0.00032385115318174854}}, {{2, 0.0011767088719151306}, 
   {3, 0.0012340967486059453}}, {3.8142564911747284*^-13, 0.998887881232364}}}
