{3, 40, {{{-0.000016450295521378487, 0, -4.6123060806382596*^-6, 
    4.612306080640352*^-6}, {0, 0.00002319235278196688, 
    1.2412774547371457*^-6, 1.241277454738111*^-6}, 
   {-4.612306080639712*^-6, 1.2412774547386081*^-6, -3.3710286238856134*^-6, 
    0.000013967740600979706}, {4.6123060806394064*^-6, 
    1.2412774547367739*^-6, 0.00001396774060098127, 
    -3.3710286238896757*^-6}}, {{-0.00001645029552138787, 
    4.612306080639436*^-6, 0, -4.61230608063839*^-6}, 
   {4.6123060806382265*^-6, -3.3710286238865917*^-6, 1.2412774547379322*^-6, 
    0.000013967740600982319}, {0, 1.2412774547384995*^-6, 
    0.000023192352781969603, 1.2412774547391002*^-6}, 
   {-4.612306080636516*^-6, 0.000013967740600979232, 1.2412774547361606*^-6, 
    -3.371028623889885*^-6}}, {{-0.000016450295521385344, 
    -4.612306080641449*^-6, 4.612306080641776*^-6, 0}, 
   {-4.612306080641514*^-6, -3.3710286238864883*^-6, 0.000013967740600983342, 
    1.2412774547395972*^-6}, {4.612306080639392*^-6, 0.000013967740600982805, 
    -3.371028623887509*^-6, 1.2412774547369426*^-6}, 
   {0, 1.2412774547358377*^-6, 1.2412774547413165*^-6, 
    0.000023192352781969426}}}, 
 {{{0., 0.577350268918422, 0.577350268918422, 0.5773502689184227}, 
   {-0.577350268918422, 0., -0.577350268892424, 0.5773502688924232}, 
   {-0.577350268918422, 0.577350268892424, 0., -0.5773502688924232}, 
   {-0.5773502689184227, -0.5773502688924232, 0.5773502688924232, 0.}}, 
  {{0., 0.5773502689184216, 0.5773502689184216, 0.5773502689184231}, 
   {-0.5773502689184216, 0., -0.5773502688924245, 0.5773502688924229}, 
   {-0.5773502689184216, 0.5773502688924245, 0., -0.5773502688924228}, 
   {-0.5773502689184231, -0.5773502688924229, 0.5773502688924228, 0.}}}, 
 {0, 0}, {{-0.040000000656034804, 0.9199999988930178}, 
  {-5.919999999958549, -1.0000000002050862, -1.9599999997741882}, 
  {-1.00000000018347, -0.04000000063441733}, {{2, 5.72146096069659*^-6}}, 
  {{2, 2.2515537438837124*^-11}}, {0.037037036922643804, 
   1.556212326797309*^-28}}}
