{12, 32, {{{-0.5245674501486073, 0, -0.00013279922958793174, 
    0.00013279922958794193}, {0, 0.9993579645400118, -0.00004677631263634955, 
    -0.000046776312636436515}, {-0.0001327992295879293, 
    -0.00004677631263624536, 0.00007400887055637913, 0.00035921685412779517}, 
   {0.00013279922958796156, -0.00004677631263619626, 0.0003592168541275997, 
    0.00007400887055616662}}, {{-0.5245674501486073, 0.00013279922958793852, 
    0, -0.000132799229587933}, {0.00013279922958791515, 
    0.00007400887055638954, -0.00004677631263623689, 0.00035921685412767634}, 
   {0, -0.00004677631263636221, 0.9993579645400119, -0.00004677631263631369}, 
   {-0.00013279922958796134, 0.0003592168541277032, -0.00004677631263632423, 
    0.00007400887055625249}}, {{-0.5245674501486077, -0.0001327992295878938, 
    0.00013279922958789323, 0}, {-0.00013279922958786582, 
    0.00007400887055613974, 0.0003592168541279476, -0.00004677631263620154}, 
   {0.00013279922958786945, 0.0003592168541275242, 0.00007400887055614147, 
    -0.000046776312636327526}, {0, -0.000046776312636429915, 
    -0.000046776312636300976, 0.9993579645400126}}}, 
 {{{0., 0.009292786042858464, 0.009292786042858445, 0.009292786042858462}, 
   {-0.009292786042858464, 0., -0.006883223678542947, 0.006883223678542818}, 
   {-0.009292786042858445, 0.006883223678542947, 0., -0.006883223678542813}, 
   {-0.009292786042858462, -0.006883223678542818, 0.006883223678542813, 0.}}, 
  {{0., 0.009292786042858459, 0.009292786042858457, 0.009292786042858485}, 
   {-0.009292786042858459, 0., -0.006883223678542851, 0.006883223678542859}, 
   {-0.009292786042858457, 0.006883223678542851, 0., -0.006883223678542826}, 
   {-0.009292786042858485, -0.006883223678542859, 0.006883223678542826, 
    0.}}}, {0, 0}, {{-1.5713414875936755, -1.5697319298366654}, 
  {-6.298443986013357, -1.5729510453506848, -1.5762709476559937}, 
  {-1.5727423711287354, -1.5711328133717253}, {{2, 0.004429139587993507}, 
   {3, 0.0017357688317267937}, {4, 0.0006804874886564422}, 
   {5, 0.00026681852022259617}, {6, 0.00010462592077668115}, 
   {7, 0.000041027357962058336}, {8, 0.000016088372758741448}, 
   {9, 6.308881702360436*^-6}, {10, 2.473963643292998*^-6}, 
   {11, 9.701402044690055*^-7}}, {{2, 0.06266807556855192}, 
   {3, 0.10601396041703373}, {4, 0.12073682239826769}, 
   {5, 0.12621148427986506}, {6, 0.1283149909871371}, 
   {7, 0.12913334607816934}, {8, 0.1294532629884439}, 
   {9, 0.1295785630899463}, {10, 0.12962767492637786}, 
   {11, 0.12964693005965452}}, {1.0635337987538606*^-13, 0.9961539650925361}}}
{13, 32, {{{-0.5248125901301195, 0, -0.00009035900336273432, 
    0.00009035900336267298}, {0, 0.9990251062524935, 0.0002041615190219531, 
    0.0002041615190219125}, {-0.00009035900336265703, 0.00020416151902208964, 
    -0.0001987647759700644, 0.00028273391319903816}, 
   {0.00009035900336268268, 0.0002041615190216763, 0.0002827339131990205, 
    -0.00019876477597022442}}, {{-0.5248125901301192, 0.0000903590033626857, 
    0, -0.0000903590033626555}, {0.00009035900336265028, 
    -0.00019876477597014072, 0.0002041615190220838, 0.00028273391319909606}, 
   {0, 0.00020416151902195992, 0.9990251062524935, 0.00020416151902180542}, 
   {-0.00009035900336268186, 0.0002827339131988792, 0.00020416151902178932, 
    -0.00019876477596994513}}, {{-0.5248125901301198, -0.0000903590033626489, 
    0.00009035900336263063, 0}, {-0.00009035900336257436, 
    -0.00019876477597022182, 0.00028273391319873247, 0.00020416151902167233}, 
   {0.00009035900336252462, 0.00028273391319920014, -0.000198764775970528, 
    0.0002041615190217749}, {0, 0.00020416151902189224, 
    0.0002041615190217667, 0.9990251062524944}}}, 
 {{{0., 0.00406419139053803, 0.00406419139053805, 0.004064191390538038}, 
   {-0.00406419139053803, 0., -0.010751495486652309, 0.010751495486652399}, 
   {-0.00406419139053805, 0.010751495486652309, 0., -0.010751495486652506}, 
   {-0.004064191390538038, -0.010751495486652399, 0.010751495486652506, 0.}}, 
  {{0., 0.004064191390538055, 0.004064191390538069, 0.004064191390538046}, 
   {-0.004064191390538055, 0., -0.01075149548665224, 0.010751495486652461}, 
   {-0.004064191390538069, 0.01075149548665224, 0., -0.010751495486652503}, 
   {-0.004064191390538046, -0.010751495486652461, 0.010751495486652503, 
    0.}}}, {0, 0}, {{-1.5722484752091344, -1.5715445366111247}, 
  {-6.298444800261841, -1.572952413807144, -1.5762699863237764}, 
  {-1.5735315513301507, -1.572827612732141}, {{2, 0.010776665868255193}, 
   {3, 0.004214932062039569}, {4, 0.001653171689093437}, 
   {5, 0.0006490760996888736}, {6, 0.0002547311329820501}, 
   {7, 0.00009998653968347482}, {8, 0.00003924389033099773}, 
   {9, 0.000015403304557633224}, {10, 6.045765467383585*^-6}, 
   {11, 2.372960104309041*^-6}, {12, 9.313842543184903*^-7}}, 
  {{2, 1.2817367267177804}, {3, 0.6787927364557111}, {4, 0.8840036918590792}, 
   {5, 0.7993908366300166}, {6, 0.8319347190131554}, {7, 0.8190611391271159}, 
   {8, 0.8240984300033183}, {9, 0.8221189073647706}, 
   {10, 0.8228954993511378}, {11, 0.8225906309195921}, 
   {12, 0.822710282749386}}, {1.5445901524274967*^-12, 0.994164875264663}}}
