{3, 20, {{{0, 0, 0, 0}, {0, 0, 0, 0}, {0, 0, 0, 0}, {0, 0, 0, 0}}, 
  {{0, 0, 0, 0}, {0, 0, 0, 0}, {0, 0, 0, 0}, {0, 0, 0, 0}}, 
  {{0, 0, 0, 0}, {0, 0, 0, 0}, {0, 0, 0, 0}, {0, 0, 0, 0}}}, 
 {{{0., 0.5773502691896129, 0.5773502691896129, 0.5773502691896519}, 
   {-0.5773502691896129, 0., -0.5773502691896002, 0.5773502691896386}, 
   {-0.5773502691896129, 0.5773502691896002, 0., -0.5773502691896387}, 
   {-0.5773502691896519, -0.5773502691896386, 0.5773502691896387, 0.}}, 
  {{0., 0.5773502691896011, 0.5773502691896013, 0.577350269189675}, 
   {-0.5773502691896011, 0., -0.5773502691895767, 0.5773502691896505}, 
   {-0.5773502691896013, 0.5773502691895767, 0., -0.5773502691896505}, 
   {-0.577350269189675, -0.5773502691896505, 0.5773502691896505, 0.}}}, 
 {0, 0}, {{-0.9960000000000006, -0.9920000000000003}, 
  {-1.0020000000000024, -1.0000000000000002, 0.498999999999999}, 
  {-1.0000000000000004, -0.9960000000000003}, {{2, 8.58202398035246*^-14}}, 
  {{2, 5.005255469351747*^-14}}, {0.03703703703703708, 0}}}
