{16, 40, {{{-0.5195122600358021, 0, -0.0033228855223844935, 
    0.0033228855223844554}, {0, 0.9837796624693247, 0.0003989924583621537, 
    0.0003989924583621327}, {-0.0033228855223844606, 0.000398992458362101, 
    0.00015731383592417023, 0.00775011774536072}, 
   {0.0033228855223844497, 0.00039899245836212075, 0.007750117745360688, 
    0.00015731383592423182}}, {{-0.519512260035802, 0.0033228855223844922, 0, 
    -0.00332288552238445}, {0.0033228855223844467, 0.0001573138359241555, 
    0.0003989924583620995, 0.007750117745360696}, 
   {0, 0.0003989924583621561, 0.9837796624693245, 0.00039899245836215577}, 
   {-0.0033228855223844432, 0.007750117745360679, 0.00039899245836209744, 
    0.00015731383592423875}}, {{-0.519512260035802, -0.0033228855223844454, 
    0.003322885522384444, 0}, {-0.003322885522384408, 0.00015731383592415852, 
    0.007750117745360734, 0.0003989924583621561}, 
   {0.0033228855223844172, 0.007750117745360703, 0.00015731383592409998, 
    0.0003989924583621404}, {0, 0.0003989924583621173, 
    0.00039899245836211663, 0.9837796624693245}}}, 
 {{{0., 0.07829546578205318, 0.07829546578205318, 0.07829546578205351}, 
   {-0.07829546578205318, 0., -0.07615314225031758, 0.07615314225031714}, 
   {-0.07829546578205318, 0.07615314225031758, 0., -0.07615314225031714}, 
   {-0.07829546578205351, -0.07615314225031714, 0.07615314225031714, 0.}}, 
  {{0., 0.07829546578205317, 0.07829546578205317, 0.07829546578205361}, 
   {-0.07829546578205317, 0., -0.07615314225031729, 0.07615314225031763}, 
   {-0.07829546578205317, 0.07615314225031729, 0., -0.07615314225031761}, 
   {-0.07829546578205361, -0.07615314225031763, 0.07615314225031761, 0.}}}, 
 {0, 0}, {{-1.50553934095567, -1.4594313545451638}, 
  {-6.29679784864755, -1.551647327366178, -1.5967515969575972}, 
  {-1.5510165231216306, -1.5049085367111243}, {{2, 0.0001534570412500269}, 
   {3, 0.0001230201250030094}, {4, 0.00009862073077401834}, 
   {5, 0.00007906289594324101}, {6, 0.0000633850746010467}, 
   {7, 0.000050817014662224436}, {8, 0.00004074155417384262}, 
   {9, 0.00003266412971644761}, {10, 0.000026188380743419337}, 
   {11, 0.000020996623156563365}, {12, 0.000016834215002772823}, 
   {13, 0.000013497035106557753}, {14, 0.00001082145263933687}, 
   {15, 8.676290685225019*^-6}}, {{2, 0.010190391637586282}, 
   {3, 0.010928541862420451}, {4, 0.011518536731952814}, 
   {5, 0.011990416687383775}, {6, 0.01236801311911179}, 
   {7, 0.012670282935720274}, {8, 0.012912329113519281}, 
   {9, 0.013106199300206418}, {10, 0.013261513593145481}, 
   {11, 0.013385959896290734}, {12, 0.013485685990804425}, 
   {13, 0.013565610631089523}, {14, 0.01362967088995166}, 
   {15, 0.013681019139086372}}, {1.9504147294783847*^-7, 0.9065401454554621}}}
