{5, 32, {{{-0.5245787812104195, 0, -0.00018758368426916906, 
    0.00018758368426914678}, {0, 0.9989612367913697, 0.00006024795746854674, 
    0.00006024795746894402}, {-0.00018758368426913003, 
    0.000060247957468776634, -0.00003384398247886344, 0.0004516573966327043}, 
   {0.00018758368426917535, 0.00006024795746886252, 0.0004516573966326773, 
    -0.000033843982478906805}}, {{-0.5245787812104195, 0.0001875836842691746, 
    0, -0.00018758368426913835}, {0.00018758368426914017, 
    -0.000033843982478903335, 0.00006024795746876965, 
    0.00045165739663268747}, {0, 0.00006024795746853063, 0.99896123679137, 
    0.00006024795746896264}, {-0.00018758368426916838, 
    0.00045165739663272997, 0.00006024795746883167, 
    -0.00003384398247913145}}, 
  {{-0.5245787812104198, -0.00018758368426917795, 0.0001875836842691412, 0}, 
   {-0.00018758368426911447, -0.00003384398247903257, 0.00045165739663296633, 
    0.000060247957468877906}, {0.00018758368426909956, 
    0.00045165739663301295, -0.000033843982478992674, 
    0.00006024795746884674}, {0, 0.00006024795746894753, 
    0.00006024795746877482, 0.9989612367913707}}}, 
 {{{0., 0.01823577178981826, 0.01823577178981825, 0.018235771789818295}, 
   {-0.01823577178981826, 0., -0.01982151471776352, 0.01982151471776298}, 
   {-0.01823577178981825, 0.01982151471776352, 0., -0.019821514717762875}, 
   {-0.018235771789818295, -0.01982151471776298, 0.019821514717762875, 0.}}, 
  {{0., 0.018235771789818275, 0.018235771789818236, 0.018235771789818292}, 
   {-0.018235771789818275, 0., -0.01982151471776321, 0.019821514717763153}, 
   {-0.018235771789818236, 0.01982151471776321, 0., -0.019821514717763156}, 
   {-0.018235771789818292, -0.019821514717763153, 0.019821514717763156, 
    0.}}}, {0, 0}, {{-1.5699407060102022, -1.5667821776846829}, 
  {-6.299153265969017, -1.573099234335722, -1.5764773986487866}, 
  {-1.573236563701669, -1.5700780353761496}, {{2, 0.004964725838279645}, 
   {3, 0.0038906429681626418}, {4, 0.0030492026705484614}}, 
  {{2, 0.37681573153982245}, {3, 0.15238428705912088}, 
   {4, 0.04347890909750969}}, {6.064863567811081*^-11, 0.9937835837836198}}}
{5, 32, {{{-0.5245787812104195, 0, -0.0001875836842691875, 
    0.00018758368426917947}, {0, 0.99896123679137, 0.000060247957468930496, 
    0.000060247957468789184}, {-0.00018758368426915028, 
    0.00006024795746898376, -0.00003384398247896058, 0.00045165739663278304}, 
   {0.00018758368426917809, 0.00006024795746890262, 0.0004516573966325992, 
    -0.00003384398247895017}}, {{-0.5245787812104195, 0.0001875836842691825, 
    0, -0.00018758368426917752}, {0.00018758368426915301, 
    -0.000033843982478950606, 0.00006024795746896266, 0.0004516573966326736}, 
   {0, 0.00006024795746892889, 0.99896123679137, 0.0000602479574689022}, 
   {-0.00018758368426918066, 0.00045165739663269983, 0.000060247957468796374, 
    -0.000033843982478798385}}, 
  {{-0.5245787812104198, -0.00018758368426915328, 0.00018758368426915865, 0}, 
   {-0.00018758368426909495, -0.00003384398247909676, 0.0004516573966328901, 
    0.0000602479574689094}, {0.00018758368426908956, 0.00045165739663266774, 
    -0.00003384398247915921, 0.00006024795746880875}, 
   {0, 0.00006024795746879569, 0.00006024795746907533, 0.9989612367913705}}}, 
 {{{0., 0.018235771789818236, 0.018235771789818243, 0.018235771789818275}, 
   {-0.018235771789818236, 0., -0.019821514717763222, 0.01982151471776309}, 
   {-0.018235771789818243, 0.019821514717763222, 0., -0.019821514717763056}, 
   {-0.018235771789818275, -0.01982151471776309, 0.019821514717763056, 0.}}, 
  {{0., 0.01823577178981824, 0.018235771789818257, 0.018235771789818306}, 
   {-0.01823577178981824, 0., -0.019821514717763104, 0.019821514717763174}, 
   {-0.018235771789818257, 0.019821514717763104, 0., -0.019821514717763184}, 
   {-0.018235771789818306, -0.019821514717763174, 0.019821514717763184, 
    0.}}}, {0, 0}, {{-1.5699407060102022, -1.5667821776846829}, 
  {-6.299153265969015, -1.573099234335722, -1.5764773986487857}, 
  {-1.573236563701669, -1.5700780353761496}, {{2, 0.004964725838279642}, 
   {3, 0.0038906429681626036}, {4, 0.0030492026705484458}}, 
  {{2, 0.37681573153982395}, {3, 0.15238428705912135}, 
   {4, 0.04347890909750968}}, {6.064863567811062*^-11, 0.99378358378362}}}
{5, 32, {{{-0.5245787812104195, 0, -0.00018758368426916594, 
    0.00018758368426917687}, {0, 0.99896123679137, 0.000060247957251148066, 
    0.00006024795725113019}, {-0.00018758368426914542, 
    0.00006024795725117436, -0.00003384398247893239, 0.00045165739663261423}, 
   {0.00018758368426917115, 0.000060247957251052263, 0.00045165739663277616, 
    -0.000033843982478984}}, {{-0.5245787812104195, 0.0001875836842691813, 0, 
    -0.00018758368426918494}, {0.00018758368426914716, 
    -0.00003384398247895234, 0.000060247957251185336, 
    0.00045165739663272975}, {0, 0.00006024795725114922, 0.99896123679137, 
    0.00006024795725098898}, {-0.00018758368426917188, 
    0.00045165739663263315, 0.00006024795725119257, 
    -0.00003384398247882614}}, 
  {{-0.5245787812104199, -0.00018758368426915654, 0.00018758368426914342, 0}, 
   {-0.00018758368426909978, -0.000033843982479038644, 0.000451657396632508, 
    0.00006024795725105787}, {0.00018758368426909748, 0.0004516573966330638, 
    -0.00003384398247915921, 0.000060247957251205814}, 
   {0, 0.00006024795725113301, 0.00006024795725099745, 0.9989612367913707}}}, 
 {{{0., 0.018235771789818223, 0.01823577178981825, 0.0182357717898183}, 
   {-0.018235771789818223, 0., -0.01982151471776323, 0.019821514717763063}, 
   {-0.01823577178981825, 0.01982151471776323, 0., -0.01982151471776303}, 
   {-0.0182357717898183, -0.019821514717763063, 0.01982151471776303, 0.}}, 
  {{0., 0.01823577178981827, 0.018235771789818264, 0.018235771789818327}, 
   {-0.01823577178981827, 0., -0.019821514717763163, 0.019821514717763188}, 
   {-0.018235771789818264, 0.019821514717763163, 0., -0.019821514717763146}, 
   {-0.018235771789818327, -0.019821514717763188, 0.019821514717763146, 
    0.}}}, {0, 0}, {{-1.5699407060102022, -1.5667821776846829}, 
  {-6.299153265969018, -1.573099234335722, -1.576477398648787}, 
  {-1.573236563701669, -1.5700780353761496}, {{2, 0.004964725838279666}, 
   {3, 0.003890642968162614}, {4, 0.0030492026705484752}}, 
  {{2, 0.37681573153982245}, {3, 0.15238428705912105}, 
   {4, 0.04347890909750925}}, {6.064863567811058*^-11, 0.9937835837836204}}}
