{29, 40, {{{-0.5248600981792547, 0, -7.650935320187789*^-6, 
    7.650935320185124*^-6}, {0, 0.9999488761328421, 6.717470136575932*^-6, 
    6.717470136357742*^-6}, {-7.650935320153772*^-6, 6.7174701359327495*^-6, 
    -5.922701065789841*^-6, 0.000018589722594019116}, 
   {7.650935320210662*^-6, 6.7174701362230845*^-6, 0.000018589722593945624, 
    -5.922701065808923*^-6}}, {{-0.5248600981792545, 7.65093532018281*^-6, 0, 
    -7.650935320184623*^-6}, {7.650935320137618*^-6, -5.922701065736065*^-6, 
    6.717470135931211*^-6, 0.000018589722593909412}, 
   {0, 6.71747013657497*^-6, 0.9999488761328418, 6.7174701364274625*^-6}, 
   {-7.650935320200198*^-6, 0.00001858972259398254, 6.717470136143164*^-6, 
    -5.922701065586011*^-6}}, {{-0.5248600981792556, -7.650935320143538*^-6, 
    7.65093532014247*^-6, 0}, {-7.650935320077742*^-6, 
    -5.922701065974589*^-6, 0.000018589722594351767, 6.717470136224453*^-6}, 
   {7.650935320086043*^-6, 0.00001858972259411379, -5.922701065974589*^-6, 
    6.717470136151587*^-6}, {0, 6.717470136363493*^-6, 6.717470136436819*^-6, 
    0.9999488761328429}}}, 
 {{{0., 0.003178707508617896, 0.00317870750861786, 0.0031787075086178404}, 
   {-0.003178707508617896, 0., -0.004659958584315553, 0.004659958584314401}, 
   {-0.00317870750861786, 0.004659958584315553, 0., -0.004659958584314561}, 
   {-0.0031787075086178404, -0.004659958584314401, 0.004659958584314561, 
    0.}}, {{0., 0.0031787075086179063, 0.003178707508617911, 
    0.0031787075086177866}, {-0.0031787075086179063, 0., 
    -0.004659958584315686, 0.004659958584314528}, 
   {-0.003178707508617911, 0.004659958584315686, 0., -0.004659958584314443}, 
   {-0.0031787075086177866, -0.004659958584314528, 0.004659958584314443, 
    0.}}}, {0, 0}, {{-1.5744199947900865, -1.5743098811319394}, 
  {-6.298427608002153, -1.5745301084482337, -1.5746836955528427}, 
  {-1.574555764469452, -1.5744456508113047}, {{2, 0.000540707146936318}, 
   {3, 0.00042336227922811225}, {4, 0.00033148406115250184}, 
   {5, 0.0002595456072012458}, {6, 0.00020321944455873285}, 
   {7, 0.00015911727711473075}, {8, 0.00012458617561305826}, 
   {9, 0.00009754898203755266}, {10, 0.00007637934615558045}, 
   {11, 0.000059803882849828165}, {12, 0.00004682556550751008}, 
   {13, 0.00003666374662577481}, {14, 0.000028707196690161765}, 
   {15, 0.000022477335615689667}, {16, 0.000017599444382837472}, 
   {17, 0.00001378012474228087}, {18, 0.000010789650857694327}, 
   {19, 8.448151127134988*^-6}, {20, 6.614788892384416*^-6}, 
   {21, 5.179291175840504*^-6}, {22, 4.055315856678256*^-6}, 
   {23, 3.1752582962158056*^-6}, {24, 2.486185017831679*^-6}, 
   {25, 1.946649846849575*^-6}, {26, 1.524201000038805*^-6}, 
   {27, 1.1934291742378422*^-6}, {28, 9.344392298896165*^-7}}, 
  {{2, 1.3922985566150503}, {3, 0.908127907895306}, {4, 0.6731138391873108}, 
   {5, 0.5375327510966557}, {6, 0.4514362959060503}, 
   {7, 0.39339027685431693}, {8, 0.35265998807151977}, 
   {9, 0.32327202344560924}, {10, 0.30163870958381356}, 
   {11, 0.2854778263226675}, {12, 0.2732719010290733}, 
   {13, 0.2639764746985573}, {14, 0.25685284278541515}, 
   {15, 0.25136720693739395}, {16, 0.2471272290282676}, 
   {17, 0.24384064333573374}, {18, 0.2412874078415344}, 
   {19, 0.2393004624818757}, {20, 0.23775213133995035}, 
   {21, 0.23654432887399662}, {22, 0.23560139292575255}, 
   {23, 0.2348647704112512}, {24, 0.2342890338850756}, 
   {25, 0.23383886923265476}, {26, 0.23348678142487533}, 
   {27, 0.23321133711123498}, {28, 0.23299581224147575}}, 
  {1.0239820443976843*^-14, 0.999693295999128}}}
