{7, 32, {{{-0.5247897815036662, 0, -0.000046521136866607875, 
    0.000046521136866613025}, {0, 0.9997541002885815, 6.241555465159539*^-6, 
    6.241555464997871*^-6}, {-0.00004652113686659382, 6.2415554651512346*^-6, 
    1.0032702557599*^-6, 0.00011441858765485978}, 
   {0.000046521136866626896, 6.241555465382881*^-6, 0.00011441858765441875, 
    1.0032702555630088*^-6}}, {{-0.5247897815036662, 0.000046521136866637846, 
    0, -0.00004652113686662063}, {0.000046521136866614285, 
    1.003270255720435*^-6, 6.241555465143537*^-6, 0.00011441858765452614}, 
   {0, 6.241555465154592*^-6, 0.9997541002885817, 6.241555465393293*^-6}, 
   {-0.00004652113686663193, 0.00011441858765488389, 6.241555464983521*^-6, 
    1.003270255733879*^-6}}, {{-0.5247897815036668, -0.000046521136866587925, 
    0.00004652113686656979, 0}, {-0.00004652113686654954, 
    1.003270255580356*^-6, 0.00011441858765511744, 6.241555465384206*^-6}, 
   {0.00004652113686654549, 0.00011441858765410542, 1.0032702554008122*^-6, 
    6.241555464992721*^-6}, {0, 6.241555464994225*^-6, 
    6.2415554653985114*^-6, 0.9997541002885821}}}, 
 {{{0., 0.004797097152392344, 0.004797097152392344, 0.0047970971523923645}, 
   {-0.004797097152392344, 0., -0.0046880707515642404, 
    0.0046880707515640045}, {-0.004797097152392344, 0.0046880707515642404, 
    0., -0.004688070751564053}, {-0.0047970971523923645, 
    -0.0046880707515640045, 0.004688070751564053, 0.}}, 
  {{0., 0.004797097152392354, 0.004797097152392367, 0.004797097152392368}, 
   {-0.004797097152392354, 0., -0.0046880707515641, 0.00468807075156397}, 
   {-0.004797097152392367, 0.0046880707515641, 0., -0.004688070751564088}, 
   {-0.004797097152392368, -0.00468807075156397, 0.004688070751564088, 0.}}}, 
 {0, 0}, {{-1.5735527150069792, -1.5730541860471732}, 
  {-6.298449495269059, -1.5740512439667866, -1.575173503667743}, 
  {-1.5740455787888186, -1.5735470498290125}, {{2, 0.0022942709480642982}, 
   {3, 0.0008984723107404533}, {4, 0.00035188951501281297}, 
   {5, 0.00013782436503410184}, {6, 0.00005398250186900572}}, 
  {{2, 0.07500317691376138}, {3, 0.017960968362579415}, 
   {4, 0.0014061086935484243}, {5, 0.00860181244498166}, 
   {6, 0.011363789117123513}}, {1.0616098615624608*^-14, 0.998525508434192}}}
