{12, 32, {{{-0.5075457461923337, 0, -0.012042126212700595, 
    0.012042126212700564}, {0, 0.9452818533290894, 0.0019186581855726711, 
    0.0019186581855726408}, {-0.012042126212700566, 0.001918658185572593, 
    0.00043911260290531526, 0.0266830997684843}, 
   {0.012042126212700528, 0.001918658185572548, 0.026683099768484292, 
    0.0004391126029053283}}, {{-0.5075457461923337, 0.012042126212700576, 0, 
    -0.012042126212700573}, {0.012042126212700543, 0.0004391126029053079, 
    0.0019186581855725918, 0.026683099768484334}, 
   {0, 0.0019186581855726837, 0.9452818533290896, 0.0019186581855726058}, 
   {-0.012042126212700531, 0.026683099768484254, 0.0019186581855725948, 
    0.0004391126029053005}}, {{-0.5075457461923338, -0.012042126212700507, 
    0.012042126212700534, 0}, {-0.012042126212700531, 0.0004391126029052025, 
    0.026683099768484334, 0.0019186581855726538}, 
   {0.012042126212700547, 0.026683099768484354, 0.00043911260290516174, 
    0.0019186581855726993}, {0, 0.0019186581855724907, 0.001918658185572371, 
    0.9452818533290894}}}, 
 {{{0., 0.07080442932243323, 0.07080442932243325, 0.0708044293224333}, 
   {-0.07080442932243323, 0., -0.0707776438914454, 0.07077764389144511}, 
   {-0.07080442932243325, 0.0707776438914454, 0., -0.0707776438914451}, 
   {-0.0708044293224333, -0.07077764389144511, 0.0707776438914451, 0.}}, 
  {{0., 0.07080442932243322, 0.07080442932243322, 0.07080442932243339}, 
   {-0.07080442932243322, 0., -0.07077764389144517, 0.07077764389144547}, 
   {-0.07080442932243322, 0.07077764389144517, 0., -0.07077764389144545}, 
   {-0.07080442932243339, -0.07077764389144547, 0.07077764389144545, 0.}}}, 
 {0, 0}, {{-1.3537989198953344, -1.2532366873256875}, 
  {-6.279764627765541, -1.454361152464981, -1.6855211614177894}, 
  {-1.454342131036758, -1.353779898467111}, {{2, 0.010264262677066899}, 
   {3, 0.004612602951877154}, {4, 0.002100514452823332}, 
   {5, 0.0009612900790041123}, {6, 0.0004409701430069246}, 
   {7, 0.00020250476706290543}, {8, 0.000093041836968899}, 
   {9, 0.00004275836337516714}, {10, 0.00001965213515769948}, 
   {11, 9.032739755387986*^-6}}, {{2, 0.0247716429985814}, 
   {3, 0.010730299222467739}, {4, 0.004708437326339175}, 
   {5, 0.002028095382168211}, {6, 0.000813975162981935}, 
   {7, 0.0002596341210017663}, {8, 5.61394680990457*^-6}, 
   {9, 0.00011098161351509764}, {10, 0.00016454001752064796}, 
   {11, 0.0001891508147464058}}, {1.2571196306120253*^-7, 
   0.7134571993191862}}}
{12, 32, {{{-0.5075448764684893, 0, -0.01204254330057711, 
    0.012042543300577087}, {0, 0.9452806338067391, 0.0019183516305505957, 
    0.0019183516305505575}, {-0.012042543300577056, 0.0019183516305504925, 
    0.0004395254408597034, 0.02668399209255758}, 
   {0.012042543300577076, 0.001918351630550443, 0.02668399209255751, 
    0.0004395254408596115}}, {{-0.5075448764684893, 0.012042543300577104, 0, 
    -0.012042543300577094}, {0.012042543300577045, 0.00043952544085969084, 
    0.0019183516305504873, 0.02668399209255759}, {0, 0.001918351630550583, 
    0.9452806338067392, 0.0019183516305505736}, {-0.012042543300577087, 
    0.026683992092557528, 0.0019183516305504374, 0.00043952544085962275}}, 
  {{-0.5075448764684893, -0.012042543300577026, 0.012042543300577042, 0}, 
   {-0.012042543300577028, 0.00043952544085959847, 0.02668399209255762, 
    0.0019183516305505558}, {0.012042543300577033, 0.026683992092557673, 
    0.000439525440859595, 0.0019183516305505397}, 
   {0, 0.0019183516305504083, 0.0019183516305505124, 0.945280633806739}}}, 
 {{{0., 0.07080621554165528, 0.07080621554165531, 0.07080621554165531}, 
   {-0.07080621554165528, 0., -0.07077805120006561, 0.0707780512000653}, 
   {-0.07080621554165531, 0.07077805120006561, 0., -0.07077805120006529}, 
   {-0.07080621554165531, -0.0707780512000653, 0.07077805120006529, 0.}}, 
  {{0., 0.07080621554165528, 0.07080621554165528, 0.07080621554165543}, 
   {-0.07080621554165528, 0., -0.07077805120006536, 0.07077805120006567}, 
   {-0.07080621554165528, 0.07077805120006536, 0., -0.07077805120006564}, 
   {-0.07080621554165543, -0.07077805120006567, 0.07077805120006564, 0.}}}, 
 {0, 0}, {{-1.3537928185144303, -1.2532280490103802}, 
  {-6.279759016638141, -1.4543575880184842, -1.6855219203005862}, 
  {-1.4543375873695388, -1.3537728178654886}, {{2, 0.005400006649108252}, 
   {3, 0.0024478913664358892}, {4, 0.0011196820548416975}, 
   {5, 0.000513455498559745}, {6, 0.00023575625259916744}, 
   {7, 0.00010831184435403096}, {8, 0.00004977426135086005}, 
   {9, 0.000022876368867524866}, {10, 0.000010514627785368491}, 
   {11, 4.832946630312085*^-6}}, {{2, 0.012596358477319963}, 
   {3, 0.00553320675687338}, {4, 0.002398912131091167}, 
   {5, 0.0009827371584127048}, {6, 0.00033685235136496437}, 
   {7, 0.00004103302790569238}, {8, 0.00009471688764680429}, 
   {9, 0.00015706723684194386}, {10, 0.0001857166463247167}, 
   {11, 0.00019888325745405676}}, {1.257163037795481*^-7, 
   0.7134516766857539}}}
