{20, 32, {{{-0.5241053740306578, 0, -0.00030455221366313523, 
    0.0003045522136631411}, {0, 0.9985578622349075, -0.00016292450102531152, 
    -0.0001629245010251464}, {-0.00030455221366311566, 
    -0.00016292450102523275, 0.0002319212532203652, 0.00086249187683957}, 
   {0.00030455221366315085, -0.00016292450102529363, 0.0008624918768396646, 
    0.00023192125322018652}}, {{-0.524105374030658, 0.00030455221366313496, 
    0, -0.00030455221366313843}, {0.0003045522136631134, 
    0.000231921253220373, -0.0001629245010252299, 0.0008624918768396312}, 
   {0, -0.00016292450102531003, 0.9985578622349076, -0.00016292450102522885}, 
   {-0.0003045522136631486, 0.0008624918768395267, -0.00016292450102520987, 
    0.0002319212532203574}}, {{-0.5241053740306582, -0.0003045522136631083, 
    0.0003045522136631074, 0}, {-0.000304552213663073, 
    0.00023192125322016657, 0.0008624918768394903, -0.00016292450102528073}, 
   {0.0003045522136630745, 0.0008624918768396562, 0.00023192125322007984, 
    -0.00016292450102520077}, {0, -0.00016292450102513647, 
    -0.00016292450102523785, 0.9985578622349081}}}, 
 {{{0., 0.029532229068461428, 0.029532229068461417, 0.029532229068461598}, 
   {-0.029532229068461428, 0., -0.019721467174236448, 0.019721467174236208}, 
   {-0.029532229068461417, 0.019721467174236448, 0., -0.01972146717423616}, 
   {-0.029532229068461598, -0.019721467174236208, 0.01972146717423616, 0.}}, 
  {{0., 0.029532229068461417, 0.029532229068461438, 0.029532229068461632}, 
   {-0.029532229068461417, 0., -0.019721467174236323, 0.01972146717423632}, 
   {-0.029532229068461438, 0.019721467174236323, 0., -0.01972146717423632}, 
   {-0.029532229068461632, -0.01972146717423632, 0.01972146717423632, 0.}}}, 
 {0, 0}, {{-1.5675499511741646, -1.562434819053431}, 
  {-6.298460666755525, -1.5726650832948978, -1.5765652500828646}, 
  {-1.5718154463918104, -1.5667003142710767}, {{2, 0.005053195646949197}, 
   {3, 0.00395990193233544}, {4, 0.003103436814804933}, 
   {5, 0.0024324863720909633}, {6, 0.0019068086784221304}, 
   {7, 0.0014948891448653447}, {8, 0.0011720612645579262}, 
   {9, 0.0009190202031345296}, {10, 0.0007206552177789968}, 
   {11, 0.0005651356375717398}, {12, 0.0004431963937835959}, 
   {13, 0.0003475797738382233}, {14, 0.00027259919193897697}, 
   {15, 0.00021379818398595957}, {16, 0.00016768371949158617}, 
   {17, 0.00013151753807561992}, {18, 0.00010315281618898317}, 
   {19, 0.00008090626853956423}}, {{2, 0.35547442425132914}, 
   {3, 0.13651810197026934}, {4, 0.030271214167458527}, 
   {5, 0.031018180945887708}, {6, 0.06994325802482262}, 
   {7, 0.09619533981598889}, {8, 0.11462589042094919}, 
   {9, 0.12793332775442648}, {10, 0.13773767020485922}, 
   {11, 0.1450691120246153}, {12, 0.1506124930050327}, 
   {13, 0.15483914994798298}, {14, 0.15808247572904802}, 
   {15, 0.16058345304272784}, {16, 0.1625192842260116}, 
   {17, 0.16402205657185426}, {18, 0.16519129494391838}, 
   {19, 0.16610263098464265}}, {5.883494154503403*^-11, 0.9913783099082454}}}
