{5, 32, {{{-0.5245682889212931, 0, -0.00018963865888455215, 
    0.00018963865888450794}, {0, 0.9989629552010802, 0.00005263936303862166, 
    0.00005263936303861562}, {-0.0001896386588845022, 
    0.000052639363038540916, -0.000025297345420375976, 
    0.0004580781885879789}, {0.00018963865888455754, 0.00005263936303855269, 
    0.00045807818858797407, -0.00002529734542051649}}, 
  {{-0.524568288921293, 0.00018963865888454933, 0, -0.00018963865888450571}, 
   {0.0001896386588845037, -0.000025297345420424548, 0.00005263936303855508, 
    0.0004580781885879304}, {0, 0.00005263936303861517, 0.99896295520108, 
    0.000052639363038665606}, {-0.00018963865888455488, 0.000458078188588039, 
    0.00005263936303851167, -0.000025297345420366435}}, 
  {{-0.5245682889212935, -0.00018963865888453103, 0.00018963865888451038, 0}, 
   {-0.00018963865888444522, -0.000025297345420539907, 
    0.00045807818858810206, 0.0000526393630385663}, 
   {0.00018963865888443118, 0.00045807818858810255, -0.00002529734542064399, 
    0.0000526393630385111}, {0, 0.00005263936303859522, 
    0.000052639363038667754, 0.9989629552010806}}}, 
 {{{0., 0.01856073866419776, 0.018560738664197773, 0.018560738664197794}, 
   {-0.01856073866419776, 0., -0.019684450854618427, 0.019684450854617862}, 
   {-0.018560738664197773, 0.019684450854618427, 0., -0.01968445085461796}, 
   {-0.018560738664197794, -0.019684450854617862, 0.01968445085461796, 0.}}, 
  {{0., 0.018560738664197784, 0.01856073866419776, 0.01856073866419782}, 
   {-0.018560738664197784, 0., -0.019684450854618292, 0.01968445085461805}, 
   {-0.01856073866419776, 0.019684450854618292, 0., -0.019684450854618032}, 
   {-0.01856073866419782, -0.01968445085461805, 0.019684450854618032, 0.}}}, 
 {0, 0}, {{-1.5698915531368094, -1.56667673889757}, 
  {-6.299178757622003, -1.5731063673760497, -1.5764830114349517}, 
  {-1.5732036837063939, -1.5699888694671544}, {{2, 0.005053195646949201}, 
   {3, 0.003959901932335438}, {4, 0.00310343681480494}}, 
  {{2, 0.3554744242513289}, {3, 0.1365181019702694}, 
   {4, 0.030271214167458625}}, {5.81754594120987*^-11, 0.9937938408465046}}}
{5, 32, {{{-0.5245682889212931, 0, -0.00018963865888455215, 
    0.00018963865888450794}, {0, 0.9989629552010802, 0.00005263936303862166, 
    0.00005263936303861562}, {-0.0001896386588845022, 
    0.000052639363038540916, -0.000025297345420375976, 
    0.0004580781885879789}, {0.00018963865888455754, 0.00005263936303855269, 
    0.00045807818858797407, -0.00002529734542051649}}, 
  {{-0.524568288921293, 0.00018963865888454933, 0, -0.00018963865888450571}, 
   {0.0001896386588845037, -0.000025297345420424548, 0.00005263936303855508, 
    0.0004580781885879304}, {0, 0.00005263936303861517, 0.99896295520108, 
    0.000052639363038665606}, {-0.00018963865888455488, 0.000458078188588039, 
    0.00005263936303851167, -0.000025297345420366435}}, 
  {{-0.5245682889212935, -0.00018963865888453103, 0.00018963865888451038, 0}, 
   {-0.00018963865888444522, -0.000025297345420539907, 
    0.00045807818858810206, 0.0000526393630385663}, 
   {0.00018963865888443118, 0.00045807818858810255, -0.00002529734542064399, 
    0.0000526393630385111}, {0, 0.00005263936303859522, 
    0.000052639363038667754, 0.9989629552010806}}}, 
 {{{0., 0.01856073866419776, 0.018560738664197773, 0.018560738664197794}, 
   {-0.01856073866419776, 0., -0.019684450854618427, 0.019684450854617862}, 
   {-0.018560738664197773, 0.019684450854618427, 0., -0.01968445085461796}, 
   {-0.018560738664197794, -0.019684450854617862, 0.01968445085461796, 0.}}, 
  {{0., 0.018560738664197784, 0.01856073866419776, 0.01856073866419782}, 
   {-0.018560738664197784, 0., -0.019684450854618292, 0.01968445085461805}, 
   {-0.01856073866419776, 0.019684450854618292, 0., -0.019684450854618032}, 
   {-0.01856073866419782, -0.01968445085461805, 0.019684450854618032, 0.}}}, 
 {0, 0}, {{-1.5698915531368094, -1.56667673889757}, 
  {-6.299178757622003, -1.5731063673760497, -1.5764830114349517}, 
  {-1.5732036837063939, -1.5699888694671544}, {{2, 0.005053195646949201}, 
   {3, 0.003959901932335438}, {4, 0.00310343681480494}}, 
  {{2, 0.3554744242513289}, {3, 0.1365181019702694}, 
   {4, 0.030271214167458625}}, {5.81754594120987*^-11, 0.9937938408465046}}}
