{3, 32, {{{-0.5139349992492269, 0, 6.6008373019094754*^-6, 
    -6.600837301881506*^-6}, {0, 0.9902929338509585, -0.005160647384486555, 
    -0.005160647384486086}, {6.6008373018753595*^-6, -0.005160647384486549, 
    0.006111875752010185, 0.00947455610571745}, {-6.6008373018993636*^-6, 
    -0.005160647384486048, 0.009474556105717409, 0.00611187575200935}}, 
  {{-0.513934999249227, -6.600837301934932*^-6, 0, 6.600837301881845*^-6}, 
   {-6.6008373018497274*^-6, 0.0061118757520102285, -0.0051606473844865546, 
    0.009474556105717454}, {0, -0.005160647384486551, 0.9902929338509586, 
    -0.005160647384485891}, {6.600837301900225*^-6, 0.00947455610571752, 
    -0.0051606473844859405, 0.006111875752009027}}, 
  {{-0.5139349992492271, 6.600837301888536*^-6, -6.600837301861577*^-6, 0}, 
   {6.600837301894756*^-6, 0.006111875752010255, 0.009474556105716798, 
    -0.005160647384486041}, {-6.600837301925459*^-6, 0.009474556105716833, 
    0.006111875752010221, -0.005160647384485916}, 
   {0, -0.0051606473844860844, -0.005160647384485953, 0.9902929338509578}}}, 
 {{{0., 0.05584299873879694, 0.05584299873879696, 0.05584299873879704}, 
   {-0.05584299873879694, 0., 0.00004950804720368749, 
    -0.00004950804720346919}, {-0.05584299873879696, -0.00004950804720368749, 
    0., 0.0000495080472034539}, {-0.05584299873879704, 
    0.00004950804720346919, -0.0000495080472034539, 0.}}, 
  {{0., 0.05584299873879692, 0.05584299873879696, 0.05584299873879714}, 
   {-0.05584299873879692, 0., 0.0000495080472032496, 
    -0.00004950804720345393}, {-0.05584299873879696, -0.0000495080472032496, 
    0., 0.00004950804720347518}, {-0.05584299873879714, 
    0.00004950804720345393, -0.00004950804720347518, 0.}}}, {0, 0}, 
 {{-1.5071770428512643, -1.4781601695324849}, 
  {-6.298398014318006, -1.536193916170045, -1.613005090988958}, 
  {-1.5216726169426835, -1.492655743623904}, {{2, 0.00003730193160697559}}, 
  {{2, 0.500443278909815}}, {1.4724982186992954*^-26, 0.9431528493887799}}}
