{8, 32, {{{-0.5248618108423627, 0, -5.15214433082342*^-6, 
    5.152144330774839*^-6}, {0, 0.9999724524494066, 9.0327872743214*^-7, 
    9.032787278605231*^-7}, {-5.152144330739608*^-6, 9.032787267449024*^-7, 
    -1.2012638979808782*^-7, 0.00001261765589718607}, 
   {5.152144330770968*^-6, 9.032787292680069*^-7, 0.000012617655895716618, 
    -1.2012639127347013*^-7}}, {{-0.5248618108423626, 5.152144330800474*^-6, 
    0, -5.152144330767949*^-6}, {5.152144330742871*^-6, 
    -1.201263898934976*^-7, 9.032787267476146*^-7, 0.000012617655895369177}, 
   {0, 9.032787274434782*^-7, 0.9999724524494071, 9.032787296051819*^-7}, 
   {-5.152144330766591*^-6, 0.000012617655897348283, 9.032787275064922*^-7, 
    -1.201263915007189*^-7}}, {{-0.5248618108423624, -5.15214433077803*^-6, 
    5.152144330780902*^-6, 0}, {-5.152144330700704*^-6, 
    -1.2012638969834122*^-7, 0.000012617655896381352, 9.032787292746446*^-7}, 
   {5.152144330671344*^-6, 0.000012617655894899795, -1.2012639000191783*^-7, 
    9.032787275145283*^-7}, {0, 9.032787278527914*^-7, 9.03278729171481*^-7, 
    0.9999724524494054}}}, 
 {{{0., 0.001578843866223942, 0.0015788438662239464, 0.0015788438662239401}, 
   {-0.001578843866223942, 0., -0.0015793885284958887, 
    0.0015793885284944337}, {-0.0015788438662239464, 0.0015793885284958887, 
    0., -0.0015793885284945814}, {-0.0015788438662239401, 
    -0.0015793885284944337, 0.0015793885284945814, 0.}}, 
  {{0., 0.001578843866223948, 0.0015788438662239447, 0.0015788438662239423}, 
   {-0.001578843866223948, 0., -0.001579388528495784, 0.0015793885284944896}, 
   {-0.0015788438662239447, 0.001579388528495784, 0., 
    -0.0015793885284948067}, {-0.0015788438662239423, -0.0015793885284944896, 
    0.0015793885284948067, 0.}}}, {0, 0}, 
 {{-1.5744948420432117, -1.5744401492873425}, {-6.2984468665950955, 
   -1.574549534799083, -1.5746738984984647}, {-1.5745495442329094, 
   -1.5744948514770403}, {{2, 0.0007532979101250662}, 
   {3, 0.0002948990803534326}, {4, 0.00011544750437033919}, 
   {5, 0.00004519575219523366}, {6, 0.000017693407335666548}, 
   {7, 6.926688313666461*^-6}}, {{2, 0.08986006820376094}, 
   {3, 0.03134353388327338}, {4, 0.011479957752558684}, 
   {5, 0.004102463676807562}, {6, 0.0012719486387002973}, 
   {7, 0.0001724876926418436}}, {1.5521506667015763*^-17, 
   0.9998347260790332}}}
{8, 32, {{{-0.5248618108423627, 0, -5.15214433082342*^-6, 
    5.152144330774839*^-6}, {0, 0.9999724524494066, 9.0327872743214*^-7, 
    9.032787278605231*^-7}, {-5.152144330739608*^-6, 9.032787267449024*^-7, 
    -1.2012638979808782*^-7, 0.00001261765589718607}, 
   {5.152144330770968*^-6, 9.032787292680069*^-7, 0.000012617655895716618, 
    -1.2012639127347013*^-7}}, {{-0.5248618108423626, 5.152144330800474*^-6, 
    0, -5.152144330767949*^-6}, {5.152144330742871*^-6, 
    -1.201263898934976*^-7, 9.032787267476146*^-7, 0.000012617655895369177}, 
   {0, 9.032787274434782*^-7, 0.9999724524494071, 9.032787296051819*^-7}, 
   {-5.152144330766591*^-6, 0.000012617655897348283, 9.032787275064922*^-7, 
    -1.201263915007189*^-7}}, {{-0.5248618108423624, -5.15214433077803*^-6, 
    5.152144330780902*^-6, 0}, {-5.152144330700704*^-6, 
    -1.2012638969834122*^-7, 0.000012617655896381352, 9.032787292746446*^-7}, 
   {5.152144330671344*^-6, 0.000012617655894899795, -1.2012639000191783*^-7, 
    9.032787275145283*^-7}, {0, 9.032787278527914*^-7, 9.03278729171481*^-7, 
    0.9999724524494054}}}, 
 {{{0., 0.001578843866223942, 0.0015788438662239464, 0.0015788438662239401}, 
   {-0.001578843866223942, 0., -0.0015793885284958887, 
    0.0015793885284944337}, {-0.0015788438662239464, 0.0015793885284958887, 
    0., -0.0015793885284945814}, {-0.0015788438662239401, 
    -0.0015793885284944337, 0.0015793885284945814, 0.}}, 
  {{0., 0.001578843866223948, 0.0015788438662239447, 0.0015788438662239423}, 
   {-0.001578843866223948, 0., -0.001579388528495784, 0.0015793885284944896}, 
   {-0.0015788438662239447, 0.001579388528495784, 0., 
    -0.0015793885284948067}, {-0.0015788438662239423, -0.0015793885284944896, 
    0.0015793885284948067, 0.}}}, {0, 0}, 
 {{-1.5744948420432117, -1.5744401492873425}, {-6.2984468665950955, 
   -1.574549534799083, -1.5746738984984647}, {-1.5745495442329094, 
   -1.5744948514770403}, {{2, 0.0007532979101250662}, 
   {3, 0.0002948990803534326}, {4, 0.00011544750437033919}, 
   {5, 0.00004519575219523366}, {6, 0.000017693407335666548}, 
   {7, 6.926688313666461*^-6}}, {{2, 0.08986006820376094}, 
   {3, 0.03134353388327338}, {4, 0.011479957752558684}, 
   {5, 0.004102463676807562}, {6, 0.0012719486387002973}, 
   {7, 0.0001724876926418436}}, {1.5521506667015763*^-17, 
   0.9998347260790332}}}
{8, 32, {{{-0.5248618108423627, 0, -5.15214433082342*^-6, 
    5.152144330774839*^-6}, {0, 0.9999724524494066, 9.0327872743214*^-7, 
    9.032787278605231*^-7}, {-5.152144330739608*^-6, 9.032787267449024*^-7, 
    -1.2012638979808782*^-7, 0.00001261765589718607}, 
   {5.152144330770968*^-6, 9.032787292680069*^-7, 0.000012617655895716618, 
    -1.2012639127347013*^-7}}, {{-0.5248618108423626, 5.152144330800474*^-6, 
    0, -5.152144330767949*^-6}, {5.152144330742871*^-6, 
    -1.201263898934976*^-7, 9.032787267476146*^-7, 0.000012617655895369177}, 
   {0, 9.032787274434782*^-7, 0.9999724524494071, 9.032787296051819*^-7}, 
   {-5.152144330766591*^-6, 0.000012617655897348283, 9.032787275064922*^-7, 
    -1.201263915007189*^-7}}, {{-0.5248618108423624, -5.15214433077803*^-6, 
    5.152144330780902*^-6, 0}, {-5.152144330700704*^-6, 
    -1.2012638969834122*^-7, 0.000012617655896381352, 9.032787292746446*^-7}, 
   {5.152144330671344*^-6, 0.000012617655894899795, -1.2012639000191783*^-7, 
    9.032787275145283*^-7}, {0, 9.032787278527914*^-7, 9.03278729171481*^-7, 
    0.9999724524494054}}}, 
 {{{0., 0.001578843866223942, 0.0015788438662239464, 0.0015788438662239401}, 
   {-0.001578843866223942, 0., -0.0015793885284958887, 
    0.0015793885284944337}, {-0.0015788438662239464, 0.0015793885284958887, 
    0., -0.0015793885284945814}, {-0.0015788438662239401, 
    -0.0015793885284944337, 0.0015793885284945814, 0.}}, 
  {{0., 0.001578843866223948, 0.0015788438662239447, 0.0015788438662239423}, 
   {-0.001578843866223948, 0., -0.001579388528495784, 0.0015793885284944896}, 
   {-0.0015788438662239447, 0.001579388528495784, 0., 
    -0.0015793885284948067}, {-0.0015788438662239423, -0.0015793885284944896, 
    0.0015793885284948067, 0.}}}, {0, 0}, 
 {{-1.5744948420432117, -1.5744401492873425}, {-6.2984468665950955, 
   -1.574549534799083, -1.5746738984984647}, {-1.5745495442329094, 
   -1.5744948514770403}, {{2, 0.0007532979101250662}, 
   {3, 0.0002948990803534326}, {4, 0.00011544750437033919}, 
   {5, 0.00004519575219523366}, {6, 0.000017693407335666548}, 
   {7, 6.926688313666461*^-6}}, {{2, 0.08986006820376094}, 
   {3, 0.03134353388327338}, {4, 0.011479957752558684}, 
   {5, 0.004102463676807562}, {6, 0.0012719486387002973}, 
   {7, 0.0001724876926418436}}, {1.5521506667015763*^-17, 
   0.9998347260790332}}}
{24, 32, {{{-0.5248020801916167, 0, -0.000014430271354525236, 
    0.000014430271354616476}, {0, 0.9999206159105579, 
    -0.000026984194784344745, -0.000026984194782842868}, 
   {-0.000014430271354558275, -0.000026984194782108084, 
    0.000033111591359307174, 0.00006468661644348604}, 
   {0.000014430271354507158, -0.00002698419478513988, 0.00006468661644164705, 
    0.0000331115913579658}}, {{-0.5248020801916178, 0.00001443027135456446, 
    0, -0.000014430271354635016}, {0.000014430271354563637, 
    0.000033111591357828755, -0.000026984194782095815, 
    0.00006468661644471615}, {0, -0.000026984194784342296, 
    0.9999206159105594, -0.0000269841947837804}, {-0.00001443027135451627, 
    0.00006468661644086971, -0.00002698419478418191, 
    0.00003311159135810371}}, 
  {{-0.5248020801916183, -0.000014430271354534167, 0.000014430271354578627, 
    0}, {-0.000014430271354514599, 0.000033111591357911155, 
    0.00006468661644099976, -0.00002698419478513943}, 
   {0.000014430271354600047, 0.00006468661644388788, 0.0000331115913567992, 
    -0.000026984194784159076}, {0, -0.000026984194782851484, 
    -0.000026984194784169593, 0.9999206159105599}}}, 
 {{{0., 0.00883351791445951, 0.008833517914459584, 0.008833517914459658}, 
   {-0.00883351791445951, 0., -0.0031594683263795748, 0.0031594683263778105}, 
   {-0.008833517914459584, 0.0031594683263795748, 0., 
    -0.0031594683263771405}, {-0.008833517914459658, -0.0031594683263778105, 
    0.0031594683263771405, 0.}}, 
  {{0., 0.008833517914459521, 0.008833517914459525, 0.008833517914459755}, 
   {-0.008833517914459521, 0., -0.00315946832637992, 0.003159468326377692}, 
   {-0.008833517914459525, 0.00315946832637992, 0., -0.0031594683263776987}, 
   {-0.008833517914459755, -0.003159468326377692, 0.0031594683263776987, 
    0.}}}, {0, 0}, {{-1.5742093488485214, -1.5739033468117736}, 
  {-6.29844764148439, -1.5745153508852698, -1.5747084698569254}, 
  {-1.5744170734635574, -1.5741110714268096}, {{2, 0.0015065588625998495}, 
   {3, 0.0011795353537430277}, {4, 0.0009235049536996743}, 
   {5, 0.0007230556072032575}, {6, 0.000566119868197954}, 
   {7, 0.00044325024341256535}, {8, 0.00034705073239839}, 
   {9, 0.00027173139823000354}, {10, 0.00021275955144595474}, 
   {11, 0.00016658667375128028}, {12, 0.0001304346636173924}, 
   {13, 0.00010212852325927092}, {14, 0.00007996539562782172}, 
   {15, 0.00006261205085037261}, {16, 0.000049024638792064326}, 
   {17, 0.000038385868982599575}, {18, 0.00003005583138331741}, 
   {19, 0.00002353349476049392}, {20, 0.000018426563556163747}, 
   {21, 0.000014427878136782923}, {22, 0.000011296937657646888}, 
   {23, 8.84543340032122*^-6}}, {{2, 0.03964591136631183}, 
   {3, 0.15741632407890938}, {4, 0.21457926708882202}, 
   {5, 0.24755567686191685}, {6, 0.26849560202726974}, {7, 0.28261286209745}, 
   {8, 0.2925185834702526}, {9, 0.2996657036655453}, 
   {10, 0.3049268407309336}, {11, 0.3088570744270767}, 
   {12, 0.31182547257172855}, {13, 0.3140860537825736}, 
   {14, 0.3158184714533786}, {15, 0.31715254335598664}, 
   {16, 0.3181836833437922}, {17, 0.31898296765298606}, 
   {18, 0.3196039080427094}, {19, 0.32008713149777057}, 
   {20, 0.3204636872144122}, {21, 0.3207574283963948}, 
   {22, 0.320986755201928}, {23, 0.32116590711801407}}, 
  {9.946814884303026*^-16, 0.9995237899808543}}}
