{15, 40, {{{-0.5208321705308527, 0, -0.0024865055540590555, 
    0.0024865055540590373}, {0, 0.9876012974873198, 0.0003442181655108525, 
    0.000344218165510792}, {-0.0024865055540590052, 0.00034421816551073953, 
    0.00006208859196660255, 0.00585635147737238}, 
   {0.0024865055540590287, 0.0003442181655107736, 0.005856351477372368, 
    0.00006208859196656698}}, {{-0.5208321705308527, 0.0024865055540590508, 
    0, -0.0024865055540590356}, {0.00248650555405902, 0.00006208859196658954, 
    0.0003442181655107404, 0.0058563514773723605}, 
   {0, 0.000344218165510851, 0.98760129748732, 0.00034421816551080534}, 
   {-0.0024865055540590295, 0.005856351477372382, 0.0003442181655107546, 
    0.00006208859196657479}}, {{-0.5208321705308527, -0.002486505554059005, 
    0.0024865055540590087, 0}, {-0.002486505554058968, 
    0.00006208859196657826, 0.005856351477372368, 0.000344218165510806}, 
   {0.0024865055540589614, 0.005856351477372372, 0.00006208859196657479, 
    0.00034421816551078317}, {0, 0.0003442181655107392, 
    0.0003442181655107779, 0.9876012974873198}}}, 
 {{{0., 0.06793128235644205, 0.06793128235644204, 0.06793128235644239}, 
   {-0.06793128235644205, 0., -0.06675366590636508, 0.06675366590636478}, 
   {-0.06793128235644204, 0.06675366590636508, 0., -0.06675366590636475}, 
   {-0.06793128235644239, -0.06675366590636478, 0.06675366590636475, 0.}}, 
  {{0., 0.06793128235644205, 0.06793128235644207, 0.06793128235644247}, 
   {-0.06793128235644205, 0., -0.06675366590636486, 0.0667536659063652}, 
   {-0.06793128235644207, 0.06675366590636486, 0., -0.06675366590636517}, 
   {-0.06793128235644247, -0.0667536659063652, 0.06675366590636517, 0.}}}, 
 {0, 0}, {{-1.5216694297965938, -1.4863713000571925}, 
  {-6.297493510119743, -1.5569675595359933, -1.5917791955238783}, 
  {-1.556661605807489, -1.5213634760680876}, {{2, 0.0001367166848999235}, 
   {3, 0.00010893828149653728}, {4, 0.00008680500759702947}, 
   {5, 0.00006917004293874318}, {6, 0.00005511862973744952}, 
   {7, 0.00004392223631063952}, {8, 0.00003500056006712493}, 
   {9, 0.000027891324980655607}, {10, 0.00002222624874093082}, 
   {11, 0.000017711913582810213}, {12, 0.00001411453659902473}, 
   {13, 0.000011247842302108957}, {14, 8.963404034403877*^-6}}, 
  {{2, 0.005144527294980321}, {3, 0.005915002329879353}, 
   {4, 0.006527111043207988}, {5, 0.0070137169344141465}, 
   {6, 0.007400744757616151}, {7, 0.00770869380153825}, 
   {8, 0.007953798863736525}, {9, 0.00814893358451106}, 
   {10, 0.008304316578328598}, {11, 0.008428065502046021}, 
   {12, 0.008526633137871928}, {13, 0.008605151463605581}, 
   {14, 0.008667703664845702}}, {8.848114313241593*^-8, 0.9278759345019709}}}
