{30, 40, {{{-0.5238525796451375, 0, -0.000631001858068246, 
    0.000631001858068223}, {0, 0.9966278926331118, 0.00014858933765266778, 
    0.0001485893376526698}, {-0.0006310018580682093, 0.0001485893376528269, 
    -0.00005428584352984954, 0.0015178132388992845}, 
   {0.0006310018580682195, 0.00014858933765265006, 0.001517813238899207, 
    -0.00005428584352969558}}, {{-0.5238525796451375, 0.0006310018580682406, 
    0, -0.00063100185806822}, {0.0006310018580682066, 
    -0.00005428584352982872, 0.0001485893376528182, 0.0015178132388992934}, 
   {0, 0.00014858933765266667, 0.996627892633112, 0.0001485893376526616}, 
   {-0.0006310018580682191, 0.0015178132388992249, 0.00014858933765266404, 
    -0.000054285843529788824}}, {{-0.5238525796451378, -0.000631001858068202, 
    0.0006310018580682053, 0}, {-0.0006310018580681558, 
    -0.00005428584352996403, 0.0015178132388992817, 0.0001485893376526564}, 
   {0.0006310018580681623, 0.0015178132388993884, -0.000054285843529899847, 
    0.0001485893376526698}, {0, 0.00014858933765266277, 
    0.0001485893376526479, 0.9966278926331125}}}, 
 {{{0., 0.034045747742087656, 0.0340457477420877, 0.034045747742087844}, 
   {-0.034045747742087656, 0., -0.03529630240265154, 0.03529630240265138}, 
   {-0.0340457477420877, 0.03529630240265154, 0., -0.035296302402651386}, 
   {-0.034045747742087844, -0.03529630240265138, 0.035296302402651386, 0.}}, 
  {{0., 0.03404574774208769, 0.03404574774208769, 0.03404574774208788}, 
   {-0.03404574774208769, 0., -0.035296302402651386, 0.035296302402651594}, 
   {-0.03404574774208769, 0.035296302402651386, 0., -0.03529630240265158}, 
   {-0.03404574774208788, -0.035296302402651594, 0.03529630240265158, 0.}}}, 
 {0, 0}, {{-1.560300581945058, -1.550865547565702}, 
  {-6.298366125370879, -1.5697356163244125, -1.5794474463610269}, 
  {-1.5699088982611922, -1.5604738638818363}, {{2, 0.005738623231814885}, 
   {3, 0.004507203187836376}, {4, 0.0035404969371893857}, 
   {5, 0.0027815732662338985}, {6, 0.0021856764006568524}, 
   {7, 0.0017176891065519492}, {8, 0.0013500772442362821}, 
   {9, 0.0010612546918161506}, {10, 0.0008342950317611203}, 
   {11, 0.0006559212219014489}, {12, 0.000515714885821722}, 
   {13, 0.00040549785581525666}, {14, 0.0003188483740111103}, 
   {15, 0.0002507224438041619}, {16, 0.00019715729091396295}, 
   {17, 0.0001550389787329451}, {18, 0.00012192018916270392}, 
   {19, 0.00009587726375902272}, {20, 0.00007539799543286596}, 
   {21, 0.00005929352284915479}, {22, 0.000046629128593288216}, 
   {23, 0.000036669871335465176}, {24, 0.00002883786343342576}, 
   {25, 0.000022678694021040224}, {26, 0.00001783503635693212}, 
   {27, 0.000014025900082856313}, {28, 0.000011030319691143764}, 
   {29, 8.674529821166288*^-6}}, {{2, 0.8498508646909}, 
   {3, 0.5033331705459415}, {4, 0.3351679794081749}, {5, 0.2381140608249034}, 
   {6, 0.17642856372579446}, {7, 0.13478531746943578}, 
   {8, 0.10551437488562546}, {9, 0.08435067884062841}, 
   {10, 0.06873406082441205}, {11, 0.05703652838854635}, 
   {12, 0.04817571596919218}, {13, 0.0414064659639516}, 
   {14, 0.036201434275779105}, {15, 0.03217917017822484}, 
   {16, 0.02905891630827297}, {17, 0.026631153761381615}, 
   {18, 0.024737801378759673}, {19, 0.023258544873792142}, 
   {20, 0.02210118027052251}, {21, 0.021194659426201537}, 
   {22, 0.02048399914687407}, {23, 0.019926503408395992}, 
   {24, 0.019488928226329576}, {25, 0.019145334198418337}, 
   {26, 0.018875447625755326}, {27, 0.018663402119313322}, 
   {28, 0.018496767604199774}, {29, 0.018365798131932114}}, 
  {1.933638433702067*^-9, 0.9799371574650492}}}
