{13, 40, {{{-0.5228017851657709, 0, -0.0012565053829517083, 
    0.0012565053829516931}, {0, 0.993510743727231, 0.0002104774119817928, 
    0.00021047741198170942}, {-0.001256505382951682, 0.00021047741198177187, 
    -0.000013123408416433786, 0.003008545776634182}, 
   {0.001256505382951711, 0.00021047741198170888, 0.0030085457766341676, 
    -0.000013123408416235594}}, {{-0.5228017851657711, 0.0012565053829517, 0, 
    -0.0012565053829516923}, {0.0012565053829516767, 
    -0.000013123408416478022, 0.00021047741198177848, 0.0030085457766341763}, 
   {0, 0.00021047741198179805, 0.9935107437272312, 0.00021047741198173582}, 
   {-0.0012565053829517107, 0.003008545776634196, 0.00021047741198169318, 
    -0.000013123408416276794}}, {{-0.5228017851657711, -0.001256505382951659, 
    0.0012565053829516662, 0}, {-0.0012565053829516237, 
    -0.000013123408416474119, 0.0030085457766342396, 0.00021047741198174195}, 
   {0.0012565053829516255, 0.0030085457766341815, -0.000013123408416471083, 
    0.0002104774119817152}, {0, 0.00021047741198168042, 
    0.00021047741198169652, 0.9935107437272315}}}, 
 {{{0., 0.04857285458964157, 0.04857285458964157, 0.04857285458964181}, 
   {-0.04857285458964157, 0., -0.04847848015361618, 0.04847848015361604}, 
   {-0.04857285458964157, 0.04847848015361618, 0., -0.04847848015361603}, 
   {-0.04857285458964181, -0.04847848015361604, 0.04847848015361603, 0.}}, 
  {{0., 0.04857285458964157, 0.048572854589641605, 0.04857285458964186}, 
   {-0.04857285458964157, 0., -0.04847848015361596, 0.04847848015361632}, 
   {-0.048572854589641605, 0.04847848015361596, 0., -0.048478480153616305}, 
   {-0.04857285458964186, -0.04847848015361632, 0.048478480153616305, 0.}}}, 
 {0, 0}, {{-1.5467967943709258, -1.5282880509269847}, 
  {-6.298182517231238, -1.5653055378148677, -1.5837857208007513}, 
  {-1.5652875570698723, -1.5467788136259313}, {{2, 0.00010268940853861569}, 
   {3, 0.00008110640896737131}, {4, 0.0000640603080945823}, 
   {5, 0.000050597277543897035}, {6, 0.000039963972221605804}, 
   {7, 0.00003156551023150017}, {8, 0.000024932113032269387}, 
   {9, 0.000019692779892811763}, {10, 0.00001555450816750209}, 
   {11, 0.000012285888805640965}, {12, 9.704154440917656*^-6}}, 
  {{2, 0.0025810174914753835}, {3, 0.001751891842193255}, 
   {4, 0.001099012300537195}, {5, 0.0005845774416986056}, 
   {6, 0.00017902157715160013}, {7, 0.00014082872469407115}, 
   {8, 0.00039316604191044926}, {9, 0.0005922909435298196}, 
   {10, 0.0007494559951126426}, {11, 0.000873522489167882}, 
   {12, 0.0009714730256522001}}, {1.2980576319543584*^-8, 0.961690680288726}}}
