{3, 32, {{{-0.5246520062887439, 0, -0.0001296311053327274, 
    0.00012963110533273232}, {0, 0.9993081880411372, 0.00002353257591818542, 
    0.000023532575917825614}, {-0.00012963110533270648, 
    0.000023532575917734066, -3.84033878720073*^-6, 0.00031645143018723906}, 
   {0.00012963110533271974, 0.00002353257591769402, 0.00031645143018743617, 
    -3.840338787090142*^-6}}, {{-0.5246520062887441, 0.0001296311053327415, 
    0, -0.0001296311053327304}, {0.00012963110533269776, 
    -3.8403387869912625*^-6, 0.000023532575917731125, 
    0.00031645143018740266}, {0, 0.000023532575918166297, 0.9993081880411367, 
    0.000023532575917657596}, {-0.00012963110533271784, 
    0.0003164514301872689, 0.000023532575917858983, -3.840338787114428*^-6}}, 
  {{-0.5246520062887443, -0.0001296311053326991, 0.00012963110533268908, 0}, 
   {-0.00012963110533262495, -3.840338787447495*^-6, 0.0003164514301872561, 
    0.000023532575917700537}, {0.00012963110533263338, 0.0003164514301876773, 
    -3.840338787253206*^-6, 0.000023532575917865587}, 
   {0, 0.000023532575917827084, 0.000023532575917666832, 
    0.9993081880411376}}}, 
 {{{0., 0.00789095492390963, 0.007890954923909631, 0.007890954923909635}, 
   {-0.00789095492390963, 0., -0.00792351757343229, 0.007923517573432275}, 
   {-0.007890954923909631, 0.00792351757343229, 0., -0.007923517573432282}, 
   {-0.007890954923909635, -0.007923517573432275, 0.007923517573432282, 0.}}, 
  {{0., 0.007890954923909628, 0.007890954923909618, 0.007890954923909656}, 
   {-0.007890954923909628, 0., -0.00792351757343227, 0.007923517573432326}, 
   {-0.007890954923909618, 0.00792351757343227, 0., -0.007923517573432324}, 
   {-0.007890954923909656, -0.007923517573432326, 0.007923517573432324, 
    0.}}}, {0, 0}, {{-1.571687185293646, -1.5703204318088009}, 
  {-6.2984429636821035, -1.5730539387784903, -1.5761675430625615}, 
  {-1.5730567587866608, -1.5716900053018157}, {{2, 0.000010433880413999314}}, 
  {{2, 0.002063289540787802}}, {2.47461791603808*^-13, 0.9958563006849779}}}
{7, 32, {{{-0.5246537748974465, 0, -0.0001291003809226124, 
    0.00012910038092258205}, {0, 0.9993097348036917, 0.000024355576081424012, 
    0.000024355576080985832}, {-0.00012910038092257608, 
    0.00002435557608093577, -4.822468180097801*^-6, 0.0003149058407780011}, 
   {0.00012910038092260663, 0.0000243555760809724, 0.0003149058407780882, 
    -4.822468179849736*^-6}}, {{-0.5246537748974466, 0.00012910038092262086, 
    0, -0.00012910038092258364}, {0.00012910038092257646, 
    -4.822468179966396*^-6, 0.000024355576080925713, 0.000314905840777954}, 
   {0, 0.00002435557608141767, 0.9993097348036917, 0.000024355576081031002}, 
   {-0.00012910038092260405, 0.0003149058407781449, 0.000024355576080933356, 
    -4.822468180010198*^-6}}, {{-0.5246537748974471, -0.0001291003809225951, 
    0.00012910038092258448, 0}, {-0.00012910038092253277, 
    -4.822468180439542*^-6, 0.00031490584077819976, 0.000024355576080972184}, 
   {0.00012910038092253814, 0.0003149058407782494, -4.822468180259998*^-6, 
    0.000024355576080936795}, {0, 0.000024355576080993462, 
    0.000024355576081022864, 0.9993097348036926}}}, 
 {{{0., 0.007858960578197844, 0.007858960578197849, 0.00785896057819785}, 
   {-0.007858960578197844, 0., -0.007923424784587425, 0.007923424784587475}, 
   {-0.007858960578197849, 0.007923424784587425, 0., -0.007923424784587435}, 
   {-0.00785896057819785, -0.007923424784587475, 0.007923424784587435, 0.}}, 
  {{0., 0.007858960578197832, 0.007858960578197844, 0.00785896057819786}, 
   {-0.007858960578197832, 0., -0.007923424784587412, 0.007923424784587503}, 
   {-0.007858960578197844, 0.007923424784587412, 0., -0.007923424784587456}, 
   {-0.00785896057819786, -0.007923424784587503, 0.007923424784587456, 0.}}}, 
 {0, 0}, {{-1.571698951852067, -1.570337739950455}, 
  {-6.2984523842781766, -1.5730601637536794, -1.5761660283854089}, 
  {-1.5730657465177158, -1.5717045346161038}, {{2, 0.003760217128506705}, 
   {3, 0.0014736083490023873}, {4, 0.0005776486634833568}, 
   {5, 0.00022646145507785286}, {6, 0.00008878603839670984}}, 
  {{2, 0.09323748847070845}, {3, 0.03438117990372707}, 
   {4, 0.014389879575421797}, {5, 0.006956867183752877}, 
   {6, 0.00410131885433042}}, {2.4744440461272903*^-13, 0.9958655492384164}}}
