{10, 32, {{{-0.5155523951351741, 0, -0.006091279554599473, 
    0.00609127955459946}, {0, 0.9712749138584411, 0.0008296245314705665, 
    0.0008296245314705721}, {-0.006091279554599425, 0.0008296245314704958, 
    0.00024170537051774717, 0.013828978255333375}, 
   {0.0060912795545994426, 0.0008296245314704932, 0.013828978255333359, 
    0.00024170537051770163}}, {{-0.5155523951351741, 0.006091279554599469, 0, 
    -0.006091279554599464}, {0.006091279554599434, 0.00024170537051777232, 
    0.0008296245314705014, 0.01382897825533339}, {0, 0.0008296245314705656, 
    0.9712749138584411, 0.0008296245314705601}, {-0.006091279554599448, 
    0.01382897825533336, 0.000829624531470491, 0.00024170537051768082}}, 
  {{-0.515552395135174, -0.006091279554599399, 0.006091279554599404, 0}, 
   {-0.006091279554599378, 0.00024170537051763918, 0.013828978255333366, 
    0.0008296245314705531}, {0.006091279554599373, 0.013828978255333366, 
    0.00024170537051765306, 0.0008296245314705557}, 
   {0, 0.0008296245314704772, 0.0008296245314705014, 0.9712749138584411}}}, 
 {{{0., 0.05172737469290243, 0.05172737469290242, 0.051727374692902464}, 
   {-0.05172737469290243, 0., -0.05090406679944205, 0.05090406679944178}, 
   {-0.05172737469290242, 0.05090406679944205, 0., -0.050904066799441774}, 
   {-0.051727374692902464, -0.05090406679944178, 0.050904066799441774, 0.}}, 
  {{0., 0.05172737469290242, 0.051727374692902416, 0.05172737469290256}, 
   {-0.05172737469290242, 0., -0.05090406679944188, 0.05090406679944208}, 
   {-0.051727374692902416, 0.05090406679944188, 0., -0.05090406679944208}, 
   {-0.05172737469290256, -0.05090406679944208, 0.05090406679944208, 0.}}}, 
 {0, 0}, {{-1.454707934912785, -1.3991593814244254}, 
  {-6.293303755701143, -1.5102564884011476, -1.636395389449424}, 
  {-1.5098144249596046, -1.454265871471245}, {{2, 0.025151674520971515}, 
   {3, 0.010366446662925355}, {4, 0.004337955819110922}, 
   {5, 0.0018280127272546215}, {6, 0.0007726884545353196}, 
   {7, 0.00032704012425424644}, {8, 0.0001384972230103615}, 
   {9, 0.00005866572639892653}}, {{2, 0.08386532380042819}, 
   {3, 0.0258389831670367}, {4, 0.005500356613780047}, 
   {5, 0.002486515650314756}, {6, 0.005765478773601743}, 
   {7, 0.007136427312219269}, {8, 0.00771401797546457}, 
   {9, 0.007958144970128148}}, {1.739862312269893*^-8, 0.8395624986475492}}}
