{12, 32, {{{-0.5171348724413385, 0, -0.005158971080357216, 
    0.005158971080357187}, {0, 0.974910520408985, 0.001005989476837275, 
    0.0010059894768372707}, {-0.005158971080357172, 0.001005989476837216, 
    -0.0001307802308279666, 0.011780997730347655}, 
   {0.005158971080357182, 0.001005989476837233, 0.01178099773034762, 
    -0.00013078023082803512}}, {{-0.5171348724413385, 0.0051589710803572175, 
    0, -0.005158971080357186}, {0.005158971080357176, 
    -0.00013078023082797137, 0.0010059894768372245, 0.011780997730347614}, 
   {0, 0.0010059894768372686, 0.9749105204089847, 0.0010059894768372811}, 
   {-0.005158971080357177, 0.011780997730347619, 0.0010059894768372248, 
    -0.00013078023082799262}}, {{-0.5171348724413385, -0.005158971080357171, 
    0.005158971080357174, 0}, {-0.005158971080357141, 
    -0.00013078023082802384, 0.011780997730347655, 0.00100598947683728}, 
   {0.005158971080357131, 0.011780997730347678, -0.00013078023082807588, 
    0.0010059894768372722}, {0, 0.0010059894768372033, 0.0010059894768372222, 
    0.9749105204089847}}}, 
 {{{0., 0.04710558120729812, 0.04710558120729813, 0.04710558120729817}, 
   {-0.04710558120729812, 0., -0.04802964912528628, 0.04802964912528603}, 
   {-0.04710558120729813, 0.04802964912528628, 0., -0.04802964912528605}, 
   {-0.04710558120729817, -0.04802964912528603, 0.04802964912528605, 0.}}, 
  {{0., 0.047105581207298124, 0.0471055812072981, 0.04710558120729824}, 
   {-0.047105581207298124, 0., -0.048029649125286095, 0.04802964912528632}, 
   {-0.0471055812072981, 0.048029649125286095, 0., -0.048029649125286324}, 
   {-0.04710558120729824, -0.04802964912528632, 0.048029649125286324, 0.}}}, 
 {0, 0}, {{-1.4718157193996506, -1.4244939486164119}, 
  {-6.294623940474089, -1.51913749018289, -1.6281744800541547}, 
  {-1.5196016446321337, -1.472279873848895}, {{2, 0.022872191783583767}, 
   {3, 0.009359103504410438}, {4, 0.0038771959079877266}, 
   {5, 0.0016152926990943145}, {6, 0.000674599611663565}, 
   {7, 0.0002820272878740204}, {8, 0.00011795750816492867}, 
   {9, 0.00004934458275675235}, {10, 0.00002064365717274752}, 
   {11, 8.636697697350648*^-6}}, {{2, 0.10514688224123328}, 
   {3, 0.044755836034532925}, {4, 0.02368227580999709}, 
   {5, 0.01547575960930284}, {6, 0.012141633079342296}, 
   {7, 0.010763575831779986}, {8, 0.010189941683953735}, 
   {9, 0.009950452629587665}, {10, 0.009850343905379168}, 
   {11, 0.009808475920522856}}, {1.2275988807388268*^-8, 0.8585953690503629}}}
