{39, 40, {{{-0.5163810461753771, 0, -0.005463001111381226, 
    0.005463001111381197}, {0, 0.9741904610740333, 0.0006622870019235591, 
    0.0006622870019235513}, {-0.005463001111381178, 0.0006622870019234962, 
    0.00029022792173363874, 0.01245591554927517}, 
   {0.005463001111381174, 0.0006622870019235114, 0.012455915549275139, 
    0.0002902279217336383}}, {{-0.5163810461753771, 0.005463001111381215, 0, 
    -0.005463001111381194}, {0.005463001111381173, 0.0002902279217336561, 
    0.0006622870019234916, 0.012455915549275144}, 
   {0, 0.0006622870019235714, 0.9741904610740333, 0.000662287001923566}, 
   {-0.005463001111381165, 0.012455915549275168, 0.0006622870019234841, 
    0.00029022792173363787}}, {{-0.516381046175377, -0.0054630011113811485, 
    0.0054630011113811555, 0}, {-0.005463001111381123, 0.0002902279217336058, 
    0.012455915549275186, 0.0006622870019235569}, 
   {0.005463001111381123, 0.012455915549275148, 0.0002902279217336101, 
    0.0006622870019235374}, {0, 0.0006622870019234756, 0.0006622870019234945, 
    0.9741904610740331}}}, 
 {{{0., 0.09869844261881469, 0.09869844261881466, 0.09869844261881504}, 
   {-0.09869844261881469, 0., -0.09620971754394014, 0.09620971754393959}, 
   {-0.09869844261881466, 0.09620971754394014, 0., -0.09620971754393959}, 
   {-0.09869844261881504, -0.09620971754393959, 0.09620971754393959, 0.}}, 
  {{0., 0.09869844261881465, 0.09869844261881464, 0.09869844261881516}, 
   {-0.09869844261881465, 0., -0.09620971754393978, 0.09620971754394013}, 
   {-0.09869844261881464, 0.09620971754393978, 0., -0.09620971754394014}, 
   {-0.09869844261881516, -0.09620971754394013, 0.09620971754394014, 0.}}}, 
 {0, 0}, {{-1.4665853148742276, -1.3947860136318695}, 
  {-6.294233143024233, -1.538384616116585, -1.6087319553955313}, 
  {-1.537479390478677, -1.4656800892363189}, {{2, 0.015442611326503507}, 
   {3, 0.012376800603822291}, {4, 0.009936649507331766}, 
   {5, 0.007992900146998924}, {6, 0.00644146542800568}, 
   {7, 0.005200117809829527}, {8, 0.00420438474227694}, 
   {9, 0.0034037818699324818}, {10, 0.002758704272639592}, 
   {11, 0.0022379762703319955}, {12, 0.0018169594115598209}, 
   {13, 0.0014761026651652076}, {14, 0.0011998323794220056}, 
   {15, 0.0009756999146032785}, {16, 0.0007937239631883308}, 
   {17, 0.0006458801897428618}, {18, 0.0005257028438362676}, 
   {19, 0.00042797199237411265}, {20, 0.00034846665918188136}, 
   {21, 0.0002837690442766827}, {22, 0.00023110859185340726}, 
   {23, 0.00018823733596226577}, {24, 0.000153329932824936}, 
   {25, 0.00012490327384513666}, {26, 0.0001017516964657017}, 
   {27, 0.00008289466644968713}, {28, 0.00006753446354569592}, 
   {29, 0.00005502191253103916}, {30, 0.00004482859953519602}, 
   {31, 0.000036524325971898364}, {32, 0.000029758799110574108}, 
   {33, 0.000024246754092766}, {34, 0.00001975585823349446}, 
   {35, 0.000016096873262622102}, {36, 0.000013115651321213284}, 
   {37, 0.00001068662111126939}, {38, 8.70748557754708*^-6}}, 
  {{2, 0.8545942577889969}, {3, 0.4995108747082543}, 
   {4, 0.32731669784183576}, {5, 0.22763055942218338}, 
   {6, 0.1638667203247482}, {7, 0.12041183029317545}, 
   {8, 0.0894886371529671}, {9, 0.06679226562299491}, 
   {10, 0.04974949913326439}, {11, 0.036729501007409224}, 
   {12, 0.0266501144280561}, {13, 0.018766355939285877}, 
   {14, 0.012549807387769507}, {15, 0.00761637424061926}, 
   {16, 0.003681183511081456}, {17, 0.0005294072925037756}, 
   {18, 0.002003202937753668}, {19, 0.004043659415578023}, 
   {20, 0.005691105094893423}, {21, 0.007023529357860469}, 
   {22, 0.008102673157362107}, {23, 0.00897767070400152}, 
   {24, 0.009687792005998883}, {25, 0.010264534034689517}, 
   {26, 0.010733232370506596}, {27, 0.011114314722901187}, 
   {28, 0.011424283538667274}, {29, 0.01167649134699492}, 
   {30, 0.0118817559643195}, {31, 0.012048850907002912}, 
   {32, 0.012184897841652234}, {33, 0.012295681652455415}, 
   {34, 0.01238590405749831}, {35, 0.012459388208205007}, 
   {36, 0.012519244044170147}, {37, 0.01256800212972244}, 
   {38, 0.012607722112124228}}, {7.930738639839227*^-7, 0.854797487151497}}}
