{3, 28, {{{-0.5236279962152451, 0, -0.0005430461217665861, 
    0.0005430461217665867}, {0, 0.9974202134473197, -0.00020830778158861533, 
    -0.00020830778158856332}, {-0.0005430461217665687, 
    -0.00020830778158834816, 0.0003216908861105993, 0.0014650781501685205}, 
   {0.0005430461217665826, -0.0002083077815885915, 0.0014650781501684062, 
    0.0003216908861109003}}, {{-0.5236279962152453, 0.0005430461217665851, 0, 
    -0.0005430461217665913}, {0.0005430461217665551, 0.0003216908861106184, 
    -0.00020830778158834734, 0.0014650781501685077}, 
   {0, -0.0002083077815886091, 0.9974202134473196, -0.00020830778158854174}, 
   {-0.00054304612176658, 0.0014650781501684114, -0.00020830778158860717, 
    0.0003216908861108092}}, {{-0.5236279962152456, -0.0005430461217665564, 
    0.0005430461217665603, 0}, {-0.0005430461217665361, 
    0.00032169088611057415, 0.0014650781501685337, -0.00020830778158858083}, 
   {0.0005430461217665529, 0.0014650781501684743, 0.0003216908861106704, 
    -0.00020830778158859554}, {0, -0.0002083077815885561, 
    -0.0002083077815885456, 0.9974202134473198}}}, 
 {{{0., 0.018854707061104998, 0.018854707061104998, 0.018854707061105022}, 
   {-0.018854707061104998, 0., -0.013680453415539511, 0.013680453415539435}, 
   {-0.018854707061104998, 0.013680453415539511, 0., -0.013680453415539426}, 
   {-0.018854707061105022, -0.013680453415539435, 0.013680453415539426, 0.}}, 
  {{0., 0.01885470706110498, 0.018854707061104987, 0.018854707061105057}, 
   {-0.01885470706110498, 0., -0.013680453415539456, 0.013680453415539527}, 
   {-0.018854707061104987, 0.013680453415539456, 0., -0.013680453415539518}, 
   {-0.018854707061105057, -0.013680453415539527, 0.013680453415539518, 
    0.}}}, {0, 0}, {{-1.5613664810727543, -1.554835018954421}, 
  {-6.2984346548219445, -1.567897943191087, -1.5813193842198852}, 
  {-1.56700173617055, -1.5604702740522167}, {{2, 0.00010699144573720482}}, 
  {{2, 0.1372138434396414}}, {6.5554566447799084*^-12, 0.984620767442489}}}
