{3, 28, {{{-0.5129438898775778, 0, -0.0059610700927749056, 
    0.005961070092774904}, {0, 0.9748224410590741, -0.001927746451189468, 
    -0.001927746451189496}, {-0.005961070092774867, -0.0019277464511895694, 
    0.0031553405241917963, 0.014373083350622014}, 
   {0.005961070092774878, -0.0019277464511895756, 0.014373083350622023, 
    0.003155340524191843}}, {{-0.5129438898775778, 0.005961070092774907, 0, 
    -0.005961070092774908}, {0.005961070092774875, 0.003155340524191811, 
    -0.0019277464511895746, 0.014373083350622038}, 
   {0, -0.0019277464511894835, 0.9748224410590739, -0.0019277464511895026}, 
   {-0.005961070092774885, 0.01437308335062205, -0.0019277464511895967, 
    0.0031553405241917243}}, {{-0.5129438898775778, -0.005961070092774854, 
    0.005961070092774849, 0}, {-0.00596107009277486, 0.0031553405241917373, 
    0.014373083350622038, -0.0019277464511895212}, 
   {0.005961070092774856, 0.01437308335062202, 0.0031553405241918075, 
    -0.0019277464511895214}, {0, -0.0019277464511896075, 
    -0.0019277464511895997, 0.974822441059074}}}, 
 {{{0., 0.0584797659697546, 0.0584797659697546, 0.058479765969754655}, 
   {-0.0584797659697546, 0., -0.04296986402860408, 0.04296986402860385}, 
   {-0.0584797659697546, 0.04296986402860408, 0., -0.04296986402860385}, 
   {-0.058479765969754655, -0.04296986402860385, 0.04296986402860385, 0.}}, 
  {{0., 0.0584797659697546, 0.05847976596975459, 0.05847976596975475}, 
   {-0.0584797659697546, 0., -0.042969864028603935, 0.04296986402860411}, 
   {-0.05847976596975459, 0.042969864028603935, 0., -0.042969864028604116}, 
   {-0.05847976596975475, -0.04296986402860411, 0.042969864028604116, 0.}}}, 
 {0, 0}, {{-1.4495733381294118, -1.3887993826047995}, 
  {-6.293609360298205, -1.5103472936540232, -1.636457386495079}, 
  {-1.5022881121992782, -1.4415141566746659}, {{2, 0.00030100877411017024}}, 
  {{2, 0.13260913141455}}, {6.294828125238187*^-9, 0.8581300497735589}}}
