{12, 32, {{{-0.5231281977472897, 0, -0.0010156211065852523, 
    0.0010156211065852458}, {0, 0.9948077035724419, 0.00010762700860501059, 
    0.00010762700860499574}, {-0.0010156211065852337, 0.00010762700860514839, 
    0.00005604238483388228, 0.0024592849905690616}, 
   {0.001015621106585248, 0.00010762700860500246, 0.0024592849905690035, 
    0.000056042384833977256}}, {{-0.5231281977472897, 0.0010156211065852512, 
    0, -0.001015621106585244}, {0.0010156211065852326, 
    0.00005604238483379424, 0.00010762700860515641, 0.0024592849905690694}, 
   {0, 0.00010762700860501216, 0.9948077035724419, 0.00010762700860499431}, 
   {-0.0010156211065852434, 0.0024592849905689987, 0.00010762700860500036, 
    0.00005604238483397639}}, {{-0.5231281977472898, -0.001015621106585194, 
    0.0010156211065852178, 0}, {-0.001015621106585163, 
    0.00005604238483381506, 0.002459284990569093, 0.00010762700860501476}, 
   {0.0010156211065851805, 0.002459284990569054, 0.0000560423848337821, 
    0.00010762700860501442}, {0, 0.00010762700860499075, 
    0.0001076270086049862, 0.9948077035724421}}}, 
 {{{0., 0.04458462675914128, 0.044584626759141294, 0.04458462675914144}, 
   {-0.04458462675914128, 0., -0.042914527261499275, 0.042914527261499205}, 
   {-0.044584626759141294, 0.042914527261499275, 0., -0.04291452726149918}, 
   {-0.04458462675914144, -0.042914527261499205, 0.04291452726149918, 0.}}, 
  {{0., 0.044584626759141266, 0.04458462675914129, 0.04458462675914153}, 
   {-0.044584626759141266, 0., -0.04291452726149909, 0.04291452726149946}, 
   {-0.04458462675914129, 0.04291452726149909, 0., -0.0429145272614994}, 
   {-0.04458462675914153, -0.04291452726149946, 0.0429145272614994, 0.}}}, 
 {0, 0}, {{-1.5517546822980068, -1.536310114541339}, 
  {-6.298794021046292, -1.5671992500546708, -1.5821977604684752}, 
  {-1.5669099803363113, -1.5514654125796434}, {{2, 0.008055476036968707}, 
   {3, 0.006336031054130723}, {4, 0.004984985122917264}, 
   {5, 0.003923318347027603}, {6, 0.003088770375227652}, 
   {7, 0.0024324735700323244}, {8, 0.0019161286480791628}, 
   {9, 0.0015097255552571631}, {10, 0.001189739678534224}, 
   {11, 0.0009377176170861229}}, {{2, 0.668113712973101}, 
   {3, 0.3679751335433819}, {4, 0.2223679443609839}, 
   {5, 0.13833278383847297}, {6, 0.08490453946856011}, 
   {7, 0.04881315804778972}, {8, 0.0234216236117352}, 
   {9, 0.005041486487398835}, {10, 0.008540073814559975}, 
   {11, 0.018729544453342933}}, {6.246345417640456*^-9, 0.9692478317672485}}}
