{12, 32, {{{-0.5017844221919355, 0, -0.016185412738237284, 
    0.016185412738237256}, {0, 0.9271765301100467, 0.002601545736178, 
    0.0026015457361779947}, {-0.016185412738237225, 0.0026015457361779643, 
    0.0007883813445082868, 0.03584967918109086}, 
   {0.01618541273823724, 0.0026015457361778646, 0.03584967918109075, 
    0.0007883813445082647}}, {{-0.5017844221919356, 0.01618541273823732, 0, 
    -0.016185412738237263}, {0.01618541273823726, 0.0007883813445083176, 
    0.0026015457361779765, 0.03584967918109086}, {0, 0.002601545736177998, 
    0.9271765301100467, 0.0026015457361780164}, {-0.016185412738237263, 
    0.03584967918109079, 0.0026015457361778507, 0.0007883813445082322}}, 
  {{-0.5017844221919355, -0.016185412738237214, 0.01618541273823719, 0}, 
   {-0.01618541273823721, 0.0007883813445082179, 0.035849679181090936, 
    0.0026015457361779765}, {0.016185412738237197, 0.03584967918109089, 
    0.0007883813445082322, 0.0026015457361779713}, 
   {0, 0.0026015457361778438, 0.002601545736177878, 0.9271765301100469}}}, 
 {{{0., 0.08191855365023584, 0.08191855365023584, 0.08191855365023588}, 
   {-0.08191855365023584, 0., -0.08182418266698596, 0.08182418266698563}, 
   {-0.08191855365023584, 0.08182418266698596, 0., -0.0818241826669856}, 
   {-0.08191855365023588, -0.08182418266698563, 0.0818241826669856, 0.}}, 
  {{0., 0.08191855365023581, 0.08191855365023581, 0.08191855365023602}, 
   {-0.08191855365023581, 0., -0.0818241826669857, 0.08182418266698602}, 
   {-0.08191855365023581, 0.0818241826669857, 0., -0.08182418266698602}, 
   {-0.08191855365023602, -0.08182418266698602, 0.08182418266698602, 0.}}}, 
 {0, 0}, {{-1.2853240373456367, -1.154787908101252}, 
  {-6.265763956748062, -1.4158601665900206, -1.7170218117840104}, 
  {-1.4157849771346562, -1.2852488478902715}, {{2, 0.006025229953168398}, 
   {3, 0.0028715507152571873}, {4, 0.00138774548048895}, 
   {5, 0.0006729440490224337}, {6, 0.00032695042801020313}, 
   {7, 0.00015899501159760687}, {8, 0.00007735344486281548}, 
   {9, 0.000037641809873950605}, {10, 0.000018319238633018875}, 
   {11, 8.915932552089334*^-6}}, {{2, 0.011902514603793013}, 
   {3, 0.0053268798038127564}, {4, 0.002246926856901217}, 
   {5, 0.0007792801134590668}, {6, 0.00007212012344659663}, 
   {7, 0.0002703822928869734}, {8, 0.00043668783160836523}, 
   {9, 0.0005175383055471485}, {10, 0.0005568677286044202}, 
   {11, 0.0005760049405472981}}, {3.001166259619488*^-7, 0.6352937430514548}}}
