{18, 40, {{{-0.5161722683872386, 0, -0.005529062523202291, 
    0.005529062523202274}, {0, 0.9740905382029864, 0.0005412490895272582, 
    0.0005412490895272326}, {-0.005529062523202256, 0.0005412490895271523, 
    0.00043088796195166895, 0.012613508797625472}, 
   {0.00552906252320225, 0.0005412490895271719, 0.012613508797625475, 
    0.0004308879619516312}}, {{-0.5161722683872386, 0.005529062523202295, 0, 
    -0.005529062523202278}, {0.005529062523202252, 0.0004308879619516681, 
    0.0005412490895271478, 0.012613508797625475}, 
   {0, 0.0005412490895272714, 0.9740905382029865, 0.0005412490895272225}, 
   {-0.005529062523202245, 0.012613508797625453, 0.0005412490895271715, 
    0.0004308879619516759}}, {{-0.5161722683872386, -0.005529062523202233, 
    0.005529062523202226, 0}, {-0.005529062523202198, 0.00043088796195165247, 
    0.012613508797625498, 0.0005412490895272148}, 
   {0.005529062523202198, 0.01261350879762547, 0.00043088796195164814, 
    0.0005412490895272172}, {0, 0.0005412490895271617, 0.0005412490895271677, 
    0.9740905382029863}}}, 
 {{{0., 0.0999055475185495, 0.09990554751854949, 0.09990554751854988}, 
   {-0.0999055475185495, 0., -0.09598788620728219, 0.09598788620728169}, 
   {-0.09990554751854949, 0.09598788620728219, 0., -0.09598788620728169}, 
   {-0.09990554751854988, -0.09598788620728169, 0.09598788620728169, 0.}}, 
  {{0., 0.09990554751854948, 0.0999055475185495, 0.09990554751855005}, 
   {-0.09990554751854948, 0., -0.09598788620728188, 0.09598788620728221}, 
   {-0.0999055475185495, 0.09598788620728188, 0., -0.0959878862072822}, 
   {-0.09990554751855005, -0.09598788620728221, 0.0959878862072822, 0.}}}, 
 {0, 0}, {{-1.4656615000420405, -1.3929840766527912}, 
  {-6.2941535376358075, -1.5383389234312885, -1.6087378453866152}, 
  {-1.5369139498593167, -1.4642365264700674}, {{2, 0.0001863865225517347}, 
   {3, 0.000151862886541565}, {4, 0.00012372767950356856}, 
   {5, 0.00010081013129820127}, {6, 0.00008214072065244882}, 
   {7, 0.00006693090840417804}, {8, 0.000054538884259880405}, 
   {9, 0.000044442144474909906}, {10, 0.000036215233337980046}, 
   {11, 0.000029511664239811886}, {12, 0.00002404922654648811}, 
   {13, 0.00001959803821996453}, {14, 0.000015970827103167773}, 
   {15, 0.000013015022485143857}, {16, 0.000010606317985745184}, 
   {17, 8.64343085653363*^-6}}, {{2, 0.01611199608076621}, 
   {3, 0.016795227985793002}, {4, 0.017350198609923914}, 
   {5, 0.017801298288859353}, {6, 0.018168144692663972}, 
   {7, 0.018466591154080267}, {8, 0.018709468652663454}, 
   {9, 0.01890717518199182}, {10, 0.01906814581393254}, 
   {11, 0.019199229041359622}, {12, 0.01930598903867451}, 
   {13, 0.019392949058375793}, {14, 0.019463787850462766}, 
   {15, 0.019521498453443645}, {16, 0.019568516753095316}, 
   {17, 0.019606825689735978}}, {7.821653412684829*^-7, 0.8542715617403112}}}
