{3, 40, {{{-0.000015981632633655577, 0, -4.463158285004791*^-6, 
    4.4631582850008505*^-6}, {0, 0.000023446520685206735, 
    7.307142636526423*^-7, 7.307142636539706*^-7}, 
   {-4.463158285000916*^-6, 7.307142636535573*^-7, -3.7324440179846283*^-6, 
    0.00001452020409427263}, {4.463158285003078*^-6, 7.307142636538438*^-7, 
    0.000014520204094266267, -3.7324440179872935*^-6}}, 
  {{-0.000015981632633650424, 4.4631582850040625*^-6, 0, 
    -4.46315828500168*^-6}, {4.463158285002626*^-6, -3.7324440179861945*^-6, 
    7.307142636536632*^-7, 0.000014520204094270476}, 
   {0, 7.307142636508413*^-7, 0.000023446520685204275, 
    7.307142636545004*^-7}, {-4.463158285001777*^-6, 0.00001452020409426967, 
    7.307142636537218*^-7, -3.7324440179887343*^-6}}, 
  {{-0.000015981632633655543, -4.463158285000049*^-6, 4.4631582850014095*^-6, 
    0}, {-4.463158285003222*^-6, -3.732444017984813*^-6, 
    0.00001452020409426995, 7.307142636545665*^-7}, 
   {4.4631582849995384*^-6, 0.00001452020409426972, -3.7324440179888965*^-6, 
    7.307142636532162*^-7}, {0, 7.30714263652609*^-7, 7.307142636531266*^-7, 
    0.000023446520685204116}}}, 
 {{{0., 0.5773502689339297, 0.5773502689339296, 0.5773502689339305}, 
   {-0.5773502689339297, 0., -0.5773502688665999, 0.577350268866599}, 
   {-0.5773502689339296, 0.5773502688665999, 0., -0.5773502688665991}, 
   {-0.5773502689339305, -0.577350268866599, 0.5773502688665991, 0.}}, 
  {{0., 0.5773502689339293, 0.5773502689339292, 0.5773502689339312}, 
   {-0.5773502689339293, 0., -0.5773502688666007, 0.5773502688665988}, 
   {-0.5773502689339292, 0.5773502688666007, 0., -0.5773502688665987}, 
   {-0.5773502689339312, -0.5773502688665988, 0.5773502688665987, 0.}}}, 
 {0, 0}, {{-0.14000000061925996, 0.7199999989998651}, 
  {-5.7200000001031475, -1.0000000002383846, -1.859999999813189}, 
  {-1.0000000001882376, -0.14000000056911255}, {{2, 4.702189889800749*^-6}}, 
  {{2, 5.830994949096585*^-11}}, {0.037037036912704116, 
   1.6613855610534675*^-28}}}
