{4, 28, {{{-0.5246672939963026, 0, -0.00010753664939140573, 
    0.00010753664939089958}, {0, 0.9993074502687603, 0.00003050340007058794, 
    0.00003050340007070482}, {-0.00010753664939117371, 
    0.000030503400070015462, -3.6422838137152493*^-6, 0.0007619432420214068}, 
   {0.00010753664939134495, 0.00003050340006990789, 0.0007619432420219376, 
    -3.6422838136033597*^-6}}, {{-0.524667293996302, 0.00010753664939122235, 
    0, -0.00010753664939087368}, {0.00010753664939126916, 
    -3.6422838141474123*^-6, 0.00003050340007005208, 0.0007619432420223223}, 
   {0, 0.00003050340007063288, 0.9993074502687606, 0.00003050340007023452}, 
   {-0.00010753664939133474, 0.0007619432420209947, 0.000030503400070336593, 
    -3.6422838140775897*^-6}}, 
  {{-0.5246672939963033, -0.00010753664939115962, 0.00010753664939132422, 0}, 
   {-0.00010753664939121746, -3.6422838137492933*^-6, 0.0007619432420212752, 
    0.00003050340007001946}, {0.00010753664939103865, 0.0007619432420222852, 
    -3.642283813887204*^-6, 0.000030503400070339537}, 
   {0, 0.000030503400070796237, 0.000030503400070509066, 
    0.9993074502687612}}}, 
 {{{0, 0.015406842544638442, 0.015406842544638406, 0.015406842544638382}, 
   {-0.015406842544638442, 0, -0.015989230579614412, 0.015989230579613854}, 
   {-0.015406842544638406, 0.015989230579614412, 0, -0.015989230579613677}, 
   {-0.015406842544638382, -0.015989230579613854, 0.015989230579613677, 0}}, 
  {{0, 0.015406842544638383, 0.0154068425446384, 0.015406842544638394}, 
   {-0.015406842544638383, 0, -0.015989230579614235, 0.01598923057961403}, 
   {-0.0154068425446384, 0.015989230579614235, 0, -0.015989230579613836}, 
   {-0.015406842544638394, -0.01598923057961403, 0.015989230579613836, 0}}}, 
 {0, 0}, {{-1.568286832985847, -1.5629497461715407}, 
  {-6.298561208744799, -1.5758706499013488, -1.5734099544710505}, 
  {-1.5737247923667823, -1.568387705552476}, {{2, 0.002961407282400335}, 
   {3, 0.0006489605250238374}}, {{2, 0.0004709015163568412}, 
   {3, 0.000582388034975606}}, {1.670957457661376*^-11, 0.9958518893496825}}}
