{4, 28, {{{-0.5248235390402732, 0, -0.000026736675964375667, 
    0.000026736675964820166}, {0, 0.9998273091930251, 7.631502723823587*^-6, 
    7.631502722955526*^-6}, {-0.000026736675963883998, 7.631502722055452*^-6, 
    -9.28498109447869*^-7, 0.00018975251985568675}, 
   {0.00002673667596432127, 7.631502723391499*^-6, 0.0001897525198584432, 
    -9.284981097783338*^-7}}, {{-0.5248235390402731, 0.000026736675963940373, 
    0, -0.000026736675964798895}, {0.0000267366759642843, 
    -9.284981102846562*^-7, 7.631502722011896*^-6, 0.00018975251985782861}, 
   {0, 7.631502723747978*^-6, 0.9998273091930261, 7.631502722696046*^-6}, 
   {-0.000026736675964324794, 0.0001897525198567946, 7.631502723580582*^-6, 
    -9.28498109968286*^-7}}, {{-0.5248235390402747, -0.000026736675963858438, 
    0.000026736675964313664, 0}, {-0.000026736675964174706, 
    -9.284981101840423*^-7, 0.00018975251985472064, 7.631502723428335*^-6}, 
   {0.000026736675963755296, 0.00018975251985775386, -9.284981106472134*^-7, 
    7.631502723793765*^-6}, {0, 7.63150272293197*^-6, 7.631502722554129*^-6, 
    0.9998273091930258}}}, 
 {{{0, 0.007694759465968438, 0.007694759465968503, 0.007694759465968555}, 
   {-0.007694759465968438, 0, -0.007987052629683154, 0.007987052629682889}, 
   {-0.007694759465968503, 0.007987052629683154, 0, -0.00798705262968331}, 
   {-0.007694759465968555, -0.007987052629682889, 0.00798705262968331, 0}}, 
  {{0, 0.007694759465968478, 0.0076947594659684485, 0.00769475946596862}, 
   {-0.007694759465968478, 0, -0.007987052629682877, 0.007987052629682707}, 
   {-0.0076947594659684485, 0.007987052629682877, 0, -0.007987052629683362}, 
   {-0.00769475946596862, -0.007987052629682707, 0.007987052629683362, 0}}}, 
 {0, 0}, {{-1.5730435770544022, -1.571710805619695}, 
  {-6.298519823140303, -1.574936583778181, -1.5743233277919706}, 
  {-1.574401661819623, -1.5730688903849157}, {{2, 0.0014777076136526703}, 
   {3, 0.0003213795281756986}}, {{2, 0.0002355502426496254}, 
   {3, 0.00029229316371454274}}, {2.5960872067595733*^-13, 
   0.9989643023868893}}}
