{3, 20, {{{0, 0, 0, 0}, {0, 0, 0, 0}, {0, 0, 0, 0}, {0, 0, 0, 0}}, 
  {{0, 0, 0, 0}, {0, 0, 0, 0}, {0, 0, 0, 0}, {0, 0, 0, 0}}, 
  {{0, 0, 0, 0}, {0, 0, 0, 0}, {0, 0, 0, 0}, {0, 0, 0, 0}}}, 
 {{{0., 0.5773502691896255, 0.5773502691896255, 0.577350269189626}, 
   {-0.5773502691896255, 0., -0.5773502691896257, 0.5773502691896257}, 
   {-0.5773502691896255, 0.5773502691896257, 0., -0.5773502691896257}, 
   {-0.577350269189626, -0.5773502691896257, 0.5773502691896257, 0.}}, 
  {{0., 0.5773502691896251, 0.577350269189626, 0.5773502691896264}, 
   {-0.5773502691896251, 0., -0.577350269189626, 0.577350269189626}, 
   {-0.577350269189626, 0.577350269189626, 0., -0.5773502691896251}, 
   {-0.5773502691896264, -0.577350269189626, 0.5773502691896251, 0.}}}, 
 {0, 0}, {{-0.9899999999999994, -0.9799999999999998}, 
  {-1.0050000000000006, -0.9999999999999999, 0.4974999999999996}, 
  {-0.9999999999999994, -0.9899999999999998}, {{2, 8.881784197001252*^-16}}, 
  {{2, 1.850371707708594*^-16}}, {0.03703703703703701, 0}}}
