{5, 40, {{{-0.5248162220786912, 0, -0.000026633768330491475, 
    0.00002663376833017638}, {0, 0.999824287363448, 7.824607206853278*^-6, 
    7.824607207256498*^-6}, {-0.000026633768330151015, 7.824607207298517*^-6, 
    -2.2140912777349935*^-6, 0.0002594244503098629}, 
   {0.000026633768330961683, 7.824607207340869*^-6, 0.0002594244503119354, 
    -2.2140912778314875*^-6}}, 
  {{-0.5248162220786912, 0.000026633768330180736, 0, 
    -0.000026633768330200366}, {0.000026633768330435042, 
    -2.2140912775995766*^-6, 7.824607207303425*^-6, 0.00025942445031150555}, 
   {0, 7.824607206881274*^-6, 0.9998242873634474, 7.824607207090013*^-6}, 
   {-0.00002663376833096325, 0.0002594244503101792, 7.824607207475795*^-6, 
    -2.214091277308143*^-6}}, {{-0.5248162220786963, -0.000026633768330259, 
    0.000026633768330444498, 0}, {-0.00002663376833029091, 
    -2.2140912784270397*^-6, 0.00025942445030995145, 7.824607207367325*^-6}, 
   {0.000026633768330076686, 0.00025942445031239064, -2.2140912783741307*^-6, 
    7.824607207534445*^-6}, {0, 7.824607207233575*^-6, 7.824607207093498*^-6, 
    0.9998242873634478}}}, 
 {{{0, 0.007753534845576308, 0.007753534845576305, 0.0077535348455764555}, 
   {-0.007753534845576308, 0, -0.008057681578576979, 0.00805768157857645}, 
   {-0.007753534845576305, 0.008057681578576979, 0, -0.008057681578576257}, 
   {-0.0077535348455764555, -0.00805768157857645, 0.008057681578576257, 0}}, 
  {{0, 0.007753534845576308, 0.007753534845576391, 0.0077535348455764624}, 
   {-0.007753534845576308, 0, -0.008057681578576947, 0.00805768157857656}, 
   {-0.007753534845576391, 0.008057681578576947, 0, -0.008057681578576522}, 
   {-0.0077535348455764624, -0.00805768157857656, 0.008057681578576522, 0}}}, 
 {0, 0}, {{-1.5730094159885428, -1.571666464359464}, 
  {-6.298430540451948, -1.5749221987918967, -1.5742930714340773}, 
  {-1.5743787074973479, -1.573035755868269}, {{2, 0.001477856175092834}, 
   {3, 0.0003214202163623822}, {4, 0.00007043940627329826}}, 
  {{2, 0.0002350956428924965}, {3, 0.00029182884781437074}, 
   {4, 0.0003041467330002475}}, {2.7369105666689067*^-13, 
   0.9989461871961578}}}
