{4, 28, {{{-0.5244057003545646, 0, -0.00024417916324708444, 
    0.0002441791632469082}, {0, 0.9984349604834916, 0.00006855566376134276, 
    0.00006855566376154864}, {-0.0002441791632471632, 0.00006855566376143755, 
    -7.917557703104915*^-6, 0.0017254201669526616}, 
   {0.00024417916324691243, 0.00006855566376158068, 0.0017254201669526556, 
    -7.917557702920817*^-6}}, {{-0.5244057003545646, 0.0002441791632471581, 
    0, -0.00024417916324690966}, {0.0002441791632470869, 
    -7.917557703295084*^-6, 0.00006855566376140476, 0.0017254201669524346}, 
   {0, 0.00006855566376134672, 0.9984349604834917, 0.00006855566376151465}, 
   {-0.0002441791632469109, 0.001725420166952774, 0.00006855566376154522, 
    -7.917557702374596*^-6}}, {{-0.5244057003545646, -0.0002441791632470952, 
    0.0002441791632470375, 0}, {-0.00024417916324699174, 
    -7.917557702437697*^-6, 0.0017254201669530238, 0.00006855566376174407}, 
   {0.0002441791632470791, 0.001725420166952867, -7.917557702685762*^-6, 
    0.00006855566376174318}, {0, 0.00006855566376162228, 
    0.00006855566376161732, 0.9984349604834909}}}, 
 {{{0, 0.023153976192896403, 0.023153976192896403, 0.02315397619289633}, 
   {-0.023153976192896403, 0, -0.02402224094968447, 0.024022240949683995}, 
   {-0.023153976192896403, 0.02402224094968447, 0, -0.024022240949684134}, 
   {-0.02315397619289633, -0.024022240949683995, 0.024022240949684134, 0}}, 
  {{0, 0.023153976192896344, 0.02315397619289638, 0.023153976192896365}, 
   {-0.023153976192896344, 0, -0.024022240949684293, 0.02402224094968413}, 
   {-0.02315397619289638, 0.024022240949684293, 0, -0.02402224094968427}, 
   {-0.023153976192896365, -0.02402224094968413, 0.02402224094968427, 0}}}, 
 {0, 0}, {{-1.560332115024104, -1.548300956075104}, 
  {-6.298630447879836, -1.5774404706819527, -1.571874753257965}, 
  {-1.5725888557740817, -1.5605576968250816}, {{2, 0.0044572577274612606}, 
   {3, 0.0009893248232141563}}, {{2, 0.0007059172758433404}, 
   {3, 0.0008682647567878441}}, {1.9216801870625647*^-10, 
   0.9906464265546553}}}
