{5, 20, {{{-0.5246718305294359, 0, -0.00010721192213417658, 
    0.00010721192213379429}, {0, 0.9992945111903219, 0.00003130727861280406, 
    0.00003130727861326611}, {-0.00010721192213409682, 
    0.00003130727861328172, -8.80181056336438*^-6, 0.0010433781048856164}, 
   {0.00010721192213409937, 0.00003130727861245256, 0.0010433781048851897, 
    -8.80181056429289*^-6}}, {{-0.5246718305294356, 0.0001072119221343831, 0, 
    -0.00010721192213380631}, {0.00010721192213397172, 
    -8.801810563752958*^-6, 0.00003130727861327387, 0.0010433781048857006}, 
   {0, 0.00003130727861278272, 0.9992945111903222, 0.00003130727861283521}, 
   {-0.00010721192213408, 0.0010433781048851975, 0.000031307278612811875, 
    -8.801810563093763*^-6}}, {{-0.5246718305294356, -0.00010721192213425661, 
    0.00010721192213412626, 0}, {-0.00010721192213394176, 
    -8.80181056328068*^-6, 0.0010433781048853315, 0.00003130727861260868}, 
   {0.00010721192213400518, 0.001043378104885926, -8.801810563147106*^-6, 
    0.00003130727861304313}, {0, 0.000031307278613424083, 
    0.00003130727861306703, 0.9992945111903232}}}, 
 {{{0, 0.015527529168144556, 0.015527529168144545, 0.015527529168144509}, 
   {-0.015527529168144556, 0, -0.016135306000810035, 0.01613530600081052}, 
   {-0.015527529168144545, 0.016135306000810035, 0, -0.016135306000810326}, 
   {-0.015527529168144509, -0.01613530600081052, 0.016135306000810326, 0}}, 
  {{0, 0.015527529168144441, 0.015527529168144507, 0.015527529168144559}, 
   {-0.015527529168144441, 0, -0.01613530600081015, 0.01613530600081071}, 
   {-0.015527529168144507, 0.01613530600081015, 0, -0.016135306000810652}, 
   {-0.015527529168144559, -0.01613530600081071, 0.016135306000810652, 0}}}, 
 {0, 0}, {{-1.5682494598718884, -1.562870565984841}, 
  {-6.298610977466392, -1.5759158720685729, -1.5733896166646233}, 
  {-1.5737336237943191, -1.5683547299072718}, {{2, 0.002961053672534606}, 
   {3, 0.0006488650577364478}, {4, 0.0002814236931111264}}, 
  {{2, 0.00047197235625699155}, {3, 0.000583482010362905}, 
   {4, 0.0006077768326658794}}, {1.7646689184683953*^-11, 
   0.9957745258399182}}}
{5, 20, {{{-0.524671830529436, 0, -0.0001072119221341601, 
    0.00010721192213391431}, {0, 0.9992945111903225, 0.000031307278613046286, 
    0.00003130727861253362}, {-0.00010721192213401422, 
    0.00003130727861216829, -8.801810563348333*^-6, 0.0010433781048858762}, 
   {0.00010721192213421504, 0.00003130727861329605, 0.0010433781048851329, 
    -8.801810563059502*^-6}}, {{-0.5246718305294356, 0.0001072119221341823, 
    0, -0.00010721192213390496}, {0.00010721192213405073, 
    -8.801810563221265*^-6, 0.000031307278612192674, 0.0010433781048854967}, 
   {0, 0.000031307278612982285, 0.9992945111903216, 0.00003130727861334472}, 
   {-0.0001072119221342026, 0.001043378104885357, 0.00003130727861249288, 
    -8.801810563479305*^-6}}, {{-0.5246718305294351, -0.00010721192213401494, 
    0.0001072119221341049, 0}, {-0.0001072119221339964, 
    -8.80181056374385*^-6, 0.0010433781048854484, 0.00003130727861349361}, 
   {0.00010721192213388328, 0.0010433781048858294, -8.801810562841794*^-6, 
    0.00003130727861266763}, {0, 0.00003130727861259719, 
    0.00003130727861337836, 0.9992945111903231}}}, 
 {{{0, 0.015527529168144549, 0.015527529168144552, 0.015527529168144441}, 
   {-0.015527529168144549, 0, -0.01613530600080947, 0.01613530600081072}, 
   {-0.015527529168144552, 0.01613530600080947, 0, -0.01613530600081071}, 
   {-0.015527529168144441, -0.01613530600081072, 0.01613530600081071, 0}}, 
  {{0, 0.015527529168144559, 0.015527529168144547, 0.015527529168144451}, 
   {-0.015527529168144559, 0, -0.01613530600081004, 0.016135306000810777}, 
   {-0.015527529168144547, 0.01613530600081004, 0, -0.01613530600081072}, 
   {-0.015527529168144451, -0.016135306000810777, 0.01613530600081072, 0}}}, 
 {0, 0}, {{-1.5682494598718884, -1.5628705659848414}, 
  {-6.2986109774663905, -1.5759158720685726, -1.5733896166646226}, 
  {-1.5737336237943191, -1.5683547299072722}, {{2, 0.002961053672534183}, 
   {3, 0.0006488650577363454}, {4, 0.0002814236931118553}}, 
  {{2, 0.0004719723562570141}, {3, 0.0005834820103628605}, 
   {4, 0.0006077768326658904}}, {1.7646689184684008*^-11, 
   0.9957745258399182}}}
