{3, 20, {{{-0.5248738626921265, 0, -4.2941173731200325*^-6, 
    4.29411737427898*^-6}, {0, 0.9999616255557228, 3.1229549162619474*^-6, 
    3.122954917113873*^-6}, {-4.294117374676466*^-6, 3.1229549164036086*^-6, 
    -3.35649698476187*^-7, 0.0001818626820569813}, 
   {4.294117375032677*^-6, 3.1229549154540406*^-6, 0.00018186268205865332, 
    -3.356496984640439*^-7}}, {{-0.5248738626921261, 4.294117373984182*^-6, 
    0, -4.294117374308894*^-6}, {4.294117373855298*^-6, 
    -3.356496985282287*^-7, 3.122954916445269*^-6, 0.0001818626820568813}, 
   {0, 3.12295491618049*^-6, 0.9999616255557215, 3.1229549170779578*^-6}, 
   {-4.294117374995837*^-6, 0.0001818626820582157, 3.122954915465517*^-6, 
    -3.3564970150501416*^-7}}, {{-0.5248738626921264, -4.294117374279209*^-6, 
    4.294117373455938*^-6, 0}, {-4.294117373346832*^-6, 
    -3.356496999576408*^-7, 0.00018186268205476052, 3.122954916159348*^-6}, 
   {4.294117374145688*^-6, 0.0001818626820601587, -3.356496992013014*^-7, 
    3.122954916446271*^-6}, {0, 3.1229549167362283*^-6, 
    3.122954916399215*^-6, 0.9999616255557244}}}, 
 {{{0., 0.0032801200668405753, 0.0032801200668402504, 0.003280120066841044}, 
   {-0.0032801200668405753, 0., -0.003881311962003137, 
    0.0038813119620019648}, {-0.0032801200668402504, 0.003881311962003137, 
    0., -0.0038813119620029384}, {-0.003280120066841044, 
    -0.0038813119620019648, 0.0038813119620029384, 0.}}, 
  {{0., 0.00328012006684049, 0.003280120066840213, 0.003280120066841103}, 
   {-0.00328012006684049, 0., -0.003881311962003444, 0.003881311962002229}, 
   {-0.003280120066840213, 0.003881311962003444, 0., -0.003881311962002891}, 
   {-0.003280120066841103, -0.003881311962002229, 0.003881311962002891, 
    0.}}}, {0, 0}, {{-1.5745820777417272, -1.574570715072506}, 
  {-0.7873252464237477, -0.393678780058736, 0.000016156846862180885}, 
  {-1.5745944817058561, -1.5745831190366348}, {{2, 0.000029250932534708937}}, 
  {{2, 0.0006011918951621547}}, {3.418781178916476*^-15, 0.9997697754221768}}}
