{9, 32, {{{-0.5244427228541704, 0, -0.0002551547220069315, 
    0.00025515472200691276}, {0, 0.9986419167185929, 0.00004706396856325742, 
    0.00004706396856304939}, {-0.00025515472200690403, 
    0.000047063968563023154, -8.252790597377754*^-6, 0.0006211567629579207}, 
   {0.00025515472200692463, 0.0000470639685630814, 0.0006211567629579656, 
    -8.252790597393367*^-6}}, {{-0.5244427228541704, 0.0002551547220069324, 
    0, -0.0002551547220069134}, {0.0002551547220068946, 
    -8.25279059751046*^-6, 0.00004706396856302806, 0.00062115676295791}, 
   {0, 0.00004706396856325444, 0.9986419167185931, 0.00004706396856305679}, 
   {-0.0002551547220069236, 0.000621156762957989, 0.00004706396856307288, 
    -8.252790597351733*^-6}}, {{-0.5244427228541706, -0.0002551547220068922, 
    0.00025515472200690815, 0}, {-0.0002551547220068457, 
    -8.252790597646636*^-6, 0.0006211567629580681, 0.00004706396856309143}, 
   {0.0002551547220068634, 0.000621156762958031, -8.252790597740312*^-6, 
    0.000047063968563083124}, {0, 0.000047063968563049784, 
    0.000047063968563046023, 0.9986419167185938}}}, 
 {{{0., 0.011041371664392063, 0.011041371664392063, 0.011041371664392077}, 
   {-0.011041371664392063, 0., -0.011108120106838452, 0.011108120106838364}, 
   {-0.011041371664392063, 0.011108120106838452, 0., -0.011108120106838391}, 
   {-0.011041371664392077, -0.011108120106838364, 0.011108120106838391, 0.}}, 
  {{0., 0.01104137166439206, 0.011041371664392079, 0.011041371664392077}, 
   {-0.01104137166439206, 0., -0.011108120106838404, 0.011108120106838466}, 
   {-0.011041371664392079, 0.011108120106838404, 0., -0.01110812010683846}, 
   {-0.011041371664392077, -0.011108120106838466, 0.01110812010683846, 0.}}}, 
 {0, 0}, {{-1.5688798032061975, -1.566202412867081}, 
  {-6.298438570554318, -1.5715571935453139, -1.5776620917318454}, 
  {-1.5715652863638694, -1.568887896024753}, {{2, 0.0052697464189675886}, 
   {3, 0.0020674108696366322}, {4, 0.0008114970754407348}, 
   {5, 0.00031859872308992454}, {6, 0.00012509518488691002}, 
   {7, 0.0000491193808636603}, {8, 0.00001928729773936419}}, 
  {{2, 0.09384678227537142}, {3, 0.03492482447021919}, 
   {4, 0.014898603649235948}, {5, 0.007444383506811919}, 
   {6, 0.004576883641694219}, {7, 0.0034598866746120235}, 
   {8, 0.0030226517354548254}}, {1.8786392925172218*^-12, 
   0.9918791161188374}}}
