{10, 32, {{{-0.524442429373573, 0, -0.00025524389965616624, 
    0.0002552438996561715}, {0, 0.9986416580586772, 0.00004692784108846834, 
    0.00004692784108845219}, {-0.00025524389965615437, 
    0.000046927841088402234, -8.09011388528064*^-6, 0.0006214138617166511}, 
   {0.00025524389965616147, 0.00004692784108849111, 0.0006214138617164197, 
    -8.09011388533138*^-6}}, {{-0.5244424293735731, 0.0002552438996561659, 0, 
    -0.00025524389965616743}, {0.000255243899656153, -8.0901138853149*^-6, 
    0.00004692784108839379, 0.0006214138617165997}, 
   {0, 0.000046927841088466025, 0.9986416580586772, 0.000046927841088490095}, 
   {-0.0002552438996561578, 0.000621413861716463, 0.00004692784108843943, 
    -8.090113885195205*^-6}}, {{-0.5244424293735733, -0.000255243899656142, 
    0.0002552438996561464, 0}, {-0.00025524389965611674, 
    -8.090113885411178*^-6, 0.0006214138617166866, 0.00004692784108849404}, 
   {0.00025524389965611214, 0.0006214138617164874, -8.09011388541725*^-6, 
    0.00004692784108845199}, {0, 0.000046927841088457094, 
    0.00004692784108849404, 0.9986416580586774}}}, 
 {{{0., 0.011045158376895098, 0.011045158376895098, 0.011045158376895101}, 
   {-0.011045158376895098, 0., -0.011108141744782252, 0.01110814174478216}, 
   {-0.011045158376895098, 0.011108141744782252, 0., -0.011108141744782156}, 
   {-0.011045158376895101, -0.01110814174478216, 0.011108141744782156, 0.}}, 
  {{0., 0.011045158376895098, 0.011045158376895094, 0.011045158376895126}, 
   {-0.011045158376895098, 0., -0.011108141744782219, 0.011108141744782224}, 
   {-0.011045158376895094, 0.011108141744782219, 0., -0.011108141744782269}, 
   {-0.011045158376895126, -0.011108141744782224, 0.011108141744782269, 
    0.}}}, {0, 0}, {{-1.5688778496804496, -1.5661995411123493}, 
  {-6.298437002013093, -1.57155615824855, -1.5776623427579963}, 
  {-1.5715637945760743, -1.568885486007974}, {{2, 0.005269746418967575}, 
   {3, 0.0020674108696366253}, {4, 0.0008114970754407452}, 
   {5, 0.0003185987230899176}, {6, 0.00012509518488692042}, 
   {7, 0.00004911938086366724}, {8, 0.00001928729773936766}, 
   {9, 7.5734250061069985*^-6}}, {{2, 0.09384678227537158}, 
   {3, 0.03492482447021944}, {4, 0.0148986036492361}, 
   {5, 0.0074443835068121345}, {6, 0.00457688364169405}, 
   {7, 0.0034598866746121957}, {8, 0.0030226517354548}, 
   {9, 0.0028511754081708336}}, {1.878661249476085*^-12, 0.9918775746702052}}}
