{19, 32, {{{-0.5092522103350972, 0, -0.009337286568170254, 
    0.009337286568170237}, {0, 0.959987308111136, -0.0007295983189218817, 
    -0.0007295983189218873}, {-0.009337286568170204, -0.0007295983189219684, 
    0.0025490535203537296, 0.02102361441380267}, 
   {0.009337286568170192, -0.0007295983189219719, 0.02102361441380264, 
    0.002549053520353765}}, {{-0.5092522103350972, 0.009337286568170268, 0, 
    -0.00933728656817024}, {0.009337286568170233, 0.002549053520353712, 
    -0.0007295983189219641, 0.021023614413802703}, 
   {0, -0.0007295983189218782, 0.9599873081111359, -0.0007295983189218976}, 
   {-0.009337286568170204, 0.021023614413802634, -0.0007295983189219424, 
    0.0025490535203537}}, {{-0.5092522103350972, -0.009337286568170197, 
    0.009337286568170188, 0}, {-0.009337286568170199, 0.0025490535203536316, 
    0.02102361441380264, -0.0007295983189219003}, 
   {0.009337286568170181, 0.02102361441380271, 0.0025490535203536446, 
    -0.0007295983189218838}, {0, -0.0007295983189219875, 
    -0.0007295983189219923, 0.9599873081111359}}}, 
 {{{0., 0.13413169933229196, 0.13413169933229196, 0.13413169933229238}, 
   {-0.13413169933229196, 0., -0.11517173742581663, 0.1151717374258161}, 
   {-0.13413169933229196, 0.11517173742581663, 0., -0.11517173742581607}, 
   {-0.13413169933229238, -0.1151717374258161, 0.11517173742581607, 0.}}, 
  {{0., 0.13413169933229194, 0.13413169933229194, 0.13413169933229258}, 
   {-0.13413169933229194, 0., -0.11517173742581627, 0.11517173742581666}, 
   {-0.13413169933229194, 0.11517173742581627, 0., -0.1151717374258167}, 
   {-0.13413169933229258, -0.11517173742581666, 0.1151717374258167, 0.}}}, 
 {0, 0}, {{-1.4044394548704717, -1.2882779957959316}, 
  {-6.289060916432153, -1.520600913945013, -1.6239295442710637}, 
  {-1.5123910096121163, -1.3962295505375761}, {{2, 0.02061246642212461}, 
   {3, 0.016669608562950675}, {4, 0.013526735901790918}, 
   {5, 0.011017353650815534}, {6, 0.009005954229076282}, 
   {7, 0.007386082567830632}, {8, 0.006075243457036639}, 
   {9, 0.005009673588436542}, {10, 0.004139937776853078}, 
   {11, 0.0034274874486180384}, {12, 0.0028420550513905962}, 
   {13, 0.0023597047302302415}, {14, 0.0019613766200219096}, 
   {15, 0.0016317958249632003}, {16, 0.0013586493636377761}, 
   {17, 0.001131960262571119}, {18, 0.0009436074354728929}}, 
  {{2, 0.690643546794119}, {3, 0.3768771410132905}, {4, 0.22497052540477216}, 
   {5, 0.1370075142502675}, {6, 0.08062406972616798}, 
   {7, 0.04204600675030162}, {8, 0.014432666383124225}, 
   {9, 0.005989963603778155}, {10, 0.02146995296431653}, 
   {11, 0.03342716068509366}, {12, 0.04280077581341386}, 
   {13, 0.05023569963884461}, {14, 0.05618859300561158}, 
   {15, 0.06099122015178874}, {16, 0.06488985960049462}, 
   {17, 0.06807069322556134}, {18, 0.07067666331246994}}, 
  {2.333863815326862*^-6, 0.7826957000302419}}}
