{21, 40, {{{-0.523744929256678, 0, -0.0007280396052718381, 
    0.0007280396052718046}, {0, 0.9945947368600538, 0.00019710841863570128, 
    0.0001971084186360825}, {-0.0007280396052718472, 0.00019710841863556944, 
    -0.005237241736680343, -0.022871669943125908}, 
   {0.0007280396052717988, 0.00019710841863607425, -0.022871669943125866, 
    -0.005237241736679206}}, {{-0.523744929256678, 0.0007280396052718331, 0, 
    -0.000728039605271799}, {0.000728039605271849, -0.005237241736680331, 
    0.0001971084186355586, -0.022871669943125998}, 
   {0, 0.00019710841863568394, 0.994594736860054, 0.00019710841863609135}, 
   {-0.0007280396052718027, -0.02287166994312588, 0.00019710841863607935, 
    -0.005237241736679277}}, {{-0.523744929256678, -0.0007280396052719148, 
    0.0007280396052719171, 0}, {-0.0007280396052719291, 
    -0.005237241736680858, -0.0228716699431254, 0.00019710841863629066}, 
   {0.0007280396052719212, -0.022871669943125512, -0.005237241736680803, 
    0.00019710841863629608}, {0, 0.0001971084186362911, 
    0.00019710841863630863, 0.9945947368600554}}}, 
 {{{0., 0.03518485115741933, 0.03518485115741929, 0.03518485115741936}, 
   {-0.03518485115741933, 0., -0.0403719171543014, 0.04037191715430065}, 
   {-0.03518485115741929, 0.0403719171543014, 0., -0.04037191715430066}, 
   {-0.03518485115741936, -0.04037191715430065, 0.04037191715430066, 0.}}, 
  {{0., 0.0351848511574193, 0.03518485115741932, 0.03518485115741936}, 
   {-0.0351848511574193, 0., -0.04037191715430143, 0.04037191715430065}, 
   {-0.03518485115741932, 0.04037191715430143, 0., -0.04037191715430072}, 
   {-0.03518485115741936, -0.04037191715430065, 0.04037191715430072, 0.}}}, 
 {0, 0}, {{-6.243432035250952, -0.7770519627798663, -2.3446640548456097}, 
  {-1.5034668056729141, 0.03844872991453834}, {{2, 0.009290302301762927}, 
   {3, 0.003225871650554983}, {4, 0.0011351148405439535}, 
   {5, 0.00040119039432106457}, {6, 0.00014202849807642276}, 
   {7, 0.00005031034638987297}, {8, 0.000017825043647903827}, 
   {9, 6.3159163728593315*^-6}, {10, 2.2379668769278993*^-6}, 
   {11, 7.930033446568174*^-7}, {12, 2.809945067530628*^-7}, 
   {13, 9.956831389240639*^-8}, {14, 3.5281306334788987*^-8}, 
   {15, 1.2501675659970513*^-8}, {16, 4.429878519562891*^-9}, 
   {17, 1.5696956373600912*^-9}, {18, 5.562104596346096*^-10}, 
   {19, 1.9708904647197656*^-10}, {20, 6.983761485779283*^-11}}, 
  {{2, 0.07407915707133592}, {3, 0.07386118336452364}, 
   {4, 0.07376699797859271}, {5, 0.07373154699210595}, 
   {6, 0.07371872906996707}, {7, 0.07371415517380482}, 
   {8, 0.07371253044303999}, {9, 0.07371195422911125}, 
   {10, 0.07371174998880839}, {11, 0.07371167760981392}, 
   {12, 0.07371165196184468}, {13, 0.07371164287354717}, 
   {14, 0.07371163965315877}, {15, 0.07371163851203522}, 
   {16, 0.0737116381076856}, {17, 0.07371163796440791}, 
   {18, 0.0737116379136381}, {19, 0.07371163789564777}, 
   {20, 0.07371163788927351}}, {4.3298837884133825*^-9, 0.9680035284838623}}}
