{14, 35, {{{-0.5237454493129261, 0, -0.000727996015041276, 
    0.000727996015041241}, {0, 0.9945948247570724, 0.00019711237572852267, 
    0.0001971123757283145}, {-0.0007279960150412743, 0.00019711237572860984, 
    -0.005237298478284485, -0.022871663479801928}, 
   {0.0007279960150412553, 0.0001971123757282217, -0.02287166347980188, 
    -0.005237298478284705}}, {{-0.5237454493129262, 0.00072799601504128, 0, 
    -0.0007279960150412381}, {0.0007279960150412665, -0.005237298478284457, 
    0.00019711237572860854, -0.022871663479801844}, 
   {0, 0.00019711237572851443, 0.9945948247570723, 0.00019711237572822365}, 
   {-0.0007279960150412511, -0.022871663479801973, 0.00019711237572829103, 
    -0.00523729847828483}}, {{-0.5237454493129261, -0.0007279960150413144, 
    0.0007279960150413187, 0}, {-0.000727996015041303, -0.005237298478285052, 
    -0.02287166347980099, 0.00019711237572838823}, 
   {0.0007279960150413097, -0.022871663479800908, -0.0052372984782849685, 
    0.00019711237572844065}, {0, 0.00019711237572848104, 
    0.00019711237572839782, 0.994594824757072}}}, 
 {{{0., 0.03518443963641723, 0.03518443963641725, 0.03518443963641727}, 
   {-0.03518443963641723, 0., -0.0403716805885943, 0.0403716805885949}, 
   {-0.03518443963641725, 0.0403716805885943, 0., -0.040371680588594853}, 
   {-0.03518443963641727, -0.0403716805885949, 0.040371680588594853, 0.}}, 
  {{0., 0.03518443963641724, 0.03518443963641725, 0.035184439636417264}, 
   {-0.03518443963641724, 0., -0.04037168058859428, 0.040371680588594874}, 
   {-0.03518443963641725, 0.04037168058859428, 0., -0.0403716805885949}, 
   {-0.035184439636417264, -0.040371680588594874, 0.0403716805885949, 0.}}}, 
 {0, 0}, {{-1.5608595584033946, -0.7770527637032442, -0.003377015498453151, 
   -1.5574825429049415, -0.7905608256970377}, {-1.5034690684095702, 
   0.038448211579695205}, {{2, 0.009290209909947035}, 
   {3, 0.0032258251046476047}, {4, 0.0011350906239893377}, 
   {5, 0.0004011789413610328}, {6, 0.000142023398232341}, 
   {7, 0.00005030816665211463}, {8, 0.000017824138719486904}, 
   {9, 6.315548676916194*^-6}, {10, 2.237819908372518*^-6}, 
   {11, 7.929453560637234*^-7}, {12, 2.8097186410835917*^-7}, 
   {13, 9.955954838325454*^-8}}, {{2, 0.07408247662023794}, 
   {3, 0.07386451527363774}, {4, 0.0737703365769598}, 
   {5, 0.07373488850638651}, {6, 0.07372207175247864}, 
   {7, 0.0737174983098145}, {8, 0.07371587375259867}, 
   {9, 0.07371529760456179}, {10, 0.0737150933891441}, 
   {11, 0.07371502101950808}, {12, 0.0737149953750468}, 
   {13, 0.07371498628805984}}, {4.32973156076355*^-9, 0.9680040417661411}}}
