{3, 40, {{{-0.000028435647189979466, 0, -7.912422272337341*^-6, 
    7.912422272337873*^-6}, {0, 0.00004281067861138094, 7.24906588127226*^-7, 
    7.24906588130629*^-7}, {-7.912422272335134*^-6, 7.249065881325056*^-7, 
    -7.187515658448821*^-6, 0.000026985833936861342}, 
   {7.912422272338519*^-6, 7.24906588129979*^-7, 0.000026985833936859807, 
    -7.18751565844767*^-6}}, {{-0.000028435647189974607, 
    7.912422272338134*^-6, 0, -7.912422272336765*^-6}, 
   {7.912422272339078*^-6, -7.187515658443633*^-6, 7.24906588129728*^-7, 
    0.000026985833936857564}, {0, 7.249065881321971*^-7, 
    0.000042810678611380636, 7.249065881300198*^-7}, 
   {-7.912422272338178*^-6, 0.000026985833936859414, 7.24906588129927*^-7, 
    -7.1875156584435844*^-6}}, {{-0.000028435647189984724, 
    -7.912422272338998*^-6, 7.912422272342213*^-6, 0}, 
   {-7.912422272342276*^-6, -7.1875156584467074*^-6, 0.000026985833936868247, 
    7.249065881297881*^-7}, {7.912422272338229*^-6, 0.000026985833936868403, 
    -7.187515658450796*^-6, 7.249065881322657*^-7}, 
   {0, 7.249065881292892*^-7, 7.249065881299494*^-7, 
    0.00004281067861139634}}}, 
 {{{0., 0.577350268380932, 0.5773502683809318, 0.5773502683809331}, 
   {-0.577350268380932, 0., -0.5773502680698291, 0.577350268069828}, 
   {-0.5773502683809318, 0.5773502680698291, 0., -0.5773502680698279}, 
   {-0.5773502683809331, -0.577350268069828, 0.5773502680698279, 0.}}, 
  {{0., 0.5773502683809315, 0.5773502683809318, 0.5773502683809335}, 
   {-0.5773502683809315, 0., -0.5773502680698297, 0.5773502680698279}, 
   {-0.5773502683809318, 0.5773502680698297, 0., -0.5773502680698277}, 
   {-0.5773502683809335, -0.5773502680698279, 0.5773502680698277, 0.}}}, 
 {0, 0}, {{-0.2000000019712099, 0.5999999969082312}, 
  {-5.600000000642386, -1.0000000008506515, -1.7999999994705416}, 
  {-1.0000000006351129, -0.20000000175567179}, {{2, 7.296745995443647*^-6}}, 
  {{2, 2.694238666138466*^-10}}, {0.03703703660602683, 
   6.15619931899073*^-27}}}
