{3, 32, {{{-0.5138846185236142, 0, 0.000019862751109354594, 
    -0.000019862751109361896}, {0, 0.990247078421702, -0.005184628381840834, 
    -0.00518462838184068}, {0.000019862751109263294, -0.005184628381840729, 
    0.006140102507861735, 0.009517952714703376}, {-0.000019862751109254018, 
    -0.005184628381840915, 0.009517952714703595, 0.006140102507861928}}, 
  {{-0.5138846185236143, -0.000019862751109340656, 0, 0.0000198627511093418}, 
   {-0.000019862751109287947, 0.006140102507862191, -0.005184628381840738, 
    0.009517952714703862}, {0, -0.005184628381840829, 0.9902470784217017, 
    -0.005184628381840807}, {0.00001986275110927892, 0.009517952714703841, 
    -0.0051846283818407415, 0.006140102507860845}}, 
  {{-0.5138846185236137, 0.000019862751109277725, -0.000019862751109291707, 
    0}, {0.0000198627511093397, 0.006140102507861448, 0.009517952714703579, 
    -0.005184628381840872}, {-0.000019862751109324613, 0.009517952714703314, 
    0.006140102507861955, -0.005184628381840717}, 
   {0, -0.005184628381840781, -0.005184628381840901, 0.9902470784217017}}}, 
 {{{0., 0.05597156009389652, 0.055971560093896505, 0.05597156009389656}, 
   {-0.05597156009389652, 0., 0.00014855535006707283, 
    -0.0001485553500669389}, {-0.055971560093896505, -0.00014855535006707283, 
    0., 0.00014855535006688296}, {-0.05597156009389656, 
    0.0001485553500669389, -0.00014855535006688296, 0.}}, 
  {{0., 0.055971560093896505, 0.05597156009389649, 0.05597156009389666}, 
   {-0.055971560093896505, 0., 0.00014855535006661405, 
    -0.0001485553500667832}, {-0.05597156009389649, -0.00014855535006661405, 
    0., 0.00014855535006685168}, {-0.05597156009389666, 
    0.0001485553500667832, -0.00014855535006685168, 0.}}}, {0, 0}, 
 {{-1.5069329972761545, -1.4778493215176987}, 
  {-6.29839752056721, -1.5360166730346125, -1.6131820872489926}, 
  {-1.5214362393432752, -1.4923525635848194}, {{2, 0.00003728564053445682}}, 
  {{2, 0.5013270610093559}}, {1.0748052584052988*^-23, 0.942890844050592}}}
