{3, 20, {{{-0.5248727902648315, 0, -5.256081214345432*^-6, 
    5.256081213895564*^-6}, {0, 0.9999644685597096, 1.6699596541317277*^-6, 
    1.6699596521424132*^-6}, {-5.256081214568826*^-6, 1.6699596491105028*^-6, 
    -8.416182391279836*^-8, 0.00022715418947531697}, 
   {5.2560812153137085*^-6, 1.6699596503568813*^-6, 0.0002271541894764142, 
    -8.416181838596937*^-8}}, {{-0.5248727902648309, 5.2560812138251565*^-6, 
    0, -5.25608121395266*^-6}, {5.256081215052457*^-6, 
    -8.416181938170064*^-8, 1.6699596492417218*^-6, 0.00022715418947583511}, 
   {0, 1.6699596540027144*^-6, 0.9999644685597098, 1.6699596517673267*^-6}, 
   {-5.256081215239237*^-6, 0.00022715418947367815, 1.66995965073197*^-6, 
    -8.416182326054233*^-8}}, {{-0.5248727902648301, -5.256081214376312*^-6, 
    5.256081214902608*^-6, 0}, {-5.256081214364773*^-6, 
    -8.416182617487777*^-8, 0.00022715418947604632, 1.6699596518386875*^-6}, 
   {5.256081213813371*^-6, 0.0002271541894747798, -8.416182328829791*^-8, 
    1.669959652503857*^-6}, {0, 1.6699596509936468*^-6, 
    1.6699596502567495*^-6, 0.999964468559708}}}, 
 {{{0., 0.0034614204498742028, 0.0034614204498744443, 0.0034614204498753824}, 
   {-0.0034614204498742028, 0., -0.003627699370976008, 0.003627699370972206}, 
   {-0.0034614204498744443, 0.003627699370976008, 0., 
    -0.0036276993709714028}, {-0.0034614204498753824, -0.003627699370972206, 
    0.0036276993709714028, 0.}}, {{0., 0.0034614204498742817, 
    0.003461420449874509, 0.003461420449875448}, {-0.0034614204498742817, 0., 
    -0.0036276993709759234, 0.0036276993709715545}, 
   {-0.003461420449874509, 0.0036276993709759234, 0., -0.003627699370971905}, 
   {-0.003461420449875448, -0.0036276993709715545, 0.003627699370971905, 
    0.}}}, {0, 0}, {{-1.574586375918291, -1.5745743852061203}, 
  {-0.7873250432265841, -0.39367833597177493, 0.000015814358482857394}, 
  {-1.5745986546340016, -1.5745866639218309}, {{2, 8.809649671003006*^-6}}, 
  {{2, 0.00016627892109845528}}, {2.2792278253770563*^-15, 
   0.9997868302946062}}}
