{14, 40, {{{-0.521917554950043, 0, -0.001805495692521854, 
    0.0018054956925218474}, {0, 0.9908258048054515, 0.0002784662305686755, 
    0.00027846623056860436}, {-0.0018054956925218218, 0.000278466230568669, 
    0.000010342812760868146, 0.004289952087670903}, 
   {0.0018054956925218314, 0.00027846623056859406, 0.004289952087670879, 
    0.000010342812760985674}}, {{-0.5219175549500431, 0.0018054956925218453, 
    0, -0.001805495692521844}, {0.0018054956925218218, 
    0.000010342812760817839, 0.00027846623056867765, 0.004289952087670865}, 
   {0, 0.00027846623056867353, 0.9908258048054515, 0.0002784662305686366}, 
   {-0.0018054956925218297, 0.004289952087670918, 0.0002784662305685649, 
    0.00001034281276107718}}, {{-0.5219175549500431, -0.001805495692521807, 
    0.0018054956925218097, 0}, {-0.0018054956925217718, 
    0.000010342812760846028, 0.004289952087670948, 0.00027846623056862463}, 
   {0.0018054956925217713, 0.004289952087670929, 0.000010342812760771869, 
    0.00027846623056859514}, {0, 0.00027846623056858007, 
    0.00027846623056860566, 0.9908258048054516}}}, 
 {{{0., 0.058059557716121125, 0.05805955771612115, 0.058059557716121375}, 
   {-0.058059557716121125, 0., -0.05754328065813721, 0.057543280658137005}, 
   {-0.05805955771612115, 0.05754328065813721, 0., -0.05754328065813702}, 
   {-0.058059557716121375, -0.057543280658137005, 0.05754328065813702, 0.}}, 
  {{0., 0.058059557716121125, 0.058059557716121146, 0.058059557716121445}, 
   {-0.058059557716121125, 0., -0.05754328065813697, 0.05754328065813731}, 
   {-0.058059557716121146, 0.05754328065813697, 0., -0.057543280658137325}, 
   {-0.058059557716121445, -0.05754328065813731, 0.057543280658137325, 0.}}}, 
 {0, 0}, {{-1.5353547340073672, -1.5092085870117473}, 
  {-6.297926338905125, -1.5615008810029845, -1.587462288449578}, 
  {-1.5613846326506078, -1.5352384856549879}, {{2, 0.00011979506250071881}, 
   {3, 0.00009498805957978973}, {4, 0.00007531897821844158}, 
   {5, 0.00005972362380353424}, {6, 0.000047357947864708205}, 
   {7, 0.00003755290703261194}, {8, 0.000029778128140506288}, 
   {9, 0.00002361313894515965}, {10, 0.000018724577668612075}, 
   {11, 0.000014848135095932302}, {12, 0.000011774244115053678}, 
   {13, 9.336737516546512*^-6}}, {{2, 0.0009015009185587361}, 
   {3, 0.001702037765374162}, {4, 0.0023349032795852466}, 
   {5, 0.0028355395046426304}, {6, 0.0032317740956800825}, 
   {7, 0.00354550410678863}, {8, 0.00379398738837132}, 
   {9, 0.003990842699553598}, {10, 0.004146827879783958}, 
   {11, 0.004270447634750442}, {12, 0.004368429697151033}, 
   {13, 0.004446098784530833}}, {3.630510603899806*^-8, 0.9462019794836573}}}
