{3, 20, {{{-0.5248832018514065, 0, -5.412814699714504*^-8, 
    5.412814733499551*^-8}, {0, 0.9999996615619406, 1.2084381496751892*^-8, 
    1.2084381270913162*^-8}, {-5.412814768770543*^-8, 1.2084381233634553*^-8, 
    -8.351036650394716*^-10, 2.056577020284486*^-6}, 
   {5.4128147500279295*^-8, 1.2084380811958682*^-8, 2.0565770211242325*^-6, 
    -8.351056825228742*^-10}}, {{-0.5248832018514068, 5.412814704520928*^-8, 
    0, -5.412814745516289*^-8}, {5.412814762292946*^-8, 
    -8.351023570579708*^-10, 1.208438125199844*^-8, 2.0565770201504034*^-6}, 
   {0, 1.2084381469938799*^-8, 0.9999996615619406, 1.2084381531888936*^-8}, 
   {-5.4128147387825004*^-8, 2.0565770207675474*^-6, 1.2084380516181464*^-8, 
    -8.351048186305832*^-10}}, 
  {{-0.5248832018514067, -5.4128147435834686*^-8, 5.4128147513057204*^-8, 0}, 
   {-5.412814709453184*^-8, -8.351032504405609*^-10, 2.0565770206435545*^-6, 
    1.2084381594919516*^-8}, {5.412814700100507*^-8, 2.056577021734489*^-6, 
    -8.351040137188903*^-10, 1.2084381463051943*^-8}, 
   {0, 1.2084380722756425*^-8, 1.208438088480913*^-8, 0.9999996615619403}}}, 
 {{{0., 0.00034767556778632813, 0.00034767556778620226, 
    0.00034767556778540786}, {-0.00034767556778632813, 0., 
    -0.00035103704559129377, 0.0003510370455918094}, 
   {-0.00034767556778620226, 0.00035103704559129377, 0., 
    -0.0003510370455920451}, {-0.00034767556778540786, 
    -0.0003510370455918094, 0.0003510370455920451, 0.}}, 
  {{0., 0.00034767556778629696, 0.0003476755677862231, 
    0.00034767556778542445}, {-0.00034767556778629696, 0., 
    -0.00035103704559123826, 0.00035103704559193063}, 
   {-0.0003476755677862231, 0.00035103704559123826, 0., 
    -0.00035103704559201997}, {-0.00034767556778542445, 
    -0.00035103704559193063, 0.00035103704559201997, 0.}}}, {0, 0}, 
 {{-1.5746493148294145, -1.574649194391066}, {-0.7873249627926389, 
   -0.39366263431087295, 1.52914553519512*^-7}, 
  {-1.5746494358499892, -1.5746493154116408}, {{2, 8.439487130361824*^-7}}, 
  {{2, 3.3614778057424013*^-6}}, {1.8711892109898456*^-21, 
   0.9999979693733614}}}
