{8, 20, {{{-0.5248723893394349, 0, -5.560526897466722*^-6, 
    5.560570830662589*^-6}, {0, 0.9999648243908886, 1.2774600620446346*^-6, 
    1.2775279391867672*^-6}, {-5.560631392128379*^-6, 1.277444909791776*^-6, 
    -1.6577424207832314*^-7, 0.0003320396667708288}, 
   {5.560587459346901*^-6, 1.277377032964848*^-6, 0.00033203966676390197, 
    -1.6577424407152042*^-7}}, {{-0.524872389339435, 5.560521591724006*^-6, 
    0, -5.56058740987679*^-6}, {5.5606366979237735*^-6, 
    -1.6577424351987835*^-7, 1.2774599856024997*^-6, 0.00033203966676778027}, 
   {0, 1.2774449862049898*^-6, 0.9999648243908882, 1.2775988267292492*^-6}, 
   {-5.560570880109518*^-6, 0.00033203966676743695, 1.2773061454040112*^-6, 
    -1.6577424252761652*^-7}}, {{-0.5248723893394349, -5.560636724596948*^-6, 
    5.5606314139401575*^-6, 0}, {-5.560521564908787*^-6, 
    -1.6577424491112658*^-7, 0.00033203966676917927, 1.2775279870267815*^-6}, 
   {5.560526875506016*^-6, 0.0003320396667710625, -1.6577424410968433*^-7, 
    1.2775988544736343*^-6}, {0, 1.2773769853592789*^-6, 
    1.2773061178900348*^-6, 0.9999648243908905}}}, 
 {{{0., 0.0035270016690357323, 0.0035270016692587345, 0.0035270016689794557}, 
   {-0.0035270016690357323, 0., -0.0035708903454890525, 
    0.003570890345591017}, {-0.0035270016692587345, 0.0035708903454890525, 
    0., -0.003570890345399238}, {-0.0035270016689794557, 
    -0.003570890345591017, 0.003570890345399238, 0.}}, 
  {{0., 0.0035270016691465204, 0.003527001668924055, 0.003527001669203397}, 
   {-0.0035270016691465204, 0., -0.003570890345494609, 0.003570890345396446}, 
   {-0.003527001668924055, 0.003570890345494609, 0., -0.003570890345587719}, 
   {-0.003527001669203397, -0.003570890345396446, 0.003570890345587719, 
    0.}}}, {0, 0}, {{-1.5745868812304462, -1.5745746633382678}, 
  {-0.7873249623964119, -0.39367831269478837, 0.00001583149658240801}, 
  {-1.574599175140042, -1.5745869572478637}, {{2, 1.872870876068293*^-6}, 
   {3, 1.6282928482509035*^-6}, {4, 1.4147026407215768*^-6}, 
   {5, 1.2298333241286125*^-6}, {6, 1.0690399986383256*^-6}, 
   {7, 9.296822300686527*^-7}}, {{2, 0.000042773522455961305}, 
   {3, 0.000043063745212681864}, {4, 0.00004331505755660734}, 
   {5, 0.00004353370749960177}, {6, 0.00004372348009538741}, 
   {7, 0.00004388867640169777}}, {2.0732853778936257*^-15, 
   0.9997889649043163}}}
{5, 20, {{{-0.5248723913329, 0, -5.559400561985515*^-6, 
    5.55940582061403*^-6}, {0, 0.9999648445140019, 1.2770310518883435*^-6, 
    1.2770435367157854*^-6}, {-5.559411800096891*^-6, 1.2770257534201905*^-6, 
    -1.0586832037938476*^-7, 0.0003221404874586579}, 
   {5.559406540800082*^-6, 1.2770132658738745*^-6, 0.00032214048746095404, 
    -1.0586832006713454*^-7}}, {{-0.5248723913329004, 5.559399492175328*^-6, 
    0, -5.559406535146932*^-6}, {5.5594128699969955*^-6, 
    -1.0586831967335231*^-7, 1.277031039291798*^-6, 0.00032214048746100223}, 
   {0, 1.2770257660195888*^-6, 0.999964844514001, 1.2770400030306645*^-6}, 
   {-5.559405826271873*^-6, 0.00032214048746021136, 1.2770167995768916*^-6, 
    -1.0586831880599057*^-7}}, {{-0.5248723913328992, -5.559412872454266*^-6, 
    5.559411804430798*^-6, 0}, {-5.5593994895541576*^-6, 
    -1.0586832271432256*^-7, 0.00032214048746007524, 1.277043538791233*^-6}, 
   {5.559400557511527*^-6, 0.000322140487464175, -1.0586832038805838*^-7, 
    1.2770400087678613*^-6}, {0, 1.2770132640760776*^-6, 
    1.2770167941368512*^-6, 0.9999648445140057}}}, 
 {{{0., 0.0035266583631313416, 0.003526658363102916, 0.0035266583630973835}, 
   {-0.0035266583631313416, 0., -0.0035704901193689834, 
    0.0035704901193630667}, {-0.003526658363102916, 0.0035704901193689834, 
    0., -0.0035704901193885216}, {-0.0035266583630973835, 
    -0.0035704901193630667, 0.0035704901193885216, 0.}}, 
  {{0., 0.0035266583630878382, 0.003526658363116549, 0.0035266583631273617}, 
   {-0.0035266583630878382, 0., -0.0035704901193788913, 
    0.0035704901193837828}, {-0.003526658363116549, 0.0035704901193788913, 
    0., -0.0035704901193576058}, {-0.0035266583631273617, 
    -0.0035704901193837828, 0.0035704901193576058, 0.}}}, {0, 0}, 
 {{-1.5745869128213874, -1.5745746961184552}, {-0.7873249629888456, 
   -0.3936783093386722, 0.000015827844249416412}, 
  {-1.574599205443148, -1.5745869887402157}, {{2, 1.2389327613106585*^-6}, 
   {3, 1.0805891378345284*^-6}, {4, 9.406896547474279*^-7}}, 
  {{2, 0.00004347358598290113}, {3, 0.0000436660148332701}, 
   {4, 0.000043831756262910186}}, {2.0718915230109018*^-15, 
   0.9997890856217712}}}
