{5, 20, {{{-0.5248805977082756, 0, -1.3795731106347919*^-6, 
    1.37957311196382*^-6}, {0, 0.9999913198742971, 3.152571838827256*^-7, 
    3.1525718338701484*^-7}, {-1.379573115319541*^-6, 3.1525718154373223*^-7, 
    -3.7108956303655294*^-8, 0.00007544900145275781}, 
   {1.379573112275709*^-6, 3.152571773316085*^-7, 0.00007544900145519908, 
    -3.710896928112162*^-8}}, {{-0.524880597708274, 1.3795731092874729*^-6, 
    0, -1.3795731128974896*^-6}, {1.379573116744711*^-6, 
    -3.7108966994756076*^-8, 3.1525718232591295*^-7, 0.0000754490014568684}, 
   {0, 3.152571830704854*^-7, 0.9999913198743007, 3.1525718559775685*^-7}, 
   {-1.3795731113554411*^-6, 0.0000754490014498341, 3.1525717511538765*^-7, 
    -3.710896157027577*^-8}}, {{-0.5248805977082746, -1.379573114248378*^-6, 
    1.3795731152698773*^-6, 0}, {-1.379573111640054*^-6, 
    -3.710895964993688*^-8, 0.00007544900145409581, 3.152571847703382*^-7}, 
   {1.3795731105532573*^-6, 0.00007544900145936567, -3.7108965511567504*^-8, 
    3.152571868207134*^-7}, {0, 3.152571762786466*^-7, 3.152571742417044*^-7, 
    0.9999913198743058}}}, 
 {{{0., 0.0017569595397721812, 0.0017569595397718123, 0.0017569595397751558}, 
   {-0.0017569595397721812, 0., -0.0017777275003587447, 
    0.0017777275003527447}, {-0.0017569595397718123, 0.0017777275003587447, 
    0., -0.0017777275003530743}, {-0.0017569595397751558, 
    -0.0017777275003527447, 0.0017777275003530743, 0.}}, 
  {{0., 0.0017569595397722098, 0.001756959539771842, 0.0017569595397751206}, 
   {-0.0017569595397722098, 0., -0.0017777275003593913, 
    0.0017777275003525547}, {-0.001756959539771842, 0.0017777275003593913, 
    0., -0.0017777275003532256}, {-0.0017569595397751206, 
    -0.0017777275003525547, 0.0017777275003532256, 0.}}}, {0, 0}, 
 {{-1.5746343426134122, -1.5746312994702225}, 
  {-0.787324966238877, -0.3936664060364942, 3.922917055698694*^-6}, 
  {-1.5746374037421833, -1.5746343605989936}, {{2, 1.2905537219510318*^-6}, 
   {3, 1.1208905644642577*^-6}, {4, 9.734982467173546*^-7}}, 
  {{2, 0.000020395235779852765}, {3, 0.000020594768552596245}, 
   {4, 0.000020767960581902272}}, {3.1563935295793616*^-17, 
   0.9999479203759629}}}
{5, 20, {{{-0.5248805982973015, 0, -1.3792501598445251*^-6, 
    1.379250168123933*^-6}, {0, 0.9999913244561139, 3.1513200115656313*^-7, 
    3.151320224757878*^-7}, {-1.3792501799011074*^-6, 3.1513199028834437*^-7, 
    -2.1605111392639098*^-8, 0.00006683484190655604}, 
   {1.379250170910703*^-6, 3.151319703586112*^-7, 0.00006683484190266597, 
    -2.1605110027411722*^-8}}, {{-0.5248805982973014, 1.3792501576506954*^-6, 
    0, -1.3792501693927597*^-6}, {1.3792501821234106*^-6, 
    -2.1605103076374754*^-8, 3.1513199986744675*^-7, 0.00006683484190947445}, 
   {0, 3.151319915617449*^-7, 0.9999913244561154, 3.1513201665596746*^-7}, 
   {-1.3792501696537862*^-6, 0.00006683484190166876, 3.151319762118096*^-7, 
    -2.1605113226241812*^-8}}, 
  {{-0.5248805982973017, -1.3792501816916186*^-6, 1.3792501800383367*^-6, 0}, 
   {-1.3792501579066035*^-6, -2.1605105354066678*^-8, 0.00006683484189870246, 
    3.1513202521572254*^-7}, {1.3792501595256316*^-6, 0.00006683484191332552, 
    -2.1605100680721634*^-8, 3.1513201831795346*^-7}, 
   {0, 3.151319679578708*^-7, 3.151319748687618*^-7, 0.9999913244561152}}}, 
 {{{0., 0.0017567593325033748, 0.0017567593325023682, 0.00175675933250734}, 
   {-0.0017567593325033748, 0., -0.0017774916522526431, 
    0.0017774916522442642}, {-0.0017567593325023682, 0.0017774916522526431, 
    0., -0.0017774916522456132}, {-0.00175675933250734, 
    -0.0017774916522442642, 0.0017774916522456132, 0.}}, 
  {{0., 0.001756759332503253, 0.0017567593325025564, 0.001756759332507869}, 
   {-0.001756759332503253, 0., -0.0017774916522536668, 
    0.0017774916522450598}, {-0.0017567593325025564, 0.0017774916522536668, 
    0., -0.001777491652245589}, {-0.001756759332507869, 
    -0.0017774916522450598, 0.001777491652245589, 0.}}}, {0, 0}, 
 {{-1.5746343498315465, -1.574631307035126}, {-0.7873249664011464, 
   -0.3936664050508627, 3.921850289523299*^-6}, 
  {-1.5746374105826826, -1.5746343677862622}, {{2, 1.307535637952266*^-6}, 
   {3, 1.136682647542766*^-6}, {4, 9.880065246134755*^-7}}, 
  {{2, 0.000020354838054138695}, {3, 0.00002055694924484103}, 
   {4, 0.000020732319743345852}}, {3.153881842346981*^-17, 
   0.9999479478656517}}}
