{10, 32, {{{-0.515726752730121, 0, -0.0060640750109456866, 
    0.006064075010945679}, {0, 0.9711487308979404, 0.0009849670812734765, 
    0.000984967081273459}, {-0.006064075010945644, 0.0009849670812733563, 
    0.00007351783888673823, 0.013760460145754272}, 
   {0.006064075010945656, 0.000984967081273408, 0.013760460145754279, 
    0.00007351783888667751}}, {{-0.5157267527301209, 0.0060640750109456805, 
    0, -0.006064075010945682}, {0.00606407501094563, 0.00007351783888675514, 
    0.0009849670812733502, 0.013760460145754279}, 
   {0, 0.0009849670812734931, 0.9711487308979405, 0.0009849670812734738}, 
   {-0.006064075010945651, 0.013760460145754261, 0.0009849670812734064, 
    0.00007351783888670527}}, {{-0.5157267527301208, -0.006064075010945615, 
    0.006064075010945615, 0}, {-0.00606407501094559, 0.00007351783888669139, 
    0.013760460145754251, 0.0009849670812734621}, 
   {0.006064075010945592, 0.013760460145754296, 0.00007351783888670527, 
    0.0009849670812734563}, {0, 0.0009849670812733967, 0.0009849670812733919, 
    0.9711487308979404}}}, 
 {{{0., 0.05124267857589526, 0.051242678575895276, 0.051242678575895324}, 
   {-0.05124267857589526, 0., -0.05125171774842904, 0.05125171774842877}, 
   {-0.051242678575895276, 0.05125171774842904, 0., -0.05125171774842878}, 
   {-0.051242678575895324, -0.05125171774842877, 0.05125171774842878, 0.}}, 
  {{0., 0.05124267857589526, 0.051242678575895276, 0.0512426785758954}, 
   {-0.05124267857589526, 0., -0.05125171774842886, 0.051251717748429085}, 
   {-0.051242678575895276, 0.05125171774842886, 0., -0.051251717748429064}, 
   {-0.0512426785758954, -0.051251717748429085, 0.051251717748429064, 0.}}}, 
 {0, 0}, {{-1.4553915283930061, -1.4003634762511938}, 
  {-6.293322679677915, -1.5104195805348164, -1.636241759304141}, 
  {-1.5104244339897035, -1.4553963818478912}, {{2, 0.02492960985882625}, 
   {3, 0.010275539252155685}, {4, 0.004299283668064591}, 
   {5, 0.001811277013405943}, {6, 0.0007653962027376615}, 
   {7, 0.0003238553373555164}, {8, 0.00013710576325669244}, 
   {9, 0.00005805801715062786}}, {{2, 0.09367611008660966}, 
   {3, 0.034536132951835295}, {4, 0.013803900673871227}, 
   {5, 0.005663158106566442}, {6, 0.0023217217610495616}, 
   {7, 0.0009250263533035277}, {8, 0.00033676173984029285}, 
   {9, 0.00008819964905080568}}, {1.8123853979956905*^-8, 
   0.8389082817294443}}}
