{16, 32, {{{-0.5162397349106481, 0, -0.005089998955447008, 
    0.005089998955446968}, {0, 0.9767790638592533, -0.00010096342188159121, 
    -0.00010096342188161203}, {-0.005089998955446943, -0.0001009634218816593, 
    0.0010257586841869283, 0.011786042622340735}, 
   {0.005089998955446963, -0.0001009634218817031, 0.01178604262234075, 
    0.0010257586841868945}}, {{-0.5162397349106482, 0.005089998955446996, 0, 
    -0.00508999895544696}, {0.005089998955446958, 0.00102575868418696, 
    -0.0001009634218816747, 0.011786042622340728}, 
   {0, -0.00010096342188160032, 0.9767790638592531, -0.00010096342188163988}, 
   {-0.005089998955446958, 0.011786042622340731, -0.00010096342188169428, 
    0.0010257586841869448}}, {{-0.5162397349106482, -0.005089998955446929, 
    0.00508999895544693, 0}, {-0.00508999895544692, 0.001025758684186866, 
    0.011786042622340695, -0.00010096342188165215}, 
   {0.005089998955446895, 0.01178604262234079, 0.001025758684186917, 
    -0.00010096342188163286}, {0, -0.00010096342188169963, 
    -0.0001009634218816787, 0.976779063859253}}}, 
 {{{0., 0.09947707379032805, 0.09947707379032807, 0.09947707379032844}, 
   {-0.09947707379032805, 0., -0.08877757150106942, 0.08877757150106888}, 
   {-0.09947707379032807, 0.08877757150106942, 0., -0.08877757150106894}, 
   {-0.09947707379032844, -0.08877757150106888, 0.08877757150106894, 0.}}, 
  {{0., 0.09947707379032807, 0.09947707379032802, 0.09947707379032852}, 
   {-0.09947707379032807, 0., -0.08877757150106903, 0.08877757150106944}, 
   {-0.09947707379032802, 0.08877757150106903, 0., -0.08877757150106946}, 
   {-0.09947707379032852, -0.08877757150106944, 0.08877757150106946, 0.}}}, 
 {0, 0}, {{-1.4735238212113233, -1.4046040828140745}, 
  {-6.296091729625912, -1.542443559608575, -1.605602305204381}, 
  {-1.5387371432924348, -1.469817404895186}, {{2, 0.016401550093067825}, 
   {3, 0.013097187403630167}, {4, 0.010476911236488182}, 
   {5, 0.008397415928863228}, {6, 0.006743686846457292}, 
   {7, 0.005425218188461603}, {8, 0.004371328448577003}, 
   {9, 0.0035268854115609316}, {10, 0.0028487983905068487}, 
   {11, 0.0023032684634883838}, {12, 0.0018636755159179286}, 
   {13, 0.0015089662532195847}, {14, 0.0012224248953950217}, 
   {15, 0.000990732646830722}}, {{2, 0.6732224835363496}, 
   {3, 0.36760408344491113}, {4, 0.21953566763999816}, 
   {5, 0.13393406448016507}, {6, 0.07926871273527533}, 
   {7, 0.042082043252159085}, {8, 0.015671306721004204}, 
   {9, 0.0036726556009131946}, {10, 0.018166118957871402}, 
   {11, 0.02921299703506773}, {12, 0.03774429800587823}, 
   {13, 0.04440048071737013}, {14, 0.049635430976044434}, 
   {15, 0.05377873454445779}}, {4.895753743833424*^-7, 0.8685164620835025}}}
