{3, 20, {{{-0.5248732205140136, 0, -5.197958890556425*^-6, 
    5.197958890696337*^-6}, {0, 0.9999684284987036, 9.88733885407629*^-7, 
    9.887338881367387*^-7}, {-5.197958890258553*^-6, 9.887338878343988*^-7, 
    1.334825638736603*^-7, 0.0001497243369106148}, 
   {5.197958890313463*^-6, 9.887338858174473*^-7, 0.0001497243369084761, 
    1.334825667775874*^-7}}, {{-0.5248732205140132, 5.197958890017618*^-6, 0, 
    -5.197958890724925*^-6}, {5.197958890817461*^-6, 1.3348256398641734*^-7, 
    9.887338878852783*^-7, 0.00014972433691237696}, 
   {0, 9.887338853442066*^-7, 0.9999684284987029, 9.887338869453225*^-7}, 
   {-5.1979588902812935*^-6, 0.0001497243369056714, 9.887338869418062*^-7, 
    1.3348256597267572*^-7}}, {{-0.524873220514013, -5.197958890150578*^-6, 
    5.197958890694658*^-6, 0}, {-5.197958890547388*^-6, 
    1.3348256538980863*^-7, 0.00014972433690918816, 9.887338864653597*^-7}, 
   {5.197958889953362*^-6, 0.00014972433690739944, 1.334825643906079*^-7, 
    9.887338877431615*^-7}, {0, 9.887338878367434*^-7, 9.887338865764485*^-7, 
    0.9999684284987027}}}, 
 {{{0., 0.0033897216713310546, 0.0033897216713308343, 0.0033897216713307914}, 
   {-0.0033897216713310546, 0., -0.0033755731286880235, 0.0033755731286861}, 
   {-0.0033897216713308343, 0.0033755731286880235, 0., 
    -0.0033755731286867893}, {-0.0033897216713307914, -0.0033755731286861, 
    0.0033755731286867893, 0.}}, {{0., 0.0033897216713309856, 
    0.003389721671330872, 0.00338972167133087}, {-0.0033897216713309856, 0., 
    -0.0033755731286878653, 0.003375573128686399}, 
   {-0.003389721671330872, 0.0033755731286878653, 0., -0.003375573128686791}, 
   {-0.00338972167133087, -0.003375573128686399, 0.003375573128686791, 0.}}}, 
 {0, 0}, {{-1.5745926767340643, -1.574580934393747}, 
  {-0.7873252027708197, -0.39367683081673777, 0.00001422943132789456}, 
  {-1.574604394568386, -1.5745926522280687}, {{2, 0.00002617373459286483}}, 
  {{2, 0.000014148542643906584}}, {1.4793983367621157*^-15, 
   0.9998105859429844}}}
