{14, 20, {{{-0.5248751120189699, 0, -4.395420821537794*^-6, 
    4.395420820724675*^-6}, {0, 0.9999771556616167, 1.0863385548403507*^-7, 
    1.0863385352094981*^-7}, {-4.3954208205276075*^-6, 
    1.0863385444781562*^-7, 3.630220659217587*^-7, 0.00006609478847281942}, 
   {4.395420820083581*^-6, 1.0863385481832816*^-7, 0.00006609478846745019, 
    3.630220653787902*^-7}}, {{-0.5248751120189703, 4.395420820921293*^-6, 0, 
    -4.39542082073188*^-6}, {4.395420821148034*^-6, 3.630220653753208*^-7, 
    1.0863385449335719*^-7, 0.00006609478847336149}, 
   {0, 1.0863385549838211*^-7, 0.9999771556616164, 1.0863385508087724*^-7}, 
   {-4.3954208200801564*^-6, 0.00006609478846608701, 1.0863385330334176*^-7, 
    3.630220661021699*^-7}}, {{-0.5248751120189699, -4.395420820906296*^-6, 
    4.395420821530008*^-6, 0}, {-4.395420821061943*^-6, 
    3.6302206708575813*^-7, 0.000066094788468245, 1.0863385505828751*^-7}, 
   {4.395420820439387*^-6, 0.00006609478847310904, 3.6302206490868016*^-7, 
    1.0863385345040785*^-7}, {0, 1.0863385351552033*^-7, 
    1.0863385513391373*^-7, 0.9999771556616162}}}, 
 {{{0., 0.003055279540800502, 0.0030552795407995164, 0.003055279540799864}, 
   {-0.003055279540800502, 0., -0.0028048620579141405, 0.002804862057911811}, 
   {-0.0030552795407995164, 0.0028048620579141405, 0., 
    -0.002804862057912434}, {-0.003055279540799864, -0.002804862057911811, 
    0.002804862057912434, 0.}}, {{0., 0.003055279540800559, 
    0.003055279540799445, 0.003055279540799775}, {-0.003055279540800559, 0., 
    -0.002804862057913483, 0.0028048620579109768}, 
   {-0.003055279540799445, 0.002804862057913483, 0., -0.002804862057912226}, 
   {-0.003055279540799775, -0.0028048620579109768, 0.002804862057912226, 
    0.}}}, {0, 0}, {{-1.5746067851833305, -1.5745962013845394}, 
  {-0.7873257091610864, -0.3936731004152535, 0.0000102458347103207}, 
  {-1.574616935246319, -1.574606351447528}, {{2, 0.00043846922071394173}, 
   {3, 0.00038046052146939284}, {4, 0.0003301339007083586}, 
   {5, 0.00028646937779656283}, {6, 0.0002485872363951246}, 
   {7, 0.0002157205126356995}, {8, 0.0001872072473099438}, 
   {9, 0.00016246891636852775}, {10, 0.00014100768228929262}, 
   {11, 0.00012238723365847132}, {12, 0.00010623337462367785}, 
   {13, 0.00009221706760900944}}, {{2, 0.0006554240564479912}, 
   {3, 0.0005876133270997275}, {4, 0.0005287741009846339}, 
   {5, 0.00047772042179184467}, {6, 0.0004334198887198321}, 
   {7, 0.0003949802126891962}, {8, 0.0003616232652508309}, 
   {9, 0.00033267798081307776}, {10, 0.00030755794808396135}, 
   {11, 0.000285758673273763}, {12, 0.0002668382296385959}, 
   {13, 0.0002504174828874316}}, {4.869328182220178*^-16, 0.999862941797417}}}
