{3, 28, {{{-0.5220224966794278, 0, -0.0021404071288462635, 
    0.0021404071288462457}, {0, 0.987843878015866, 0.001100410223714784, 
    0.0011004102237147616}, {-0.0021404071288462162, 0.0011004102237147486, 
    -0.0008029134345200776, 0.005034983330180624}, 
   {0.002140407128846232, 0.0011004102237147204, 0.0050349833301806, 
    -0.0008029134345199076}}, {{-0.5220224966794278, 0.0021404071288462626, 
    0, -0.0021404071288462475}, {0.0021404071288462375, 
    -0.0008029134345200854, 0.0011004102237147464, 0.005034983330180655}, 
   {0, 0.0011004102237147802, 0.9878438780158663, 0.001100410223714732}, 
   {-0.00214040712884624, 0.005034983330180578, 0.001100410223714759, 
    -0.000802913434519853}}, {{-0.5220224966794279, -0.0021404071288462258, 
    0.002140407128846231, 0}, {-0.0021404071288461703, 
    -0.0008029134345200924, 0.005034983330180647, 0.0011004102237147507}, 
   {0.002140407128846155, 0.005034983330180713, -0.0008029134345201028, 
    0.0011004102237147876}, {0, 0.001100410223714724, 0.0011004102237147095, 
    0.9878438780158663}}}, 
 {{{0., 0.02855024010243117, 0.028550240102431165, 0.02855024010243119}, 
   {-0.02855024010243117, 0., -0.034834229437513145, 0.03483422943751305}, 
   {-0.028550240102431165, 0.034834229437513145, 0., -0.03483422943751306}, 
   {-0.02855024010243119, -0.03483422943751305, 0.03483422943751306, 0.}}, 
  {{0., 0.028550240102431162, 0.028550240102431162, 0.02855024010243124}, 
   {-0.028550240102431162, 0., -0.03483422943751304, 0.034834229437513235}, 
   {-0.028550240102431162, 0.03483422943751304, 0., -0.034834229437513235}, 
   {-0.02855024010243124, -0.034834229437513235, 0.034834229437513235, 0.}}}, 
 {0, 0}, {{-1.5296953446534327, -1.5099151580831494}, 
  {-6.297688507796449, -1.5494755312237114, -1.5993687226745132}, 
  {-1.5516523689842299, -1.5318721824139465}, {{2, 0.00020813144187205312}}, 
  {{2, 0.11005142710773272}}, {1.7866408029729237*^-9, 0.9292442370571299}}}
