{3, 28, {{{-0.5241844144513428, 0, -0.0005051215354480944, 
    0.0005051215354480746}, {0, 0.9970240752005581, 0.0002722684968942811, 
    0.00027226849689414875}, {-0.0005051215354480518, 0.0002722684968941448, 
    -0.00020797390601080303, 0.001204457721224442}, 
   {0.0005051215354480846, 0.00027226849689415407, 0.0012044577212245232, 
    -0.0002079739060105801}}, {{-0.5241844144513429, 0.0005051215354480837, 
    0, -0.0005051215354480673}, {0.0005051215354480352, 
    -0.00020797390601076486, 0.00027226849689413997, 0.0012044577212244095}, 
   {0, 0.0002722684968942962, 0.9970240752005584, 0.00027226849689416345}, 
   {-0.0005051215354480712, 0.001204457721224538, 0.00027226849689412355, 
    -0.00020797390601068333}}, {{-0.5241844144513429, -0.0005051215354480371, 
    0.0005051215354480482, 0}, {-0.0005051215354479855, 
    -0.00020797390601087241, 0.0012044577212245713, 0.00027226849689418865}, 
   {0.0005051215354479867, 0.0012044577212246155, -0.0002079739060108221, 
    0.00027226849689416003}, {0, 0.00027226849689413173, 
    0.00027226849689414447, 0.9970240752005588}}}, 
 {{{0., 0.014034463718762928, 0.014034463718762928, 0.014034463718762939}, 
   {-0.014034463718762928, 0., -0.01724150490506642, 0.017241504905066266}, 
   {-0.014034463718762928, 0.01724150490506642, 0., -0.017241504905066256}, 
   {-0.014034463718762939, -0.017241504905066266, 0.017241504905066256, 0.}}, 
  {{0., 0.014034463718762937, 0.01403446371876293, 0.014034463718762949}, 
   {-0.014034463718762937, 0., -0.017241504905066353, 0.017241504905066395}, 
   {-0.01403446371876293, 0.017241504905066353, 0., -0.01724150490506637}, 
   {-0.014034463718762949, -0.017241504905066395, 0.01724150490506637, 0.}}}, 
 {0, 0}, {{-1.5636026608307336, -1.5587409799871577}, 
  {-6.298445076189816, -1.568464341674309, -1.5807581964205992}, 
  {-1.5690198175019738, -1.5641581366583979}, {{2, 0.00010433399018324602}}, 
  {{2, 0.11425592208471261}}, {2.6269452427429626*^-11, 0.9822767672011518}}}
