{7, 32, {{{-0.5246525198332361, 0, -0.0001292004832811803, 
    0.00012920048328117725}, {0, 0.9993107813144092, 0.000023235176921710792, 
    0.000023235176921396943}, {-0.00012920048328114378, 
    0.000023235176921393446, -3.590147137019946*^-6, 0.00031546328421986}, 
   {0.00012920048328117148, 0.000023235176921504414, 0.0003154632842198576, 
    -3.590147136991323*^-6}}, {{-0.5246525198332362, 0.00012920048328118693, 
    0, -0.00012920048328118327}, {0.0001292004832811525, 
    -3.5901471369822156*^-6, 0.000023235176921394165, 0.0003154632842198382}, 
   {0, 0.00002323517692171303, 0.9993107813144094, 0.000023235176921497523}, 
   {-0.00012920048328118544, 0.00031546328422001773, 0.00002323517692142664, 
    -3.5901471371058147*^-6}}, 
  {{-0.5246525198332367, -0.00012920048328114676, 0.00012920048328115093, 0}, 
   {-0.00012920048328110223, -3.5901471372593377*^-6, 0.00031546328422008994, 
    0.000023235176921497028}, {0.00012920048328110334, 
    0.00031546328421995057, -3.590147137272348*^-6, 0.000023235176921418234}, 
   {0, 0.000023235176921397255, 0.00002323517692149883, 
    0.9993107813144096}}}, 
 {{{0., 0.007881675654631565, 0.007881675654631555, 0.007881675654631578}, 
   {-0.007881675654631565, 0., -0.007906554122923098, 0.007906554122923067}, 
   {-0.007881675654631555, 0.007906554122923098, 0., -0.007906554122923026}, 
   {-0.007881675654631578, -0.007906554122923067, 0.007906554122923026, 0.}}, 
  {{0., 0.007881675654631558, 0.007881675654631555, 0.00788167565463159}, 
   {-0.007881675654631558, 0., -0.007906554122923102, 0.00790655412292315}, 
   {-0.007881675654631555, 0.007906554122923102, 0., -0.007906554122923046}, 
   {-0.00788167565463159, -0.00790655412292315, 0.007906554122923046, 0.}}}, 
 {0, 0}, {{-1.5716939747044893, -1.5703288284362298}, 
  {-6.29845243029479, -1.5730591209727498, -1.5761670941746453}, 
  {-1.5730612755113043, -1.5716961292430447}, {{2, 0.0037710695510234007}, 
   {3, 0.0014778609491989617}, {4, 0.0005793163683867689}, 
   {5, 0.00022711568415185665}, {6, 0.00008904272293120893}}, 
  {{2, 0.09026665876637885}, {3, 0.03170600720771735}, 
   {4, 0.011815137631335773}, {5, 0.004419458448378067}, 
   {6, 0.001578247404591897}}, {2.4430001239209957*^-13, 0.9958718066779025}}}
