{7, 28, {{{-0.5246574593216745, 0, -0.00012911367358812347, 
    0.00012911367358811482}, {0, 0.9993108739599225, 0.00002325300370541132, 
    0.000023253003705450608}, {-0.00012911367358807175, 
    0.000023253003705744698, -3.61429948896215*^-6, 0.00031540373945738727}, 
   {0.00012911367358810953, 0.00002325300370534635, 0.00031540373945736493, 
    -3.6142994886134705*^-6}}, {{-0.5246574593216744, 0.00012911367358812553, 
    0, -0.00012911367358810943}, {0.0001291136735880699, 
    -3.6142994888840874*^-6, 0.000023253003705740754, 
    0.00031540373945749276}, {0, 0.00002325300370541765, 0.9993108739599225, 
    0.00002325300370534598}, {-0.00012911367358811276, 
    0.00031540373945723884, 0.00002325300370544573, 
    -3.6142994887522484*^-6}}, 
  {{-0.5246574593216748, -0.00012911367358811002, 0.0001291136735881109, 0}, 
   {-0.00012911367358803402, -3.6142994890549576*^-6, 0.0003154037394572705, 
    0.000023253003705324048}, {0.0001291136735880328, 0.0003154037394574562, 
    -3.6142994890575597*^-6, 0.000023253003705426525}, 
   {0, 0.000023253003705458645, 0.000023253003705360867, 
    0.9993108739599228}}}, 
 {{{0., 0.007880952824263638, 0.007880952824263644, 0.00788095282426364}, 
   {-0.007880952824263638, 0., -0.00790647669942597, 0.007906476699425923}, 
   {-0.007880952824263644, 0.00790647669942597, 0., -0.007906476699425891}, 
   {-0.00788095282426364, -0.007906476699425923, 0.007906476699425891, 0.}}, 
  {{0., 0.007880952824263633, 0.007880952824263633, 0.007880952824263657}, 
   {-0.007880952824263633, 0., -0.007906476699425864, 0.007906476699426002}, 
   {-0.007880952824263633, 0.007906476699425864, 0., -0.007906476699425943}, 
   {-0.007880952824263657, -0.007906476699426002, 0.007906476699425943, 
    0.}}}, {0, 0}, {{-1.5717090197948924, -1.5703439987245245}, 
  {-6.29851172923012, -1.5730740408652601, -1.5761818237498}, 
  {-1.5730762512976897, -1.5717112302273217}, {{2, 0.0037706265779246517}, 
   {3, 0.001477604237918255}, {4, 0.0005791832156588003}, 
   {5, 0.00022705073466745135}, {6, 0.0000890122610917414}}, 
  {{2, 0.09030329599955814}, {3, 0.03174436272845524}, 
   {4, 0.011854880393181439}, {5, 0.00446006961451893}, 
   {6, 0.0016193394207175667}}, {2.442856591621223*^-13, 0.995872360638158}}}
