{9, 28, {{{-0.5190805217610643, 0, -0.0036820594467381357, 
    0.003682059446738135}, {0, 0.9818766833694098, 0.000580625824214799, 
    0.0005806258242147466}, {-0.0036820594467380924, 0.000580625824214685, 
    0.00003312581880273585, 0.008560835303150115}, 
   {0.003682059446738104, 0.0005806258242147401, 0.008560835303150095, 
    0.00003312581880282259}}, {{-0.5190805217610643, 0.0036820594467381344, 
    0, -0.0036820594467381258}, {0.003682059446738102, 
    0.00003312581880274713, 0.0005806258242146939, 0.008560835303150076}, 
   {0, 0.000580625824214791, 0.9818766833694098, 0.0005806258242147626}, 
   {-0.003682059446738113, 0.00856083530315015, 0.0005806258242147177, 
    0.00003312581880274279}}, {{-0.5190805217610643, -0.003682059446738083, 
    0.0036820594467380815, 0}, {-0.0036820594467380655, 
    0.000033125818802705494, 0.008560835303150119, 0.000580625824214775}, 
   {0.0036820594467380638, 0.008560835303150091, 0.000033125818802770546, 
    0.0005806258242147468}, {0, 0.0005806258242146913, 0.0005806258242146984, 
    0.9818766833694097}}}, 
 {{{0., 0.040723386605593534, 0.040723386605593534, 0.04072338660559359}, 
   {-0.040723386605593534, 0., -0.04051910768860309, 0.04051910768860293}, 
   {-0.040723386605593534, 0.04051910768860309, 0., -0.0405191076886029}, 
   {-0.04072338660559359, -0.04051910768860293, 0.0405191076886029, 0.}}, 
  {{0., 0.04072338660559352, 0.04072338660559352, 0.04072338660559363}, 
   {-0.04072338660559352, 0., -0.04051910768860292, 0.040519107688603145}, 
   {-0.04072338660559352, 0.04051910768860292, 0., -0.04051910768860316}, 
   {-0.04072338660559363, -0.040519107688603145, 0.04051910768860316, 0.}}}, 
 {0, 0}, {{-1.4987268786465564, -1.463459391317978}, 
  {-6.296541613658528, -1.5339943659751356, -1.6142764408541284}, 
  {-1.5339059106093498, -1.4986384232807715}, {{2, 0.01968958679449799}, 
   {3, 0.00795418319898207}, {4, 0.0032411331899997037}, 
   {5, 0.00132582182267664}, {6, 0.0005432391189958002}, 
   {7, 0.0002227386011164345}, {8, 0.00009135306579355351}}, 
  {{2, 0.08894721756351465}, {3, 0.0304117612744666}, 
   {4, 0.010155418096410199}, {5, 0.0023760968982243624}, 
   {6, 0.0007317643028422503}, {7, 0.001993013428861665}, 
   {8, 0.0025081278107954674}}, {4.42546832425502*^-9, 0.8960694721062233}}}
