{9, 28, {{{-0.5228666103134332, 0, -0.0012179751674375218, 
    0.0012179751674375183}, {0, 0.9936915468484167, 0.00020559777637846636, 
    0.00020559777637836325}, {-0.001217975167437497, 0.000205597776378324, 
    -0.000014378650192966094, 0.0029231135317959386}, 
   {0.001217975167437495, 0.0002055977763783754, 0.0029231135317959837, 
    -0.000014378650192781346}}, {{-0.5228666103134331, 0.0012179751674375257, 
    0, -0.0012179751674375222}, {0.001217975167437494, 
    -0.000014378650192959155, 0.000205597776378311, 0.002923113531795919}, 
   {0, 0.00020559777637847287, 0.9936915468484167, 0.0002055977763783788}, 
   {-0.001217975167437495, 0.0029231135317960163, 0.000205597776378351, 
    -0.000014378650192825582}}, 
  {{-0.5228666103134332, -0.0012179751674374964, 0.0012179751674374914, 0}, 
   {-0.0012179751674374396, -0.000014378650192936604, 0.0029231135317959924, 
    0.00020559777637837702}, {0.001217975167437451, 0.002923113531796014, 
    -0.00001437865019296436, 0.0002055977763783627}, 
   {0, 0.00020559777637833452, 0.00020559777637836157, 0.9936915468484168}}}, 
 {{{0., 0.02393790166308303, 0.023937901663083044, 0.023937901663083065}, 
   {-0.02393790166308303, 0., -0.023903152912941976, 0.023903152912941913}, 
   {-0.023937901663083044, 0.023903152912941976, 0., -0.023903152912941913}, 
   {-0.023937901663083065, -0.023903152912941913, 0.023903152912941913, 0.}}, 
  {{0., 0.02393790166308305, 0.023937901663083037, 0.023937901663083107}, 
   {-0.02393790166308305, 0., -0.023903152912941907, 0.02390315291294206}, 
   {-0.023937901663083037, 0.023903152912941907, 0., -0.02390315291294208}, 
   {-0.023937901663083107, -0.02390315291294206, 0.02390315291294208, 0.}}}, 
 {0, 0}, {{-1.547984963229211, -1.5355464646570982}, 
  {-6.29828262890742, -1.5604234618013253, -1.5887178526523846}, 
  {-1.5604144338112138, -1.547975935239101}, {{2, 0.011472444344488443}, 
   {3, 0.0045379356633341375}, {4, 0.001799644952660856}, 
   {5, 0.0007145123783459592}, {6, 0.0002838158056875026}, 
   {7, 0.0001127575380170942}, {8, 0.000044800971589382954}}, 
  {{2, 0.08985006354583636}, {3, 0.031300946919409676}, 
   {4, 0.01130389783893189}, {5, 0.0037965524033347882}, 
   {6, 0.0008786684557616914}, {7, 0.00027069173123249837}, 
   {8, 0.0007258102784061175}}, {1.8652246166562618*^-10, 
   0.9627412324072627}}}
