{9, 32, {{{-0.5190752336943176, 0, -0.003691984817117462, 
    0.00369198481711747}, {0, 0.9818730582773076, 0.0005798302362278304, 
    0.0005798302362277317}, {-0.0036919848171174307, 0.0005798302362277038, 
    0.00003444486587576628, 0.008562935275627253}, 
   {0.0036919848171174533, 0.0005798302362277023, 0.008562935275627216, 
    0.00003444486587573115}}, {{-0.5190752336943176, 0.0036919848171174663, 
    0, -0.003691984817117469}, {0.0036919848171174307, 
    0.000034444865875738525, 0.0005798302362276997, 0.008562935275627246}, 
   {0, 0.0005798302362278139, 0.9818730582773079, 0.0005798302362277475}, 
   {-0.0036919848171174585, 0.008562935275627221, 0.0005798302362277098, 
    0.00003444486587569906}}, {{-0.5190752336943176, -0.0036919848171174208, 
    0.003691984817117429, 0}, {-0.0036919848171173735, 
    0.00003444486587568258, 0.008562935275627251, 0.0005798302362277489}, 
   {0.003691984817117383, 0.008562935275627265, 0.000034444865875671304, 
    0.0005798302362277354}, {0, 0.0005798302362277036, 0.0005798302362276966, 
    0.9818730582773079}}}, 
 {{{0., 0.04072900651023431, 0.04072900651023431, 0.04072900651023434}, 
   {-0.04072900651023431, 0., -0.04052063536688568, 0.040520635366885535}, 
   {-0.04072900651023431, 0.04052063536688568, 0., -0.04052063536688553}, 
   {-0.04072900651023434, -0.040520635366885535, 0.04052063536688553, 0.}}, 
  {{0., 0.0407290065102343, 0.040729006510234304, 0.04072900651023442}, 
   {-0.0407290065102343, 0., -0.04052063536688558, 0.04052063536688576}, 
   {-0.040729006510234304, 0.04052063536688558, 0., -0.04052063536688575}, 
   {-0.04072900651023442, -0.04052063536688576, 0.04052063536688575, 0.}}}, 
 {0, 0}, {{-1.4987021631555104, -1.463429808846746}, 
  {-6.296479036564778, -1.5339745174642756, -1.6142650008181132}, 
  {-1.5338842901124974, -1.4986119358037329}, {{2, 0.019692822592228057}, 
   {3, 0.007956374956171727}, {4, 0.0032424063257743274}, 
   {5, 0.0013265026950611547}, {6, 0.0005435845792611804}, 
   {7, 0.00022290767586875815}, {8, 0.00009143369194550277}}, 
  {{2, 0.0889053691452762}, {3, 0.030367651680946323}, 
   {4, 0.010109002604540947}, {5, 0.002328041262118776}, 
   {6, 0.0007808164640693161}, {7, 0.0020426172794775163}, 
   {8, 0.002558018979622467}}, {4.4264695302796306*^-9, 0.8960496225399437}}}
