{10, 28, {{{-0.5127367194593326, 0, -0.008121632594758465, 
    0.008121632594758444}, {0, 0.962314516121163, 0.0011585571304158666, 
    0.0011585571304158818}, {-0.008121632594758423, 0.0011585571304158055, 
    0.0003279594888415567, 0.018253270785427864}, 
   {0.008121632594758434, 0.0011585571304157834, 0.01825327078542787, 
    0.0003279594888415151}}, {{-0.5127367194593325, 0.008121632594758472, 0, 
    -0.008121632594758448}, {0.008121632594758439, 0.00032795948884154283, 
    0.0011585571304158007, 0.018253270785427912}, 
   {0, 0.0011585571304158558, 0.9623145161211631, 0.0011585571304158645}, 
   {-0.008121632594758437, 0.018253270785427867, 0.0011585571304158044, 
    0.0003279594888415116}}, {{-0.5127367194593325, -0.00812163259475841, 
    0.008121632594758402, 0}, {-0.008121632594758375, 0.0003279594888415203, 
    0.018253270785427884, 0.0011585571304158402}, 
   {0.00812163259475837, 0.018253270785427954, 0.0003279594888415116, 
    0.0011585571304158742}, {0, 0.0011585571304158194, 0.001158557130415809, 
    0.962314516121163}}}, 
 {{{0., 0.0591126333956322, 0.0591126333956322, 0.05911263339563225}, 
   {-0.0591126333956322, 0., -0.058438839125471514, 0.05843883912547125}, 
   {-0.0591126333956322, 0.058438839125471514, 0., -0.05843883912547126}, 
   {-0.05911263339563225, -0.05843883912547125, 0.05843883912547126, 0.}}, 
  {{0., 0.05911263339563219, 0.05911263339563219, 0.05911263339563235}, 
   {-0.05911263339563219, 0., -0.05843883912547134, 0.05843883912547156}, 
   {-0.05911263339563219, 0.05843883912547134, 0., -0.05843883912547156}, 
   {-0.05911263339563235, -0.05843883912547156, 0.05843883912547156, 0.}}}, 
 {0, 0}, {{-1.4190546154457795, -1.3473843563584809}, 
  {-6.2896348748189155, -1.49072487453308, -1.6540925628763778}, 
  {-1.4903164084646603, -1.4186461493773619}, {{2, 0.02886904097561578}, 
   {3, 0.01209839514343404}, {4, 0.005177868724279416}, 
   {5, 0.002237965254264229}, {6, 0.0009715746823254767}, 
   {7, 0.00042261563641024513}, {8, 0.00018398632936239556}, 
   {9, 0.00008012856262744339}}, {{2, 0.0876803755013519}, 
   {3, 0.029210341056352982}, {4, 0.008493720605612005}, 
   {5, 0.00020435863318525555}, {6, 0.0032784372693255904}, 
   {7, 0.00477216789153341}, {8, 0.005418501199383433}, 
   {9, 0.0056992408513693495}}, {3.982992431011371*^-8, 0.7941494180571245}}}
