{9, 32, {{{-0.5228616656747209, 0, -0.0012197606165577398, 
    0.0012197606165577288}, {0, 0.9936906313081498, 0.00020541636444994422, 
    0.00020541636444991853}, {-0.0012197606165576936, 0.00020541636444985987, 
    -0.00001411347607156374, 0.002923680648538575}, 
   {0.0012197606165577292, 0.0002054163644499286, 0.0029236806485385906, 
    -0.00001411347607145879}}, {{-0.522861665674721, 0.0012197606165577348, 
    0, -0.001219760616557731}, {0.0012197606165576945, 
    -0.000014113476071592797, 0.00020541636444987922, 0.002923680648538561}, 
   {0, 0.00020541636444993202, 0.9936906313081497, 0.0002054163644499082}, 
   {-0.001219760616557727, 0.0029236806485385776, 0.0002054163644499388, 
    -0.000014113476071553333}}, 
  {{-0.5228616656747211, -0.0012197606165576971, 0.0012197606165577132, 0}, 
   {-0.001219760616557656, -0.000014113476071703386, 0.002923680648538615, 
    0.0002054163644499305}, {0.0012197606165576637, 0.002923680648538624, 
    -0.00001411347607169211, 0.00020541636444994634}, 
   {0, 0.00020541636444990888, 0.00020541636444988443, 0.99369063130815}}}, 
 {{{0., 0.023940255441335635, 0.02394025544133565, 0.023940255441335677}, 
   {-0.023940255441335635, 0., -0.02390351654919089, 0.02390351654919086}, 
   {-0.02394025544133565, 0.02390351654919089, 0., -0.02390351654919083}, 
   {-0.023940255441335677, -0.02390351654919086, 0.02390351654919083, 0.}}, 
  {{0., 0.023940255441335635, 0.023940255441335642, 0.023940255441335715}, 
   {-0.023940255441335635, 0., -0.023903516549190804, 0.023903516549190998}, 
   {-0.023940255441335642, 0.023903516549190804, 0., -0.023903516549190987}, 
   {-0.023940255441335715, -0.023903516549190998, 0.023903516549190987, 
    0.}}}, {0, 0}, {{-1.5479679018140509, -1.5355281801828808}, 
  {-6.298223143676135, -1.5604076234452222, -1.5887039483928453}, 
  {-1.5603980784010507, -1.5479583567698807}, {{2, 0.011473846133783196}, 
   {3, 0.004538773435380637}, {4, 0.0018000905621524746}, 
   {5, 0.0007147347056709399}, {6, 0.0002839222287961546}, 
   {7, 0.00011280702802517889}, {8, 0.00004482350182614253}}, 
  {{2, 0.08981343212782313}, {3, 0.03126273944786803}, 
   {4, 0.011264280513305459}, {5, 0.0037560081358831887}, 
   {6, 0.0008375936117665271}, {7, 0.00031204596345073136}, 
   {8, 0.0007673036788348131}}, {1.8653948759727293*^-10, 
   0.9627359102748325}}}
{8, 32, {{{-0.5228634187872474, 0, -0.0012191828443341287, 
    0.0012191828443341285}, {0, 0.9936922649069106, 0.00020621042797217307, 
    0.0002062104279721155}, {-0.0012191828443340797, 0.0002062104279721516, 
    -0.000015072491336131158, 0.0029221170571697465}, 
   {0.0012191828443341253, 0.0002062104279721465, 0.0029221170571697474, 
    -0.000015072491336145036}}, {{-0.5228634187872474, 0.0012191828443341294, 
    0, -0.001219182844334121}, {0.0012191828443340875, 
    -0.000015072491336149373, 0.00020621042797214055, 0.0029221170571697183}, 
   {0, 0.00020621042797217595, 0.9936922649069109, 0.0002062104279721495}, 
   {-0.001219182844334125, 0.0029221170571697673, 0.0002062104279721083, 
    -0.00001507249133608779}}, {{-0.5228634187872474, -0.0012191828443340873, 
    0.0012191828443340875, 0}, {-0.0012191828443340407, 
    -0.000015072491336197945, 0.0029221170571698723, 0.0002062104279721709}, 
   {0.0012191828443340398, 0.002922117057169766, -0.000015072491336198812, 
    0.00020621042797213312}, {0, 0.00020621042797208498, 
    0.00020621042797212708, 0.9936922649069111}}}, 
 {{{0., 0.023929801373781243, 0.023929801373781243, 0.02392980137378127}, 
   {-0.023929801373781243, 0., -0.02390323662460498, 0.02390323662460494}, 
   {-0.023929801373781243, 0.02390323662460498, 0., -0.023903236624604945}, 
   {-0.02392980137378127, -0.02390323662460494, 0.023903236624604945, 0.}}, 
  {{0., 0.023929801373781243, 0.023929801373781243, 0.023929801373781312}, 
   {-0.023929801373781243, 0., -0.023903236624604893, 0.023903236624605077}, 
   {-0.023929801373781243, 0.023903236624604893, 0., -0.023903236624605105}, 
   {-0.023929801373781312, -0.023903236624605077, 0.023903236624605105, 
    0.}}}, {0, 0}, {{-1.5479796211980523, -1.5355453316597232}, 
  {-6.298232712573279, -1.5604139107363775, -1.588702445550262}, 
  {-1.560407009012089, -1.5479727194737598}, {{2, 0.007766393049941922}, 
   {3, 0.003076289954401512}, {4, 0.001220797801864848}, 
   {5, 0.00048484461514537724}, {6, 0.00019261978577051614}, 
   {7, 0.00007653413503067724}}, {{2, 0.056973827089272025}, 
   {3, 0.020389471508988226}, {4, 0.007228728366547544}, 
   {5, 0.0021943883685117188}, {6, 0.00022350751404519496}, 
   {7, 0.0005550557808928271}}, {1.8652638104200785*^-10, 
   0.9627454065744118}}}
