{10, 32, {{{-0.5127298202324914, 0, -0.008146787277088424, 
    0.008146787277088405}, {0, 0.962303405101288, 0.0011559588537384158, 
    0.0011559588537383815}, {-0.00814678727708837, 0.001155958853738261, 
    0.00033258518479958995, 0.018259353735536273}, 
   {0.008146787277088377, 0.0011559588537383104, 0.01825935373553627, 
    0.0003325851847995713}}, {{-0.5127298202324913, 0.00814678727708841, 0, 
    -0.008146787277088407}, {0.008146787277088365, 0.00033258518479959906, 
    0.001155958853738277, 0.018259353735536263}, {0, 0.0011559588537384093, 
    0.962303405101288, 0.0011559588537383772}, {-0.008146787277088386, 
    0.018259353735536235, 0.0011559588537383492, 0.0003325851847995609}}, 
  {{-0.5127298202324913, -0.008146787277088334, 0.00814678727708835, 0}, 
   {-0.008146787277088315, 0.00033258518479953227, 0.01825935373553623, 
    0.001155958853738379}, {0.00814678727708833, 0.01825935373553632, 
    0.0003325851847995054, 0.0011559588537383937}, 
   {0, 0.001155958853738316, 0.0011559588537383085, 0.962303405101288}}}, 
 {{{0., 0.0591249902610509, 0.05912499026105089, 0.05912499026105094}, 
   {-0.0591249902610509, 0., -0.0584434900785994, 0.058443490078599114}, 
   {-0.05912499026105089, 0.0584434900785994, 0., -0.05844349007859913}, 
   {-0.05912499026105094, -0.058443490078599114, 0.05844349007859913, 0.}}, 
  {{0., 0.05912499026105089, 0.05912499026105089, 0.05912499026105104}, 
   {-0.05912499026105089, 0., -0.0584434900785992, 0.05844349007859942}, 
   {-0.05912499026105089, 0.0584434900785992, 0., -0.05844349007859943}, 
   {-0.05912499026105104, -0.05844349007859942, 0.05844349007859943, 0.}}}, 
 {0, 0}, {{-1.419007008149791, -1.3473217671593853}, 
  {-6.2895603634047115, -1.490692249140201, -1.6540879325621547}, 
  {-1.4902791116107188, -1.4185938706203132}, {{2, 0.028876359434444443}, 
   {3, 0.012103368062224201}, {4, 0.005180710059771554}, 
   {5, 0.0022394792470334934}, {6, 0.0009723518853212987}, 
   {7, 0.0004230051425382214}, {8, 0.00018417817490365418}, 
   {9, 0.00008022179564094734}}, {{2, 0.08762449990874228}, 
   {3, 0.02915264515982}, {4, 0.008433720234115429}, 
   {5, 0.00014264376608602396}, {6, 0.0033412416753016627}, 
   {7, 0.004835607658267759}, {8, 0.005482291061870526}, 
   {9, 0.005763216022891993}}, {3.984894768317276*^-8, 0.7940944034743359}}}
{9, 32, {{{-0.5127273148800136, 0, -0.008147916228789472, 
    0.008147916228789447}, {0, 0.9623002815147611, 0.0011549864699310392, 
    0.0011549864699310097}, {-0.00814791622878943, 0.001154986469930961, 
    0.00033384540082582407, 0.018261823954799097}, 
   {0.008147916228789444, 0.0011549864699309763, 0.018261823954799056, 
    0.00033384540082578244}}, {{-0.5127273148800136, 0.008147916228789475, 0, 
    -0.008147916228789447}, {0.00814791622878942, 0.00033384540082584575, 
    0.001154986469930948, 0.01826182395479908}, {0, 0.0011549864699310327, 
    0.9623002815147612, 0.0011549864699310639}, {-0.00814791622878945, 
    0.018261823954799073, 0.0011549864699309585, 0.000333845400825844}}, 
  {{-0.5127273148800136, -0.00814791622878943, 0.00814791622878942, 0}, 
   {-0.008147916228789381, 0.0003338454008257807, 0.018261823954799132, 
    0.0011549864699310357}, {0.008147916228789385, 0.018261823954799142, 
    0.000333845400825733, 0.0011549864699310199}, 
   {0, 0.0011549864699309997, 0.0011549864699309735, 0.9623002815147611}}}, 
 {{{0., 0.05913111588427722, 0.05913111588427721, 0.05913111588427726}, 
   {-0.05913111588427722, 0., -0.05844447611777308, 0.058444476117772794}, 
   {-0.05913111588427721, 0.05844447611777308, 0., -0.058444476117772794}, 
   {-0.05913111588427726, -0.058444476117772794, 0.058444476117772794, 0.}}, 
  {{0., 0.05913111588427719, 0.059131115884277205, 0.05913111588427735}, 
   {-0.05913111588427719, 0., -0.058444476117772884, 0.058444476117773106}, 
   {-0.059131115884277205, 0.058444476117772884, 0., -0.058444476117773106}, 
   {-0.05913111588427735, -0.058444476117773106, 0.058444476117773106, 0.}}}, 
 {0, 0}, {{-1.4189897170313235, -1.3472970491174576}, 
  {-6.2895449839250155, -1.4906823849451933, -1.6540901070173144}, 
  {-1.4902661317084624, -1.4185734637945966}, {{2, 0.009656493045420378}, 
   {3, 0.0041442828908925256}, {4, 0.0017942940510974892}, 
   {5, 0.0007795885024695498}, {6, 0.00033924801935668325}, 
   {7, 0.00014772925143091697}, {8, 0.00006434953686268452}}, 
  {{2, 0.021597129637637935}, {3, 0.005479476444552982}, 
   {4, 0.0010872939571246695}, {5, 0.0038667029330255284}, 
   {6, 0.005062606327410991}, {7, 0.005580827062777564}, 
   {8, 0.005806078206337846}}, {3.9852981762666656*^-8, 0.7940789380664093}}}
