{5, 20, {{{-0.5246565701441798, 0, -0.00011943872311034686, 
    0.0001194387231103765}, {0, 0.9993257856712237, 0.000013045766786139617, 
    0.000013045766786142995}, {-0.00011943872311035533, 
    0.000013045766787275798, -3.973463461615437*^-6, 0.0010517417913172681}, 
   {0.0001194387231100299, 0.000013045766786484867, 0.0010517417913167974, 
    -3.973463462123277*^-6}}, {{-0.5246565701441802, 0.00011943872311031576, 
    0, -0.00011943872311036772}, {0.00011943872311031395, 
    -3.973463460977926*^-6, 0.00001304576678725409, 0.0010517417913174117}, 
   {0, 0.000013045766786147267, 0.999325785671224, 0.000013045766785990752}, 
   {-0.00011943872311003035, 0.0010517417913170066, 0.000013045766786648002, 
    -3.973463461793246*^-6}}, {{-0.5246565701441805, -0.00011943872311031233, 
    0.00011943872311032076, 0}, {-0.00011943872311024527, 
    -3.973463461339616*^-6, 0.0010517417913173534, 0.000013045766786588293}, 
   {0.0001194387231102952, 0.0010517417913169446, -3.973463461731663*^-6, 
    0.000013045766786811158}, {0, 0.000013045766786288376, 
    0.000013045766786100277, 0.9993257856712245}}}, 
 {{{0, 0.016077825209589898, 0.016077825209589888, 0.016077825209589933}, 
   {-0.016077825209589898, 0, -0.01542936397320593, 0.015429363973206055}, 
   {-0.016077825209589888, 0.01542936397320593, 0, -0.015429363973205813}, 
   {-0.016077825209589933, -0.015429363973206055, 0.015429363973205813, 0}}, 
  {{0, 0.016077825209589867, 0.016077825209589842, 0.016077825209589953}, 
   {-0.016077825209589867, 0, -0.015429363973206246, 0.015429363973206121}, 
   {-0.016077825209589842, 0.015429363973206246, 0, -0.015429363973205915}, 
   {-0.016077825209589953, -0.015429363973206121, 0.015429363973205915, 0}}}, 
 {0, 0}, {{-1.5681144848634738, -1.5625449628358292}, 
  {-6.298610854024268, -1.5758899261482942, -1.57341550086384}, 
  {-1.5735716901103025, -1.568002168082658}, {{2, 0.002947015320979702}, 
   {3, 0.0006452420445061877}, {4, 0.00028314460855610886}}, 
  {{2, 0.0007822142803927288}, {3, 0.0006724221065034458}, 
   {4, 0.0006484612363838834}}, {1.3492366948751034*^-11, 
   0.9959615263753756}}}
{5, 20, {{{-0.5246565701441799, 0, -0.00011943872311046767, 
    0.00011943872311035876}, {0, 0.9993257856712243, 0.000013045766786243754, 
    0.000013045766786704906}, {-0.000119438723110358, 
    0.000013045766786547127, -3.973463461771128*^-6, 0.0010517417913168887}, 
   {0.0001194387231099698, 0.000013045766786255684, 0.0010517417913172157, 
    -3.973463461984933*^-6}}, {{-0.5246565701441797, 0.00011943872311042799, 
    0, -0.00011943872311033465}, {0.00011943872311043482, 
    -3.973463461049483*^-6, 0.000013045766786530715, 0.0010517417913177656}, 
   {0, 0.000013045766786292008, 0.9993257856712242, 0.000013045766786393831}, 
   {-0.0001194387231099895, 0.001051741791316686, 0.00001304576678650075, 
    -3.9734634621120014*^-6}}, 
  {{-0.5246565701441808, -0.00011943872311039698, 0.00011943872311046291, 0}, 
   {-0.00011943872311037356, -3.9734634613725756*^-6, 0.001051741791317656, 
    0.00001304576678628141}, {0.0001194387231102638, 0.0010517417913177673, 
    -3.973463461343085*^-6, 0.000013045766786592732}, 
   {0, 0.000013045766786746722, 0.000013045766786398839, 
    0.9993257856712237}}}, 
 {{{0, 0.016077825209589884, 0.01607782520958989, 0.016077825209589905}, 
   {-0.016077825209589884, 0, -0.015429363973205809, 0.015429363973206104}, 
   {-0.01607782520958989, 0.015429363973205809, 0, -0.015429363973206147}, 
   {-0.016077825209589905, -0.015429363973206104, 0.015429363973206147, 0}}, 
  {{0, 0.016077825209589905, 0.01607782520958984, 0.016077825209589967}, 
   {-0.016077825209589905, 0, -0.015429363973205594, 0.015429363973206156}, 
   {-0.01607782520958984, 0.015429363973205594, 0, -0.015429363973206309}, 
   {-0.016077825209589967, -0.015429363973206156, 0.015429363973206309, 0}}}, 
 {0, 0}, {{-1.5681144848634734, -1.5625449628358292}, 
  {-6.29861085402427, -1.5758899261482937, -1.5734155008638413}, 
  {-1.573571690110302, -1.568002168082658}, {{2, 0.002947015320979369}, 
   {3, 0.0006452420445061252}, {4, 0.00028314460855623767}}, 
  {{2, 0.0007822142803927308}, {3, 0.0006724221065034768}, 
   {4, 0.0006484612363838785}}, {1.3492366948751065*^-11, 
   0.9959615263753756}}}
{5, 20, {{{-0.5246565701441798, 0, -0.00011943872311019475, 
    0.00011943872311050748}, {0, 0.9993257856712244, 0.000013045766786719658, 
    0.000013045766786566647}, {-0.00011943872311059591, 
    0.000013045766786718787, -3.973463462116772*^-6, 0.001051741791317267}, 
   {0.0001194387231098635, 0.000013045766786265757, 0.001051741791316756, 
    -3.973463461618473*^-6}}, {{-0.5246565701441802, 0.00011943872311017646, 
    0, -0.0001194387231104888}, {0.00011943872311057213, 
    -3.973463461134051*^-6, 0.000013045766786689488, 0.0010517417913173844}, 
   {0, 0.000013045766786716697, 0.9993257856712243, 0.000013045766786600221}, 
   {-0.00011943872310985862, 0.0010517417913168737, 0.000013045766786087182, 
    -3.973463461526966*^-6}}, {{-0.5246565701441807, -0.00011943872311018609, 
    0.00011943872311014302, 0}, {-0.00011943872311051792, 
    -3.973463461199103*^-6, 0.0010517417913175403, 0.000013045766786376765}, 
   {0.00011943872311052602, 0.0010517417913168898, -3.973463461176552*^-6, 
    0.000013045766786306042}, {0, 0.000013045766786526982, 
    0.000013045766786634487, 0.9993257856712237}}}, 
 {{{0, 0.016077825209589884, 0.016077825209589926, 0.01607782520958991}, 
   {-0.016077825209589884, 0, -0.01542936397320643, 0.01542936397320574}, 
   {-0.016077825209589926, 0.01542936397320643, 0, -0.015429363973205814}, 
   {-0.01607782520958991, -0.01542936397320574, 0.015429363973205814, 0}}, 
  {{0, 0.016077825209589947, 0.016077825209589884, 0.016077825209589988}, 
   {-0.016077825209589947, 0, -0.015429363973206198, 0.015429363973205826}, 
   {-0.016077825209589884, 0.015429363973206198, 0, -0.01542936397320605}, 
   {-0.016077825209589988, -0.015429363973205826, 0.01542936397320605, 0}}}, 
 {0, 0}, {{-1.5681144848634738, -1.5625449628358297}, 
  {-6.298610854024268, -1.5758899261482944, -1.5734155008638397}, 
  {-1.5735716901103025, -1.5680021680826584}, {{2, 0.0029470153209793706}, 
   {3, 0.0006452420445060558}, {4, 0.0002831446085558606}}, 
  {{2, 0.0007822142803927193}, {3, 0.0006724221065034474}, 
   {4, 0.0006484612363839128}}, {1.349236694875101*^-11, 0.995961526375376}}}
{5, 20, {{{-0.5246565701441798, 0, -0.00011943872311019475, 
    0.00011943872311050748}, {0, 0.9993257856712244, 0.000013045766786719658, 
    0.000013045766786566647}, {-0.00011943872311059591, 
    0.000013045766786718787, -3.973463462116772*^-6, 0.001051741791317267}, 
   {0.0001194387231098635, 0.000013045766786265757, 0.001051741791316756, 
    -3.973463461618473*^-6}}, {{-0.5246565701441802, 0.00011943872311017646, 
    0, -0.0001194387231104888}, {0.00011943872311057213, 
    -3.973463461134051*^-6, 0.000013045766786689488, 0.0010517417913173844}, 
   {0, 0.000013045766786716697, 0.9993257856712243, 0.000013045766786600221}, 
   {-0.00011943872310985862, 0.0010517417913168737, 0.000013045766786087182, 
    -3.973463461526966*^-6}}, {{-0.5246565701441807, -0.00011943872311018609, 
    0.00011943872311014302, 0}, {-0.00011943872311051792, 
    -3.973463461199103*^-6, 0.0010517417913175403, 0.000013045766786376765}, 
   {0.00011943872311052602, 0.0010517417913168898, -3.973463461176552*^-6, 
    0.000013045766786306042}, {0, 0.000013045766786526982, 
    0.000013045766786634487, 0.9993257856712237}}}, 
 {{{0, 0.016077825209589884, 0.016077825209589926, 0.01607782520958991}, 
   {-0.016077825209589884, 0, -0.01542936397320643, 0.01542936397320574}, 
   {-0.016077825209589926, 0.01542936397320643, 0, -0.015429363973205814}, 
   {-0.01607782520958991, -0.01542936397320574, 0.015429363973205814, 0}}, 
  {{0, 0.016077825209589947, 0.016077825209589884, 0.016077825209589988}, 
   {-0.016077825209589947, 0, -0.015429363973206198, 0.015429363973205826}, 
   {-0.016077825209589884, 0.015429363973206198, 0, -0.01542936397320605}, 
   {-0.016077825209589988, -0.015429363973205826, 0.01542936397320605, 0}}}, 
 {0, 0}, {{-1.5681144848634738, -1.5625449628358297}, 
  {-6.298610854024268, -1.5758899261482944, -1.5734155008638397}, 
  {-1.5735716901103025, -1.5680021680826584}, {{2, 0.0029470153209793706}, 
   {3, 0.0006452420445060558}, {4, 0.0002831446085558606}}, 
  {{2, 0.0007822142803927193}, {3, 0.0006724221065034474}, 
   {4, 0.0006484612363839128}}, {1.349236694875101*^-11, 0.995961526375376}}}
