{4, 28, {{{-0.5243715319343202, 0, -0.0002706496324322914, 
    0.00027064963243244396}, {0, 0.9985045029074784, 0.000027730359089097606, 
    0.000027730359089084846}, {-0.0002706496324324431, 
    0.000027730359088886583, 0.00002705844031571916, 0.0017398544612556544}, 
   {0.0002706496324321698, 0.000027730359089055478, 0.0017398544612559712, 
    0.000027058440315718942}}, {{-0.5243715319343203, 0.0002706496324323936, 
    0, -0.0002706496324324427}, {0.000270649632432369, 
    0.000027058440315777922, 0.000027730359088910164, 0.0017398544612558658}, 
   {0, 0.00002773035908910222, 0.9985045029074784, 0.000027730359088936802}, 
   {-0.00027064963243216076, 0.0017398544612558808, 0.000027730359089276733, 
    0.000027058440316061767}}, {{-0.524371531934321, -0.0002706496324323611, 
    0.00027064963243230496, 0}, {-0.0002706496324323189, 
    0.000027058440315515762, 0.001739854461256361, 0.00002773035908923562}, 
   {0.00027064963243238346, 0.0017398544612563438, 0.000027058440315530508, 
    0.00002773035908944252}, {0, 0.00002773035908914867, 
    0.000027730359088893044, 0.9985045029074802}}}, 
 {{{0, 0.02398073544089615, 0.023980735440896163, 0.023980735440896198}, 
   {-0.02398073544089615, 0, -0.02296441777918397, 0.022964417779184017}, 
   {-0.023980735440896163, 0.02296441777918397, 0, -0.022964417779184187}, 
   {-0.023980735440896198, -0.022964417779184017, 0.022964417779184187, 0}}, 
  {{0, 0.023980735440896142, 0.023980735440896135, 0.02398073544089623}, 
   {-0.023980735440896142, 0, -0.022964417779183864, 0.022964417779184152}, 
   {-0.023980735440896135, 0.022964417779183864, 0, -0.02296441777918414}, 
   {-0.02398073544089623, -0.022964417779184152, 0.02296441777918414, 0}}}, 
 {0, 0}, {{-1.560026478859645, -1.5475657232036957}, 
  {-6.298629239633124, -1.5773825387529297, -1.5719320810636324}, 
  {-1.5722231874415877, -1.5597624317856384}, {{2, 0.004437182679822297}, 
   {3, 0.0009830071548117304}}, {{2, 0.0011738988494486378}, 
   {3, 0.0010163176617121136}}, {1.4666707635990118*^-10, 
   0.9910604982992343}}}
