{4, 28, {{{-0.5248197547478909, 0, -0.000029648611483723483, 
    0.000029648611483496746}, {0, 0.9998350413909358, 3.1105656607362405*^-6, 
    3.110565661678996*^-6}, {-0.00002964861148314511, 3.1105656619462046*^-6, 
    2.947402540627456*^-6, 0.00019144590533664216}, 
   {0.000029648611483809285, 3.110565661471569*^-6, 0.00019144590533591916, 
    2.9474025402000635*^-6}}, {{-0.5248197547478911, 0.000029648611483665614, 
    0, -0.000029648611483497932}, {0.000029648611483169314, 
    2.9474025406755946*^-6, 3.1105656619725024*^-6, 0.00019144590533646077}, 
   {0, 3.1105656607030825*^-6, 0.9998350413909349, 3.1105656622209838*^-6}, 
   {-0.000029648611483842078, 0.0001914459053360732, 3.1105656608833722*^-6, 
    2.947402538608021*^-6}}, {{-0.5248197547478917, -0.000029648611483604126, 
    0.00002964861148370549, 0}, {-0.000029648611483130723, 
    2.9474025405517787*^-6, 0.0001914459053363784, 3.1105656615176423*^-6}, 
   {0.00002964861148307188, 0.00019144590533767245, 2.947402540504074*^-6, 
    3.110565660873091*^-6}, {0, 3.1105656616366606*^-6, 
    3.110565662343665*^-6, 0.9998350413909348}}}, 
 {{{0, 0.007970003965412599, 0.007970003965412665, 0.007970003965412855}, 
   {-0.007970003965412599, 0, -0.007634437807006935, 0.007634437807005736}, 
   {-0.007970003965412665, 0.007634437807006935, 0, -0.007634437807005631}, 
   {-0.007970003965412855, -0.007634437807005736, 0.007634437807005631, 0}}, 
  {{0, 0.007970003965412656, 0.007970003965412607, 0.007970003965412883}, 
   {-0.007970003965412656, 0, -0.007634437807007585, 0.007634437807005616}, 
   {-0.007970003965412607, 0.007634437807007585, 0, -0.007634437807005708}, 
   {-0.007970003965412883, -0.007634437807005616, 0.007634437807005708, 0}}}, 
 {0, 0}, {{-1.573009661342579, -1.5716292161621173}, 
  {-6.298519687611933, -1.574930148264356, -1.5743296955416106}, 
  {-1.574361045641258, -1.5729806004607962}, {{2, 0.0014704870000098935}, 
   {3, 0.0003197408739307834}}, {{2, 0.00039188359893937963}, 
   {3, 0.00033556615840650913}}, {1.979987138200549*^-13, 0.999010656425988}}}
