{5, 40, {{{-0.5248124139596024, 0, -0.000029675661196300266, 
    0.000029675661196124365}, {0, 0.9998321060034762, 3.264791252645372*^-6, 
    3.264791252271076*^-6}, {-0.00002967566119630721, 3.264791252600965*^-6, 
    -1.006975467634304*^-6, 0.0002615697828299259}, 
   {0.000029675661196467972, 3.264791252636436*^-6, 0.0002615697828301906, 
    -1.0069754684057138*^-6}}, {{-0.5248124139596023, 0.00002967566119622319, 
    0, -0.000029675661196039563}, {0.000029675661196152347, 
    -1.006975468442143*^-6, 3.2647912526094238*^-6, 0.00026156978283011867}, 
   {0, 3.2647912525333653*^-6, 0.9998321060034767, 3.2647912521796355*^-6}, 
   {-0.000029675661196393308, 0.00026156978283009915, 3.2647912526834003*^-6, 
    -1.0069754685723556*^-6}}, 
  {{-0.5248124139596033, -0.000029675661196208505, 0.000029675661196224104, 
    0}, {-0.000029675661196221096, -1.0069754683094366*^-6, 
    0.00026156978282857596, 3.2647912528243033*^-6}, 
   {0.00002967566119618506, 0.0002615697828306276, -1.006975468675897*^-6, 
    3.2647912528101634*^-6}, {0, 3.264791252392357*^-6, 
    3.2647912522297218*^-6, 0.9998321060034774}}}, 
 {{{0, 0.008028541126441068, 0.008028541126441038, 0.008028541126441135}, 
   {-0.008028541126441068, 0, -0.0077047169682682584, 0.007704716968268224}, 
   {-0.008028541126441038, 0.0077047169682682584, 0, -0.0077047169682681995}, 
   {-0.008028541126441135, -0.007704716968268224, 0.0077047169682681995, 0}}, 
  {{0, 0.008028541126441021, 0.008028541126441031, 0.008028541126441286}, 
   {-0.008028541126441021, 0, -0.0077047169682684345, 0.007704716968268355}, 
   {-0.008028541126441031, 0.0077047169682684345, 0, -0.007704716968268162}, 
   {-0.008028541126441286, -0.007704716968268355, 0.007704716968268162, 0}}}, 
 {0, 0}, {{-1.572975691621686, -1.5715851075075205}, 
  {-6.298430510576008, -1.5749157136394123, -1.5742995416485916}, 
  {-1.5743382317411174, -1.572947647626952}, {{2, 0.0014706336173370806}, 
   {3, 0.00031978162323228684}, {4, 0.00007009149142381439}}, 
  {{2, 0.0003923628528301369}, {3, 0.0003360550757009526}, 
   {4, 0.0003238241581728247}}, {2.0918962316802658*^-13, 
   0.9989930587521302}}}
