{4, 28, {{{-0.524652138650559, 0, -0.0001192281572526447, 
    0.00011922815725245843}, {0, 0.9993383704936192, 0.000012397296053205487, 
    0.00001239729605260761}, {-0.00011922815725248042, 
    0.000012397296052185212, 0.000011876619644462117, 0.0007685826522213009}, 
   {0.00011922815725246253, 0.000012397296052812133, 0.000768582652221165, 
    0.000011876619644409859}}, {{-0.5246521386505595, 0.00011922815725245612, 
    0, -0.0001192281572524483}, {0.00011922815725261732, 
    0.00001187661964448597, 0.000012397296052125062, 0.0007685826522215171}, 
   {0, 0.000012397296053162695, 0.9993383704936191, 0.000012397296052625225}, 
   {-0.00011922815725246145, 0.0007685826522211431, 0.000012397296052755224, 
    0.000011876619644325508}}, 
  {{-0.5246521386505594, -0.00011922815725238743, 0.0001192281572525727, 0}, 
   {-0.00011922815725255861, 0.000011876619644413978, 0.0007685826522208492, 
    0.000012397296052969246}, {0.00011922815725242295, 0.0007685826522219686, 
    0.000011876619643996777, 0.000012397296052965873}, 
   {0, 0.0000123972960527113, 0.000012397296052735082, 0.9993383704936196}}}, 
 {{{0, 0.015957586700867096, 0.015957586700867093, 0.01595758670086716}, 
   {-0.015957586700867096, 0, -0.01528401250841898, 0.015284012508419119}, 
   {-0.015957586700867093, 0.01528401250841898, 0, -0.015284012508419108}, 
   {-0.01595758670086716, -0.015284012508419119, 0.015284012508419108, 0}}, 
  {{0, 0.015957586700867145, 0.01595758670086709, 0.01595758670086719}, 
   {-0.015957586700867145, 0, -0.015284012508419584, 0.015284012508419383}, 
   {-0.01595758670086709, 0.015284012508419584, 0, -0.015284012508419403}, 
   {-0.01595758670086719, -0.015284012508419383, 0.015284012508419403, 0}}}, 
 {0, 0}, {{-1.5681511034786555, -1.5626232332922396}, 
  {-6.298560668920829, -1.575844906506025, -1.5734354279543896}, 
  {-1.5735623071926743, -1.5680344370062584}, {{2, 0.0029473641237907095}, 
   {3, 0.0006453375062799062}}, {{2, 0.000783343111326679}, 
   {3, 0.0006735741924478657}}, {1.2747479043024943*^-11, 
   0.9960367834760311}}}
