{5, 20, {{{-0.5247637676868147, 0, -5.247634562212331*^-6, 
    5.247634562383519*^-6}, {0, 0.9990063212548396, 0.00016622554426013716, 
    0.0001662255442600753}, {-5.247634562450763*^-6, 0.00016622554425995982, 
    -0.00004397249389557958, 0.0010868135415188019}, 
   {5.247634562257067*^-6, 0.00016622554425991084, 0.0010868135415185076, 
    -0.000043972493896351095}}, {{-0.5247637676868145, 5.247634562396511*^-6, 
    0, -5.2476345623593785*^-6}, {5.24763456227311*^-6, 
    -0.00004397249389627303, 0.00016622554425992555, 0.0010868135415183738}, 
   {0, 0.0001662255442601137, 0.9990063212548401, 0.00016622554425992192}, 
   {-5.2476345622807535*^-6, 0.001086813541518582, 0.00016622554425998226, 
    -0.00004397249389580509}}, {{-0.524763767686816, -5.247634562326705*^-6, 
    5.247634562176055*^-6, 0}, {-5.247634562075927*^-6, 
    -0.00004397249389624311, 0.001086813541518771, 0.00016622554426010797}, 
   {5.247634562300737*^-6, 0.001086813541519, -0.000043972493896649034, 
    0.0001662255442602898}, {0, 0.00016622554426016538, 
    0.00016622554426002723, 0.9990063212548406}}}, 
 {{{0, 0.01167525637622865, 0.011675256376228644, 0.01167525637622872}, 
   {-0.01167525637622865, 0, -0.021079453354296035, 0.021079453354296902}, 
   {-0.011675256376228644, 0.021079453354296035, 0, -0.021079453354297145}, 
   {-0.01167525637622872, -0.021079453354296902, 0.021079453354297145, 0}}, 
  {{0, 0.011675256376228656, 0.01167525637622868, 0.011675256376228729}, 
   {-0.011675256376228656, 0, -0.021079453354295966, 0.021079453354297027}, 
   {-0.01167525637622868, 0.021079453354295966, 0, -0.021079453354297225}, 
   {-0.011675256376228729, -0.021079453354297027, 0.021079453354297225, 0}}}, 
 {0, 0}, {{-1.5690914706412522, -1.5650470431942471}, 
  {-6.298612307636683, -1.5759491035052873, -1.573357050313054}, 
  {-1.5747647527852964, -1.5707203253382913}, {{2, 0.003059439231759789}, 
   {3, 0.0006760285025641417}, {4, 0.00029346250992340057}}, 
  {{2, 0.009253001312759818}, {3, 0.009377573372746938}, 
   {4, 0.009404196978068036}}, {8.773160320677696*^-11, 0.9940527188822705}}}
{5, 20, {{{-0.5247637676868147, 0, -5.2476345623294155*^-6, 
    5.247634562031725*^-6}, {0, 0.9990063212548405, 0.0001662255442601752, 
    0.0001662255442602}, {-5.247634562261819*^-6, 0.00016622554426007772, 
    -0.000043972493895836316, 0.0010868135415188548}, 
   {5.247634562353271*^-6, 0.00016622554425965784, 0.0010868135415185614, 
    -0.00004397249389643046}}, {{-0.5247637676868145, 5.2476345623547*^-6, 0, 
    -5.2476345620279396*^-6}, {5.24763456230614*^-6, -0.00004397249389630079, 
    0.00016622554426005132, 0.0010868135415187696}, 
   {0, 0.00016622554426016568, 0.9990063212548403, 0.0001662255442601372}, 
   {-5.247634562361082*^-6, 0.0010868135415187062, 0.00016622554425974466, 
    -0.000043972493896561}}, {{-0.5247637676868158, -5.247634562280983*^-6, 
    5.247634562275873*^-6, 0}, {-5.247634562182032*^-6, 
    -0.00004397249389600545, 0.0010868135415178725, 0.0001662255442599977}, 
   {5.24763456212958*^-6, 0.0010868135415183454, -0.0000439724938964825, 
    0.0001662255442600529}, {0, 0.00016622554426041553, 
    0.00016622554426036327, 0.9990063212548393}}}, 
 {{{0, 0.011675256376228639, 0.011675256376228682, 0.011675256376228745}, 
   {-0.011675256376228639, 0, -0.02107945335429663, 0.021079453354296732}, 
   {-0.011675256376228682, 0.02107945335429663, 0, -0.02107945335429677}, 
   {-0.011675256376228745, -0.021079453354296732, 0.02107945335429677, 0}}, 
  {{0, 0.01167525637622861, 0.01167525637622862, 0.011675256376228748}, 
   {-0.01167525637622861, 0, -0.02107945335429654, 0.021079453354296847}, 
   {-0.01167525637622862, 0.02107945335429654, 0, -0.021079453354296833}, 
   {-0.011675256376228748, -0.021079453354296847, 0.021079453354296833, 0}}}, 
 {0, 0}, {{-1.5690914706412518, -1.565047043194247}, 
  {-6.298612307636684, -1.5759491035052875, -1.5733570503130543}, 
  {-1.574764752785296, -1.570720325338291}, {{2, 0.003059439231759751}, 
   {3, 0.000676028502564853}, {4, 0.00029346250992318894}}, 
  {{2, 0.009253001312759824}, {3, 0.009377573372746946}, 
   {4, 0.009404196978068052}}, {8.773160320677718*^-11, 0.9940527188822703}}}
{5, 20, {{{-0.5247637676868147, 0, -5.247634562487769*^-6, 
    5.247634561889493*^-6}, {0, 0.9990063212548405, 0.00016622554425961311, 
    0.0001662255442601739}, {-5.247634562290757*^-6, 0.00016622554426049156, 
    -0.000043972493896217955, 0.0010868135415190723}, 
   {5.247634562300097*^-6, 0.00016622554425983071, 0.0010868135415184465, 
    -0.00004397249389601022}}, {{-0.5247637676868144, 5.247634562382421*^-6, 
    0, -5.24763456189787*^-6}, {5.247634562407444*^-6, 
    -0.000043972493895776035, 0.00016622554426045744, 0.0010868135415193136}, 
   {0, 0.00016622554425963857, 0.9990063212548397, 0.00016622554425991103}, 
   {-5.247634562295997*^-6, 0.0010868135415178799, 0.00016622554426010304, 
    -0.000043972493896671586}}, 
  {{-0.5247637676868154, -5.247634562360751*^-6, 5.247634562419521*^-6, 0}, 
   {-5.24763456219839*^-6, -0.00004397249389631597, 0.0010868135415183415, 
    0.0001662255442600772}, {5.247634562101545*^-6, 0.0010868135415186332, 
    -0.00004397249389562208, 0.00016622554426038827}, 
   {0, 0.00016622554426031722, 0.0001662255442600588, 0.9990063212548403}}}, 
 {{{0, 0.011675256376228647, 0.011675256376228665, 0.011675256376228692}, 
   {-0.011675256376228647, 0, -0.021079453354295837, 0.021079453354297104}, 
   {-0.011675256376228665, 0.021079453354295837, 0, -0.021079453354296927}, 
   {-0.011675256376228692, -0.021079453354297104, 0.021079453354296927, 0}}, 
  {{0, 0.011675256376228686, 0.011675256376228689, 0.011675256376228701}, 
   {-0.011675256376228686, 0, -0.02107945335429587, 0.02107945335429734}, 
   {-0.011675256376228689, 0.02107945335429587, 0, -0.021079453354297197}, 
   {-0.011675256376228701, -0.02107945335429734, 0.021079453354297197, 0}}}, 
 {0, 0}, {{-1.5690914706412509, -1.5650470431942471}, 
  {-6.298612307636681, -1.5759491035052866, -1.5733570503130538}, 
  {-1.574764752785295, -1.5707203253382913}, {{2, 0.003059439231759886}, 
   {3, 0.0006760285025641591}, {4, 0.00029346250992409273}}, 
  {{2, 0.00925300131275981}, {3, 0.009377573372746927}, 
   {4, 0.009404196978068031}}, {8.773160320677683*^-11, 0.994052718882271}}}
{5, 20, {{{-0.5247637676868147, 0, -5.247634562487769*^-6, 
    5.247634561889493*^-6}, {0, 0.9990063212548405, 0.00016622554425961311, 
    0.0001662255442601739}, {-5.247634562290757*^-6, 0.00016622554426049156, 
    -0.000043972493896217955, 0.0010868135415190723}, 
   {5.247634562300097*^-6, 0.00016622554425983071, 0.0010868135415184465, 
    -0.00004397249389601022}}, {{-0.5247637676868144, 5.247634562382421*^-6, 
    0, -5.24763456189787*^-6}, {5.247634562407444*^-6, 
    -0.000043972493895776035, 0.00016622554426045744, 0.0010868135415193136}, 
   {0, 0.00016622554425963857, 0.9990063212548397, 0.00016622554425991103}, 
   {-5.247634562295997*^-6, 0.0010868135415178799, 0.00016622554426010304, 
    -0.000043972493896671586}}, 
  {{-0.5247637676868154, -5.247634562360751*^-6, 5.247634562419521*^-6, 0}, 
   {-5.24763456219839*^-6, -0.00004397249389631597, 0.0010868135415183415, 
    0.0001662255442600772}, {5.247634562101545*^-6, 0.0010868135415186332, 
    -0.00004397249389562208, 0.00016622554426038827}, 
   {0, 0.00016622554426031722, 0.0001662255442600588, 0.9990063212548403}}}, 
 {{{0, 0.011675256376228647, 0.011675256376228665, 0.011675256376228692}, 
   {-0.011675256376228647, 0, -0.021079453354295837, 0.021079453354297104}, 
   {-0.011675256376228665, 0.021079453354295837, 0, -0.021079453354296927}, 
   {-0.011675256376228692, -0.021079453354297104, 0.021079453354296927, 0}}, 
  {{0, 0.011675256376228686, 0.011675256376228689, 0.011675256376228701}, 
   {-0.011675256376228686, 0, -0.02107945335429587, 0.02107945335429734}, 
   {-0.011675256376228689, 0.02107945335429587, 0, -0.021079453354297197}, 
   {-0.011675256376228701, -0.02107945335429734, 0.021079453354297197, 0}}}, 
 {0, 0}, {{-1.5690914706412509, -1.5650470431942471}, 
  {-6.298612307636681, -1.5759491035052866, -1.5733570503130538}, 
  {-1.574764752785295, -1.5707203253382913}, {{2, 0.003059439231759886}, 
   {3, 0.0006760285025641591}, {4, 0.00029346250992409273}}, 
  {{2, 0.00925300131275981}, {3, 0.009377573372746927}, 
   {4, 0.009404196978068031}}, {8.773160320677683*^-11, 0.994052718882271}}}
