{8, 32, {{{-0.5248599712472918, 0, -6.2345242833698945*^-6, 
    6.234524283347808*^-6}, {0, 0.9999666683863766, 1.0914285164976123*^-6, 
    1.0914285162095648*^-6}, {-6.234524283331059*^-6, 1.0914285158920325*^-6, 
    -1.43586232496766*^-7, 0.000015268549811992873}, 
   {6.234524283335023*^-6, 1.0914285163991003*^-6, 0.000015268549811761345, 
    -1.4358623328433046*^-7}}, {{-0.5248599712472917, 6.234524283359043*^-6, 
    0, -6.2345242833439135*^-6}, {6.234524283325648*^-6, 
    -1.4358623324746758*^-7, 1.0914285158923374*^-6, 0.00001526854981197717}, 
   {0, 1.0914285165004499*^-6, 0.9999666683863773, 1.0914285163335903*^-6}, 
   {-6.234524283332931*^-6, 0.00001526854981198862, 1.091428516271853*^-6, 
    -1.4358623268151405*^-7}}, {{-0.5248599712472921, -6.234524283331803*^-6, 
    6.234524283333609*^-6, 0}, {-6.23452428327558*^-6, 
    -1.4358623280467941*^-7, 0.00001526854981167094, 1.0914285163982558*^-6}, 
   {6.234524283277667*^-6, 0.00001526854981228786, -1.435862337639815*^-7, 
    1.0914285162734237*^-6}, {0, 1.0914285162039689*^-6, 
    1.0914285163300002*^-6, 0.9999666683863779}}}, 
 {{{0., 0.001736887444350414, 0.0017368874443504196, 0.00173688744435042}, 
   {-0.001736887444350414, 0., -0.0017372348474415324, 0.001737234847441944}, 
   {-0.0017368874443504196, 0.0017372348474415324, 0., 
    -0.0017372348474421063}, {-0.00173688744435042, -0.001737234847441944, 
    0.0017372348474421063, 0.}}, 
  {{0., 0.001736887444350433, 0.0017368874443504292, 0.00173688744435043}, 
   {-0.001736887444350433, 0., -0.0017372348474419196, 
    0.0017372348474420068}, {-0.0017368874443504292, 0.0017372348474419196, 
    0., -0.0017372348474420578}, {-0.00173688744435043, 
    -0.0017372348474420068, 0.0017372348474420578, 0.}}}, {0, 0}, 
 {{-1.5744702964859414, -1.5744041121853272}, 
  {-6.298446892161419, -1.5745364807865556, -1.5746869652941538}, 
  {-1.5745364874054735, -1.5744703031048592}, {{2, 0.0008287079556566343}, 
   {3, 0.00032442341073189804}, {4, 0.00012700718202007452}, 
   {5, 0.000049721786098545166}, {6, 0.000019465524704106313}, 
   {7, 7.620542461608901*^-6}}, {{2, 0.08977503783267682}, 
   {3, 0.03126690878590178}, {4, 0.011406079118123011}, 
   {5, 0.004029535332775725}, {6, 0.0011993526901365593}, 
   {7, 0.0001000073702626695}}, {2.7488509641409376*^-17, 
   0.9998000269824702}}}
