{61, 40, {{{-0.4463548016826285, 0, -0.036866377781062415, 
    0.03686637778106219}, {0, 0.833212693277295, -0.012795592897968154, 
    -0.012795592897968184}, {-0.03686637778106229, -0.012795592897968333, 
    0.020272157538480495, 0.09051520779486585}, 
   {0.0368663777810622, -0.012795592897968363, 0.09051520779486588, 
    0.020272157538480818}}, {{-0.44635480168262853, 0.0368663777810624, 0, 
    -0.03686637778106219}, {0.036866377781062276, 0.020272157538480537, 
    -0.01279559289796833, 0.09051520779486585}, {0, -0.012795592897968139, 
    0.8332126932772949, -0.01279559289796819}, {-0.03686637778106222, 
    0.09051520779486591, -0.012795592897968371, 0.020272157538480814}}, 
  {{-0.4463548016826286, -0.03686637778106219, 0.03686637778106218, 0}, 
   {-0.036866377781062235, 0.020272157538480565, 0.09051520779486587, 
    -0.012795592897968257}, {0.036866377781062255, 0.09051520779486591, 
    0.02027215753848048, -0.01279559289796826}, {0, -0.012795592897968562, 
    -0.01279559289796852, 0.8332126932772946}}}, 
 {{{0., 0.3004937779587581, 0.300493777958758, 0.30049377795875887}, 
   {-0.3004937779587581, 0., -0.22560708869775875, 0.22560708869775792}, 
   {-0.300493777958758, 0.22560708869775875, 0., -0.22560708869775792}, 
   {-0.30049377795875887, -0.22560708869775792, 0.22560708869775792, 0.}}, 
  {{0., 0.30049377795875803, 0.30049377795875787, 0.30049377795875915}, 
   {-0.30049377795875803, 0., -0.22560708869775825, 0.2256070886977586}, 
   {-0.30049377795875787, 0.22560708869775825, 0., -0.22560708869775858}, 
   {-0.30049377795875915, -0.2256070886977586, 0.22560708869775858, 0.}}}, 
 {0, 0}, {{-1.0118762378138084, -0.6371374844501283}, 
  {-6.145246912367919, -1.3866149911774897, -1.68600846500647}, 
  {-1.339920272957647, -0.9651815195939668}, {{2, 0.0001871911296494888}, 
   {3, 0.00015837732009521543}, {4, 0.00014976404545169464}, 
   {5, 0.0001425527926878778}, {6, 0.00013559885321767773}, 
   {7, 0.00012900394423664974}, {8, 0.00012273661790657142}, 
   {9, 0.00011678117809943434}, {10, 0.00011112128050294601}, 
   {11, 0.0001057416606250472}, {12, 0.0001006278815806616}, 
   {13, 0.00009576630350149884}, {14, 0.00009114403271692773}, 
   {15, 0.00008674887692644573}, {16, 0.00008256930318101263}, 
   {17, 0.00007859439875051999}, {18, 0.00007481383461604985}, 
   {19, 0.00007121783139263371}, {20, 0.00006779712749360733}, 
   {21, 0.00006454294936869553}, {22, 0.00006144698366172818}, 
   {23, 0.00005850135114515709}, {24, 0.00005569858230358715}, 
   {25, 0.000053031594444918895}, {26, 0.00005049367023368667}, 
   {27, 0.000048078437541843044}, {28, 0.000045779850528782084}, 
   {29, 0.0000435921718634491}, {30, 0.000041509956011431814}, 
   {31, 0.00003952803351425782}, {32, 0.00003764149619522872}, 
   {33, 0.00003584568322911874}, {34, 0.000034136168021059454}, 
   {35, 0.00003250874583904384}, {36, 0.00003095942215480818}, 
   {37, 0.000029484401644908065}, {38, 0.000028080077812464577}, 
   {39, 0.000026743023189446102}, {40, 0.00002546998008395862}, 
   {41, 0.00002425785183890472}, {42, 0.00002310369457070305}, 
   {43, 0.000022004709359424446}, {44, 0.000020958234862367142}, 
   {45, 0.000019961740327756328}, {46, 0.00001901281898186724}, 
   {47, 0.000018109181771530647}, {48, 0.00001724865143776233}, 
   {49, 0.00001642915690380775}, {50, 0.000015648727958561537}, 
   {51, 0.000014905490219430106}, {52, 0.000014197660356318753}, 
   {53, 0.000013523541567250774}, {54, 0.000012881519284746457}, 
   {55, 0.00001227005710624507}, {56, 0.000011687692932527138}, 
   {57, 0.0000111330353046446}, {58, 0.000010604759927090868}, 
   {59, 0.00001010160636888413}, {60, 9.622374931073097*^-6}}, 
  {{2, 0.12336887567289159}, {3, 0.12344369631041985}, 
   {4, 0.12350382317149255}, {5, 0.12356201850543083}, 
   {6, 0.12361710696792379}, {7, 0.12366939867628109}, 
   {8, 0.1237190299949969}, {9, 0.12376614610589083}, 
   {10, 0.12381088173252011}, {11, 0.12385336389128868}, 
   {12, 0.12389371217941343}, {13, 0.12393203928776304}, 
   {14, 0.12396845144770725}, {15, 0.12400304884749654}, 
   {16, 0.12403592601750782}, {17, 0.1240671721873543}, 
   {18, 0.12409687161717836}, {19, 0.12412510390526854}, 
   {20, 0.1241519442739415}, {21, 0.1241774638354477}, 
   {22, 0.12420172983950113}, {23, 0.12422480590388862}, 
   {24, 0.12424675222948224}, {25, 0.12426762580086503}, 
   {26, 0.12428748057366903}, {27, 0.12430636764963568}, 
   {28, 0.12432433544031514}, {29, 0.12434142982024843}, 
   {30, 0.1243576942704034}, {31, 0.12437317001257109}, 
   {32, 0.1243878961353704}, {33, 0.12440190971245882}, 
   {34, 0.12441524591349484}, {35, 0.12442793810835735}, 
   {36, 0.124440017965085}, {37, 0.12445151554196428}, 
   {38, 0.12446245937416091}, {39, 0.12447287655525696}, 
   {40, 0.12448279281403314}, {41, 0.12449223258680554}, 
   {42, 0.12450121908560596}, {43, 0.1245097743624721}, 
   {44, 0.124517919370096}, {45, 0.12452567401905919}, 
   {46, 0.12453305723186947}, {47, 0.124540086993995}, 
   {48, 0.124546780402082}, {49, 0.12455315370952749}, 
   {50, 0.1245592223695644}, {51, 0.12456500107601098}, 
   {52, 0.12457050380182141}, {53, 0.12457574383556763}, 
   {54, 0.12458073381597276}, {55, 0.12458548576461083}, 
   {56, 0.12459001111687625}, {57, 0.12459432075132355}, 
   {58, 0.12459842501747016}, {59, 0.12460233376214709}, 
   {60, 0.12460605635448119}}, {0.000131861025131562, 0.334607186744051}}}
