{5, 20, {{{-0.5247951936200957, 0, 0.00004727108584323212, 
    -0.000047271085843290865}, {0, 0.9988456024218164, 
    0.00022788586066745966, 0.00022788586066713163}, 
   {0.00004727108584329843, 0.00022788586066707357, -0.00005978733875460808, 
    0.0011604735735309727}, {-0.000047271085843162137, 
    0.00022788586066745773, 0.0011604735735301502, -0.00005978733875440165}}, 
  {{-0.5247951936200957, -0.000047271085843088465, 0, 
    0.00004727108584326907}, {-0.00004727108584344118, 
    -0.00005978733875435047, 0.00022788586066699765, 0.0011604735735303785}, 
   {0, 0.00022788586066749603, 0.9988456024218167, 0.0002278858606676366}, 
   {0.00004727108584317658, 0.0011604735735307448, 0.0002278858606668809, 
    -0.000059787338754204757}}, 
  {{-0.5247951936200981, 0.00004727108584339145, -0.000047271085843364937, 
    0}, {0.000047271085843487336, -0.00005978733875449185, 
    0.00116047357353123, 0.0002278858606677649}, {-0.00004727108584349586, 
    0.0011604735735295615, -0.00005978733875428022, 0.00022788586066722227}, 
   {0, 0.00022788586066725555, 0.00022788586066786848, 0.9988456024218165}}}, 
 {{{0, 0.010023689376035923, 0.010023689376035913, 0.010023689376035903}, 
   {-0.010023689376035923, 0, -0.023200526382061652, 0.023200526382062055}, 
   {-0.010023689376035913, 0.023200526382061652, 0, -0.023200526382062128}, 
   {-0.010023689376035903, -0.023200526382062055, 0.023200526382062128, 0}}, 
  {{0, 0.010023689376035892, 0.010023689376035906, 0.010023689376035906}, 
   {-0.010023689376035892, 0, -0.02320052638206175, 0.02320052638206221}, 
   {-0.010023689376035906, 0.02320052638206175, 0, -0.023200526382062145}, 
   {-0.010023689376035906, -0.02320052638206221, 0.023200526382062145, 0}}}, 
 {0, 0}, {{-1.5693972291490221, -1.5659249212933066}, 
  {-6.298613029089973, -1.5758838181389514, -1.573422696406035}, 
  {-1.5751518321224878, -1.5716795242667723}, {{2, 0.0031020056032645647}, 
   {3, 0.0006888027125984512}, {4, 0.00031168114934930903}}, 
  {{2, 0.013018046361210827}, {3, 0.013149013004332528}, 
   {4, 0.013176837006026083}}, {1.559505930420269*^-10, 0.9930935732962697}}}
