{3, 28, {{{-0.5219478617773677, 0, -0.0021536157609372106, 
    0.0021536157609372015}, {0, 0.9879283104593273, 0.00102769574604131, 
    0.0010276957460412003}, {-0.0021536157609371707, 0.00102769574604123, 
    -0.0007239731773584996, 0.005059498861091115}, 
   {0.0021536157609371746, 0.0010276957460412174, 0.005059498861091081, 
    -0.0007239731773583226}}, {{-0.5219478617773677, 0.002153615760937212, 0, 
    -0.002153615760937204}, {0.002153615760937166, -0.0007239731773584345, 
    0.0010276957460412296, 0.005059498861091057}, 
   {0, 0.0010276957460413148, 0.9879283104593273, 0.001027695746041256}, 
   {-0.0021536157609371763, 0.00505949886109113, 0.001027695746041159, 
    -0.0007239731773583391}}, {{-0.5219478617773677, -0.0021536157609371503, 
    0.002153615760937145, 0}, {-0.0021536157609371, -0.0007239731773585369, 
    0.005059498861091227, 0.0010276957460412523}, 
   {0.002153615760937095, 0.0050594988610910795, -0.0007239731773585334, 
    0.0010276957460411944}, {0, 0.0010276957460411487, 0.0010276957460412144, 
    0.9879283104593275}}}, 
 {{{0., 0.02892088675965948, 0.028920886759659474, 0.028920886759659505}, 
   {-0.02892088675965948, 0., -0.03456390237584574, 0.03456390237584564}, 
   {-0.028920886759659474, 0.03456390237584574, 0., -0.034563902375845626}, 
   {-0.028920886759659505, -0.03456390237584564, 0.034563902375845626, 0.}}, 
  {{0., 0.028920886759659474, 0.028920886759659474, 0.02892088675965955}, 
   {-0.028920886759659474, 0., -0.03456390237584561, 0.034563902375845855}, 
   {-0.028920886759659474, 0.03456390237584561, 0., -0.03456390237584585}, 
   {-0.02892088675965955, -0.034563902375845855, 0.03456390237584585, 0.}}}, 
 {0, 0}, {{-1.5294134826665462, -1.5093765045594747}, 
  {-6.29768261893373, -1.5494504607736155, -1.5993908486932495}, 
  {-1.5514052587246445, -1.531368280617573}, {{2, 0.00020803624262136222}}, 
  {{2, 0.09755951923399227}}, {1.7050480364815887*^-9, 0.9297208819807122}}}
