{3, 28, {{{-0.5241660141141962, 0, -0.0005078793453025419, 
    0.0005078793453025125}, {0, 0.9970456893457145, 0.00025425723932166104, 
    0.00025425723932168533}, {-0.0005078793453024825, 0.00025425723932178193, 
    -0.00018834108502005682, 0.001210894908520806}, 
   {0.0005078793453025382, 0.0002542572393215972, 0.0012108949085207503, 
    -0.0001883410850200308}}, {{-0.5241660141141962, 0.0005078793453025329, 
    0, -0.0005078793453025169}, {0.000507879345302492, 
    -0.00018834108502012968, 0.00025425723932178735, 0.0012108949085208522}, 
   {0, 0.00025425723932166896, 0.9970456893457147, 0.0002542572393216386}, 
   {-0.0005078793453025457, 0.00121089490852071, 0.0002542572393216495, 
    -0.00018834108501983304}}, {{-0.5241660141141963, -0.0005078793453025087, 
    0.0005078793453025153, 0}, {-0.0005078793453024452, 
    -0.00018834108502012448, 0.001210894908520805, 0.00025425723932161345}, 
   {0.0005078793453024397, 0.0012108949085208993, -0.00018834108502022162, 
    0.00025425723932166635}, {0, 0.00025425723932168695, 
    0.00025425723932165004, 0.9970456893457148}}}, 
 {{{0., 0.014220023821619895, 0.01422002382161989, 0.014220023821619916}, 
   {-0.014220023821619895, 0., -0.01710457250128382, 0.017104572501283652}, 
   {-0.01422002382161989, 0.01710457250128382, 0., -0.01710457250128364}, 
   {-0.014220023821619916, -0.017104572501283652, 0.01710457250128364, 0.}}, 
  {{0., 0.014220023821619888, 0.014220023821619899, 0.014220023821619939}, 
   {-0.014220023821619888, 0., -0.017104572501283763, 0.01710457250128375}, 
   {-0.014220023821619899, 0.017104572501283763, 0., -0.017104572501283735}, 
   {-0.014220023821619939, -0.01710457250128375, 0.017104572501283735, 0.}}}, 
 {0, 0}, {{-1.5635330611059377, -1.5586071003571615}, 
  {-6.298444559955808, -1.5684590218547156, -1.5807632581231883}, 
  {-1.568958640341723, -1.564032679592947}, {{2, 0.0001043225010334721}}, 
  {{2, 0.10142559238466953}}, {2.504224991513774*^-11, 0.982404540785627}}}
