{3, 28, {{{-0.5178960738898047, 0, -0.005327940041033801, 
    0.005327940041033766}, {0, 0.9717168740113102, 0.0023587482606311425, 
    0.0023587482606311706}, {-0.005327940041033749, 0.00235874826063114, 
    -0.0015016437117882043, 0.012264703728862725}, 
   {0.005327940041033761, 0.002358748260631078, 0.012264703728862679, 
    -0.0015016437117881245}}, {{-0.5178960738898047, 0.005327940041033797, 0, 
    -0.005327940041033767}, {0.0053279400410337465, -0.0015016437117881748, 
    0.0023587482606311537, 0.012264703728862741}, 
   {0, 0.0023587482606311403, 0.97171687401131, 0.002358748260631164}, 
   {-0.005327940041033759, 0.012264703728862673, 0.002358748260631088, 
    -0.0015016437117881531}}, {{-0.5178960738898049, -0.005327940041033752, 
    0.005327940041033743, 0}, {-0.005327940041033693, -0.0015016437117882737, 
    0.01226470372886277, 0.0023587482606311373}, 
   {0.005327940041033691, 0.012264703728862795, -0.001501643711788181, 
    0.002358748260631141}, {0, 0.002358748260631086, 0.0023587482606310904, 
    0.97171687401131}}}, {{{0., 0.04476260457681787, 0.044762604576817897, 
    0.044762604576817924}, {-0.04476260457681787, 0., -0.05287323721703705, 
    0.0528732372170368}, {-0.044762604576817897, 0.05287323721703705, 0., 
    -0.052873237217036795}, {-0.044762604576817924, -0.0528732372170368, 
    0.052873237217036795, 0.}}, {{0., 0.04476260457681787, 
    0.04476260457681787, 0.04476260457681799}, {-0.04476260457681787, 0., 
    -0.05287323721703682, 0.05287323721703712}, {-0.04476260457681787, 
    0.05287323721703682, 0., -0.052873237217037114}, 
   {-0.04476260457681799, -0.05287323721703712, 0.052873237217037114, 0.}}}, 
 {0, 0}, {{-1.4692374710105982, -1.4227188077668986}, 
  {-6.294047074061968, -1.5157561342542964, -1.6312674027766876}, 
  {-1.5199705425986123, -1.4734518793549127}, {{2, 0.000311743141180737}}, 
  {{2, 0.09059607586395299}}, {2.1848187186536737*^-8, 0.8418572693009788}}}
