{34, 40, {{{-0.4847618817278975, 0, -0.023086171612051152, 
    0.02308617161205105}, {0, 0.9042500206043298, -0.00383091114633018, 
    -0.003830911146330244}, {-0.023086171612051086, -0.003830911146330375, 
    0.008911020982585588, 0.05205236699423188}, {0.023086171612051034, 
    -0.0038309111463303586, 0.05205236699423188, 0.008911020982585763}}, 
  {{-0.4847618817278975, 0.02308617161205114, 0, -0.023086171612051044}, 
   {0.02308617161205109, 0.00891102098258558, -0.0038309111463303586, 
    0.05205236699423188}, {0, -0.003830911146330206, 0.9042500206043299, 
    -0.0038309111463302433}, {-0.023086171612051037, 0.05205236699423189, 
    -0.0038309111463303573, 0.008911020982585782}}, 
  {{-0.4847618817278976, -0.023086171612051013, 0.023086171612051003, 0}, 
   {-0.02308617161205104, 0.00891102098258561, 0.05205236699423186, 
    -0.003830911146330258}, {0.023086171612051037, 0.05205236699423185, 
    0.008911020982585616, -0.0038309111463302624}, 
   {0, -0.003830911146330469, -0.0038309111463304714, 0.9042500206043298}}}, 
 {{{0., 0.21587701363632922, 0.21587701363632922, 0.21587701363632986}, 
   {-0.21587701363632922, 0., -0.1755904443507227, 0.17559044435072202}, 
   {-0.21587701363632922, 0.1755904443507227, 0., -0.17559044435072202}, 
   {-0.21587701363632986, -0.17559044435072202, 0.17559044435072202, 0.}}, 
  {{0., 0.2158770136363292, 0.21587701363632922, 0.21587701363633016}, 
   {-0.2158770136363292, 0., -0.17559044435072224, 0.17559044435072277}, 
   {-0.21587701363632922, 0.17559044435072224, 0., -0.17559044435072277}, 
   {-0.21587701363633016, -0.17559044435072277, 0.17559044435072277, 0.}}}, 
 {0, 0}, {{-1.2080659088406764, -0.9612853380097969}, 
  {-6.238635792757391, -1.4548464796715552, -1.6644714167071402}, 
  {-1.4318196126660014, -1.185039041835122}, {{2, 0.00023525646073974116}, 
   {3, 0.0002134525509933649}, {4, 0.00019238394210274734}, 
   {5, 0.00017349355276216616}, {6, 0.00015646944380426353}, 
   {7, 0.0001411282880028064}, {8, 0.00012730124315724067}, 
   {9, 0.00011483702861003753}, {10, 0.00010359981207291868}, 
   {11, 0.0000934675791766093}, {12, 0.0000843306759171214}, 
   {13, 0.0000760905147143831}, {14, 0.00006865842351738705}, 
   {15, 0.00006195462081259873}, {16, 0.00005590730165083713}, 
   {17, 0.00005045182176360852}, {18, 0.00004552996849555013}, 
   {19, 0.00004108930871232763}, {20, 0.000037082605059801654}, 
   {21, 0.00003346729300593432}, {22, 0.000030205012004319576}, 
   {23, 0.00002726118490975482}, {24, 0.00002460464045825339}, 
   {25, 0.000022207274221808238}, {26, 0.0000200437439712986}, 
   {27, 0.000018091195833486173}, {28, 0.000016329018033278686}, 
   {29, 0.000014738619361825966}, {30, 0.000013303229822347884}, 
   {31, 0.000012007721181095388}, {32, 0.000010838445392291618}, 
   {33, 9.783089080672713*^-6}}, {{2, 0.09077418636138956}, 
   {3, 0.0910380790968276}, {4, 0.09127337396994961}, 
   {5, 0.09148514579341135}, {6, 0.09167572214544836}, 
   {7, 0.09184727990396081}, {8, 0.09200175834485014}, 
   {9, 0.09214089151631873}, {10, 0.0922662311438895}, 
   {11, 0.09237916696181077}, {12, 0.09248094455807922}, 
   {13, 0.09257268108529254}, {14, 0.09265537912153965}, 
   {15, 0.09272993892336058}, {16, 0.09279716927706183}, 
   {17, 0.0928577971248778}, {18, 0.09291247611751086}, 
   {19, 0.09296179422358467}, {20, 0.09300628050883039}, 
   {21, 0.09304641118280388}, {22, 0.0930826149981662}, 
   {23, 0.09311527807666271}, {24, 0.09314474822660515}, 
   {25, 0.09317133880864559}, {26, 0.09319533219972109}, 
   {27, 0.0932169828990805}, {28, 0.09323652031511864}, 
   {29, 0.0932541512672487}, {30, 0.09327006223311299}, 
   {31, 0.09328442136800343}, {32, 0.09329738032035595}, 
   {33, 0.09330907586454426}}, {0.00002930928791774661, 0.5466774550479139}}}
