{10, 32, {{{-0.5246421616403496, 0, -0.00013491373291477657, 
    0.00013491373291477982}, {0, 0.9992815013173344, 0.000023474057317244862, 
    0.0000234740573168317}, {-0.00013491373291475088, 
    0.000023474057316727928, -2.8901506819436693*^-6, 0.000329598203501989}, 
   {0.00013491373291476017, 0.00002347405731676505, 0.00032959820350229115, 
    -2.890150681784942*^-6}}, {{-0.5246421616403497, 0.00013491373291478026, 
    0, -0.00013491373291478104}, {0.0001349137329147522, 
    -2.8901506820291044*^-6, 0.000023474057316742572, 0.0003295982035020962}, 
   {0, 0.000023474057317252404, 0.9992815013173344, 0.000023474057316744252}, 
   {-0.00013491373291476025, 0.00032959820350220777, 0.00002347405731685646, 
    -2.8901506820000478*^-6}}, 
  {{-0.5246421616403499, -0.00013491373291474697, 0.00013491373291474882, 0}, 
   {-0.0001349137329147033, -2.8901506821648465*^-6, 0.00032959820350212255, 
    0.000023474057316787458}, {0.00013491373291472098, 0.0003295982035023764, 
    -2.8901506821388256*^-6, 0.00002347405731688101}, 
   {0, 0.000023474057316835793, 0.00002347405731675306, 
    0.9992815013173351}}}, 
 {{{0., 0.008066742983778514, 0.008066742983778508, 0.00806674298377852}, 
   {-0.008066742983778514, 0., -0.008065407706808678, 0.00806540770680834}, 
   {-0.008066742983778508, 0.008065407706808678, 0., -0.008065407706808324}, 
   {-0.00806674298377852, -0.00806540770680834, 0.008065407706808324, 0.}}, 
  {{0., 0.008066742983778508, 0.008066742983778508, 0.00806674298377853}, 
   {-0.008066742983778508, 0., -0.008065407706808594, 0.008065407706808388}, 
   {-0.008066742983778508, 0.008065407706808594, 0., -0.00806540770680835}, 
   {-0.00806674298377853, -0.008065407706808388, 0.00806540770680835, 0.}}}, 
 {0, 0}, {{-1.571565692954771, -1.5701405480674215}, 
  {-6.298444256935382, -1.5729908378421202, -1.5762312906255709}, 
  {-1.5729907198909752, -1.5715655750036257}, {{2, 0.003846543297529691}, 
   {3, 0.0015075066458940783}, {4, 0.0005909703089973899}, 
   {5, 0.0002316984869350988}, {6, 0.00009084510474982252}, 
   {7, 0.00003561952575642513}, {8, 0.000013966191624692481}, 
   {9, 5.4760718963126065*^-6}}, {{2, 0.0903225825754261}, 
   {3, 0.031756202781540524}, {4, 0.011862864229210667}, 
   {5, 0.0044659256002059985}, {6, 0.0016240729170501986}, 
   {7, 0.0005185816997890188}, {8, 0.00008646253869421699}, 
   {9, 0.00008276431843398714}}, {2.7526941210671784*^-13, 
   0.9956967440949988}}}
