{12, 40, {{{-0.523827331664273, 0, -0.0006371049834893156, 
    0.0006371049834893129}, {0, 0.9966210539173899, 0.0001329989873257857, 
    0.00013299898732574048}, {-0.0006371049834892711, 0.00013299898732580445, 
    -0.00003641715362517721, 0.001535979340669831}, 
   {0.0006371049834893081, 0.0001329989873256758, 0.0015359793406697986, 
    -0.00003641715362504147}}, {{-0.523827331664273, 0.0006371049834893166, 
    0, -0.0006371049834893129}, {0.0006371049834892759, 
    -0.000036417153625185016, 0.00013299898732580754, 0.0015359793406698606}, 
   {0, 0.00013299898732578515, 0.9966210539173899, 0.0001329989873257107}, 
   {-0.0006371049834893092, 0.0015359793406697609, 0.0001329989873257182, 
    -0.00003641715362501241}}, {{-0.5238273316642732, -0.0006371049834892647, 
    0.0006371049834892581, 0}, {-0.000637104983489211, 
    -0.000036417153625316855, 0.0015359793406698266, 0.00013299898732568736}, 
   {0.0006371049834891973, 0.001535979340669964, -0.00003641715362531772, 
    0.00013299898732572064}, {0, 0.00013299898732574105, 
    0.0001329989873257046, 0.9966210539173903}}}, 
 {{{0., 0.03446602116934526, 0.034466021169345266, 0.03446602116934542}, 
   {-0.03446602116934526, 0., -0.035188985241662286, 0.03518898524166199}, 
   {-0.034466021169345266, 0.035188985241662286, 0., -0.03518898524166199}, 
   {-0.03446602116934542, -0.03518898524166199, 0.03518898524166199, 0.}}, 
  {{0., 0.0344660211693453, 0.034466021169345246, 0.03446602116934545}, 
   {-0.0344660211693453, 0., -0.0351889852416621, 0.03518898524166221}, 
   {-0.034466021169345246, 0.0351889852416621, 0., -0.035188985241662266}, 
   {-0.03446602116934545, -0.03518898524166221, 0.035188985241662266, 0.}}}, 
 {0, 0}, {{-1.560184257939676, -1.550632753971669}, 
  {-6.2983650932479485, -1.5697357619076833, -1.579446784716291}, 
  {-1.5698359387481082, -1.5602844347801013}, {{2, 0.00007591364221631869}, 
   {3, 0.00005969946238166407}, {4, 0.00004694868595054441}, 
   {5, 0.00003692143252537888}, {6, 0.000029035899337261084}, 
   {7, 0.000022834594853450574}, {8, 0.000017957767883915177}, 
   {9, 0.000014122519910460263}, {10, 0.00001110638351899118}, 
   {11, 8.734411146876786*^-6}}, {{2, 0.014145829389879629}, 
   {3, 0.013258187221616168}, {4, 0.012562310952675827}, 
   {5, 0.012016401959313812}, {6, 0.011587913737674505}, 
   {7, 0.011251449910272335}, {8, 0.010987160426020107}, 
   {9, 0.010779509949236241}, {10, 0.01061632743413361}, 
   {11, 0.010488069811780786}}, {1.8986305236006133*^-9, 0.9798968130392071}}}
