{3, 32, {{{-0.5127688892757025, 0, -0.008145763291270777, 
    0.008145763291270753}, {0, 0.9622376677544785, 0.0012009012730605914, 
    0.0012009012730605866}, {-0.00814576329127074, 0.001200901273060505, 
    0.0002859492493659443, 0.018256649530950804}, 
   {0.008145763291270751, 0.0012009012730604934, 0.018256649530950773, 
    0.00028594924936588533}}, {{-0.5127688892757025, 0.008145763291270758, 0, 
    -0.008145763291270747}, {0.008145763291270737, 0.00028594924936595515, 
    0.001200901273060506, 0.018256649530950794}, {0, 0.0012009012730605935, 
    0.9622376677544785, 0.0012009012730605745}, {-0.00814576329127074, 
    0.018256649530950762, 0.001200901273060501, 0.0002859492493658411}}, 
  {{-0.5127688892757024, -0.008145763291270706, 0.008145763291270714, 0}, 
   {-0.008145763291270692, 0.0002859492493658966, 0.01825664953095081, 
    0.0012009012730605753}, {0.008145763291270685, 0.018256649530950835, 
    0.00028594924936592436, 0.0012009012730605727}, 
   {0, 0.001200901273060495, 0.0012009012730604903, 0.9622376677544784}}}, 
 {{{0., 0.05903064528382257, 0.05903064528382257, 0.059030645283822625}, 
   {-0.05903064528382257, 0., -0.05855279931818044, 0.05855279931818015}, 
   {-0.05903064528382257, 0.05855279931818044, 0., -0.058552799318180165}, 
   {-0.059030645283822625, -0.05855279931818015, 0.058552799318180165, 0.}}, 
  {{0., 0.05903064528382257, 0.05903064528382257, 0.05903064528382272}, 
   {-0.05903064528382257, 0., -0.05855279931818025, 0.05855279931818047}, 
   {-0.05903064528382257, 0.05855279931818025, 0., -0.05855279931818047}, 
   {-0.05903064528382272, -0.05855279931818047, 0.05855279931818047, 0.}}}, 
 {0, 0}, {{-1.4190996178043813, -1.347528764019774}, 
  {-6.2894467525192, -1.4906704715889925, -1.6540529046706074}, 
  {-1.4903807928672517, -1.4188099390826443}, {{2, 0.00004606572345708382}}, 
  {{2, 0.004047439794574234}}, {4.029823054159745*^-8, 0.7937689796339628}}}
{10, 32, {{{-0.5127887660021312, 0, -0.00813678318159294, 
    0.00813678318159292}, {0, 0.96226245630887, 0.0012086101401054994, 
    0.0012086101401054543}, {-0.008136783181592878, 0.0012086101401053225, 
    0.00027595867778738717, 0.01823705206222742}, 
   {0.008136783181592892, 0.0012086101401054127, 0.018237052062227414, 
    0.0002759586777873477}}, {{-0.5127887660021313, 0.008136783181592933, 0, 
    -0.008136783181592916}, {0.008136783181592869, 0.0002759586777873928, 
    0.0012086101401053233, 0.01823705206222741}, {0, 0.0012086101401055016, 
    0.9622624563088698, 0.0012086101401054612}, {-0.008136783181592892, 
    0.01823705206222742, 0.0012086101401053752, 0.00027595867778734684}}, 
  {{-0.5127887660021312, -0.008136783181592866, 0.008136783181592867, 0}, 
   {-0.00813678318159286, 0.0002759586777873182, 0.018237052062227452, 
    0.0012086101401054743}, {0.008136783181592857, 0.018237052062227446, 
    0.0002759586777873191, 0.0012086101401054634}, 
   {0, 0.0012086101401053676, 0.0012086101401053697, 0.9622624563088698}}}, 
 {{{0., 0.058981946581626386, 0.05898194658162638, 0.058981946581626435}, 
   {-0.058981946581626386, 0., -0.05854497510119992, 0.05854497510119959}, 
   {-0.05898194658162638, 0.05854497510119992, 0., -0.0585449751011996}, 
   {-0.058981946581626435, -0.05854497510119959, 0.0585449751011996, 0.}}, 
  {{0., 0.058981946581626366, 0.05898194658162637, 0.05898194658162652}, 
   {-0.058981946581626366, 0., -0.05854497510119971, 0.05854497510119992}, 
   {-0.05898194658162637, 0.05854497510119971, 0., -0.05854497510119992}, 
   {-0.05898194658162652, -0.05854497510119992, 0.05854497510119992, 0.}}}, 
 {0, 0}, {{-1.4192369329440062, -1.3477251231979233}, 
  {-6.289568807609643, -1.4907487426900887, -1.6540356611147329}, 
  {-1.4904838428081444, -1.4189720330620614}, {{2, 0.028811692799797978}, 
   {3, 0.012076575770718842}, {4, 0.005169022987587396}, 
   {5, 0.0022342608603294345}, {6, 0.0009699996642610204}, 
   {7, 0.00042194143669041506}, {8, 0.00018369689063840733}, 
   {9, 0.00008000415580923514}}, {{2, 0.09016464826719228}, 
   {3, 0.03139241276931515}, {4, 0.010565645707908081}, 
   {5, 0.0022315510609415157}, {6, 0.0012701995604886167}, 
   {7, 0.0027721058387885863}, {8, 0.0034219924868770027}, 
   {9, 0.003704281612865193}}, {4.02659318173504*^-8, 0.7938916789635884}}}
