{7, 32, {{{-0.5237266703919938, 0, -0.00028844852187208386, 
    0.00028844852187205454}, {0, 0.9985445312092992, -0.00041927676677071474, 
    -0.0004192767667711006}, {-0.00028844852187208, -0.0004192767667711702, 
    0.0005217885743696105, 0.0011124817209737436}, 
   {0.0002884485218720725, -0.0004192767667707796, 0.0011124817209736376, 
    0.0005217885743706869}}, {{-0.5237266703919937, 0.0002884485218720462, 0, 
    -0.000288448521872031}, {0.0002884485218720396, 0.0005217885743700359, 
    -0.00041927676677116534, 0.0011124817209734452}, 
   {0, -0.0004192767667707169, 0.9985445312092994, -0.0004192767667709405}, 
   {-0.00028844852187208164, 0.0011124817209736558, -0.00041927676677097744, 
    0.0005217885743695194}}, {{-0.5237266703919939, -0.00028844852187204434, 
    0.0002884485218720644, 0}, {-0.0002884485218720684, 
    0.0005217885743691577, 0.0011124817209737766, -0.0004192767667707721}, 
   {0.0002884485218720714, 0.0011124817209738369, 0.0005217885743699358, 
    -0.0004192767667709833}, {0, -0.0004192767667711055, 
    -0.00041927676677085666, 0.9985445312092993}}}, 
 {{{0., 0.03610741380076515, 0.03610741380076517, 0.03610741380076523}, 
   {-0.03610741380076515, 0., -0.01518532931336818, 0.015185329313368317}, 
   {-0.03610741380076517, 0.01518532931336818, 0., -0.015185329313368162}, 
   {-0.03610741380076523, -0.015185329313368317, 0.015185329313368162, 0.}}, 
  {{0., 0.03610741380076514, 0.036107413800765174, 0.036107413800765265}, 
   {-0.03610741380076514, 0., -0.015185329313367689, 0.015185329313368355}, 
   {-0.036107413800765174, 0.015185329313367689, 0., -0.015185329313368348}, 
   {-0.036107413800765265, -0.015185329313368355, 0.015185329313368348, 
    0.}}}, {0, 0}, {{-1.5665504561759964, -1.5602964686527137}, 
  {-6.2997821232476685, -1.572804443699281, -1.5770866179245533}, 
  {-1.5709925380326593, -1.5647385505093765}, {{2, 0.007969514274668878}, 
   {3, 0.006241663735246764}, {4, 0.0048895123308459534}, 
   {5, 0.003831326162725447}, {6, 0.0030029736666055337}}, 
  {{2, 0.08282064493928637}, {3, 0.18936345731383233}, 
   {4, 0.24102766486347763}, {5, 0.2708125706912703}, 
   {6, 0.28972006417908597}}, {1.226154757485584*^-11, 0.9912989014990875}}}
