{3, 28, {{{-0.5248754370344771, 0, -2.440752133672528*^-9, 
    2.44075213505258*^-9}, {0, 0.9999999417985009, -3.08637043085195*^-8, 
    -3.086370430340494*^-8}, {-2.4407521286861436*^-9, 
    -3.086370430868537*^-8, 3.680570007102979*^-8, 5.804133220361241*^-8}, 
   {2.440752134870653*^-9, -3.0863704303304396*^-8, 5.8041332197719165*^-8, 
    3.680570004761102*^-8}}, {{-0.524875437034477, 2.440752135753001*^-9, 0, 
    -2.4407521344133238*^-9}, {2.4407521284952042*^-9, 3.680570007970341*^-8, 
    -3.08637043027628*^-8, 5.8041332207282015*^-8}, 
   {0, -3.086370429972641*^-8, 0.9999999417985007, -3.086370430551387*^-8}, 
   {-2.440752134872135*^-9, 5.804133219984579*^-8, -3.0863704301268916*^-8, 
    3.6805700043274214*^-8}}, {{-0.524875437034477, -2.4407521304047834*^-9, 
    2.4407521322355624*^-9, 0}, {-2.4407521264568116*^-9, 
    3.6805700043274214*^-8, 5.804133219207955*^-8, -3.086370430553859*^-8}, 
   {2.4407521266933737*^-9, 5.8041332199709*^-8, 3.6805700043274214*^-8, 
    -3.086370430360591*^-8}, {0, -3.086370430231637*^-8, 
    -3.086370430932151*^-8, 0.9999999417985008}}}, 
 {{{0., 0.00013755293029934582, 0.00013755293029934782, 
    0.00013755293029934785}, {-0.00013755293029934582, 0., 
    -8.593561748752655*^-6, 8.593561748754569*^-6}, 
   {-0.00013755293029934782, 8.593561748752655*^-6, 0., 
    -8.593561748745645*^-6}, {-0.00013755293029934785, 
    -8.593561748754569*^-6, 8.593561748745645*^-6, 0.}}, 
  {{0., 0.00013755293029936168, 0.00013755293029934606, 
    0.0001375529302993486}, {-0.00013755293029936168, 0., 
    -8.593561748756499*^-6, 8.593561748755118*^-6}, 
   {-0.00013755293029934606, 8.593561748756499*^-6, 0., 
    -8.593561748758606*^-6}, {-0.0001375529302993486, -8.593561748755118*^-6, 
    8.593561748758606*^-6, 0.}}}, {0, 0}, 
 {{-1.5746215112469635, -1.5746167462736846}, 
  {-6.298654420398585, -1.574626276220245, -1.5747009339790476}, 
  {-1.5746240425784592, -1.5746192776051804}, {{2, 1.7288518431495068*^-7}}, 
  {{2, 1.8750508370842829}}, {4.027533964553941*^-31, 0.9999996507910559}}}
{3, 28, {{{-0.5248319174572376, 0, -1.0011656393791673*^-6, 
    1.0011656393391823*^-6}, {0, 0.9999620483709571, 
    -0.000020308764765074255, -0.00002030876476489042}, 
   {-1.0011656393415946*^-6, -0.00002030876476512457, 
    0.000024206754182144394, 0.00003801933743377033}, 
   {1.0011656393767884*^-6, -0.000020308764764907627, 
    0.000038019337433630316, 0.000024206754182219854}}, 
  {{-0.5248319174572379, 1.0011656393818342*^-6, 0, -1.0011656393243001*^-6}, 
   {1.0011656393651383*^-6, 0.00002420675418098213, -0.000020308764765118457, 
    0.00003801933743388216}, {0, -0.000020308764765077664, 
    0.9999620483709557, -0.000020308764764901115}, 
   {-1.0011656394004298*^-6, 0.0000380193374338343, -0.000020308764764663607, 
    0.000024206754182742873}}, 
  {{-0.5248319174572377, -1.0011656393817989*^-6, 1.0011656394076636*^-6, 0}, 
   {-1.00116563935563*^-6, 0.000024206754181423616, 0.00003801933743410579, 
    -0.000020308764764907905}, {1.0011656393219397*^-6, 
    0.00003801933743414249, 0.000024206754181466117, 
    -0.00002030876476466919}, {0, -0.000020308764764886736, 
    -0.000020308764764906567, 0.9999620483709539}}}, 
 {{{0., 0.0035232762190060547, 0.003523276219006068, 0.003523276219006057}, 
   {-0.0035232762190060547, 0., -0.00013751887296580193, 
    0.00013751887296591553}, {-0.003523276219006068, 0.00013751887296580193, 
    0., -0.00013751887296597072}, {-0.003523276219006057, 
    -0.00013751887296591553, 0.00013751887296597072, 0.}}, 
  {{0., 0.0035232762190060434, 0.0035232762190060616, 0.0035232762190060725}, 
   {-0.0035232762190060434, 0., -0.0001375188729658659, 
    0.00013751887296599845}, {-0.0035232762190060616, 0.0001375188729658659, 
    0., -0.00013751887296597627}, {-0.0035232762190060725, 
    -0.00013751887296599845, 0.00013751887296597627, 0.}}}, {0, 0}, 
 {{-1.5743511882505261, -1.5742291383821179}, 
  {-6.298506656688109, -1.5744732381189335, -1.574780090225121}, 
  {-1.57441459508148, -1.5742925452130718}, {{2, 0.000014585602150721765}}, 
  {{2, 0.4804842333643775}}, {6.763536321809727*^-24, 0.9997723118295326}}}
{3, 28, {{{-0.5248321564985301, 0, -9.984111883552646*^-7, 
    9.98411188358083*^-7}, {0, 0.9999622557041703, -0.000020197171375520427, 
    -0.000020197171375620505}, {-9.984111883490762*^-7, 
    -0.00002019717137529572, 0.000024073778575384175, 
    0.00003781102713468074}, {9.984111883348541*^-7, -0.00002019717137542911, 
    0.000037811027134809435, 0.00002407377857548392}}, 
  {{-0.5248321564985295, 9.984111883302655*^-7, 0, -9.984111883426786*^-7}, 
   {9.98411188348034*^-7, 0.000024073778575949695, -0.00002019717137529988, 
    0.000037811027134668096}, {0, -0.00002019717137551506, 
    0.9999622557041714, -0.000020197171375505783}, 
   {-9.984111883479872*^-7, 0.00003781102713467069, -0.00002019717137566079, 
    0.000024073778575939286}}, {{-0.5248321564985305, -9.984111883263597*^-7, 
    9.984111883696278*^-7, 0}, {-9.98411188375961*^-7, 
    0.00002407377857628276, 0.00003781102713461078, -0.00002019717137542976}, 
   {9.984111883470463*^-7, 0.00003781102713461379, 0.000024073778575633975, 
    -0.000020197171375658696}, {0, -0.00002019717137562445, 
    -0.000020197171375508016, 0.9999622557041705}}}, 
 {{{0., 0.00351360138454276, 0.003513601384542724, 0.0035136013845427187}, 
   {-0.00351360138454276, 0., -0.00013751865580822884, 
    0.0001375186558083156}, {-0.003513601384542724, 0.00013751865580822884, 
    0., -0.00013751865580834783}, {-0.0035136013845427187, 
    -0.0001375186558083156, 0.00013751865580834783, 0.}}, 
  {{0., 0.0035136013845427595, 0.0035136013845427274, 0.0035136013845427317}, 
   {-0.0035136013845427595, 0., -0.00013751865580827766, 
    0.00013751865580822876}, {-0.0035136013845427274, 0.00013751865580827766, 
    0., -0.00013751865580812045}, {-0.0035136013845427317, 
    -0.00013751865580822876, 0.00013751865580812045, 0.}}}, {0, 0}, 
 {{-1.5743523626968192, -1.5742306479745076}, 
  {-6.298507925457975, -1.574474077419132, -1.5747798853098556}, 
  {-1.5744156019509634, -1.5742938872286518}, {{2, 0.00004465958719668695}}, 
  {{2, 0.48043052686436855}}, {6.763472239784607*^-24, 0.9997735555934271}}}
