{3, 28, {{{-0.5248754143967184, 0, 5.652415065034585*^-9, 
    -5.652415071317613*^-9}, {0, 0.9999999203952102, -4.09877747365597*^-8, 
    -4.098777481855297*^-8}, {5.65241506215337*^-9, -4.098777480554001*^-8, 
    4.895451110806248*^-8, 7.821173898605067*^-8}, 
   {-5.652415070069214*^-9, -4.098777477259667*^-8, 7.821173899691576*^-8, 
    4.895451110285831*^-8}}, {{-0.5248754143967185, -5.652415067909331*^-9, 
    0, 5.65241507031001*^-9}, {-5.6524150601941795*^-9, 
    4.8954511115001376*^-8, -4.098777480755152*^-8, 7.821173897585516*^-8}, 
   {0, -4.0987774741536235*^-8, 0.9999999203952104, -4.098777482240321*^-8}, 
   {5.652415070500906*^-9, 7.821173898465408*^-8, -4.098777477535339*^-8, 
    4.895451111153193*^-8}}, {{-0.5248754143967183, 5.65241506797356*^-9, 
    -5.652415065393208*^-9, 0}, {5.652415062141558*^-9, 
    4.895451104387771*^-8, 7.82117389803805*^-8, -4.0987774774200724*^-8}, 
   {-5.652415059250829*^-9, 7.821173895765327*^-8, 4.89545110282652*^-8, 
    -4.098777477777673*^-8}, {0, -4.098777482076606*^-8, 
    -4.098777481722604*^-8, 0.9999999203952104}}}, 
 {{{0., 0.00015927364073055393, 0.0001592736407305562, 
    0.00015927364073055464}, {-0.00015927364073055393, 0., 
    0.00001718712489709803, -0.000017187124897091472}, 
   {-0.0001592736407305562, -0.00001718712489709803, 0., 
    0.00001718712489711611}, {-0.00015927364073055464, 
    0.000017187124897091472, -0.00001718712489711611, 0.}}, 
  {{0., 0.00015927364073053984, 0.0001592736407305532, 
    0.00015927364073055542}, {-0.00015927364073053984, 0., 
    0.00001718712489710255, -0.000017187124897139733}, 
   {-0.0001592736407305532, -0.00001718712489710255, 0., 
    0.000017187124897113054}, {-0.00015927364073055542, 
    0.000017187124897139733, -0.000017187124897113054, 0.}}}, {0, 0}, 
 {{-1.574620676545882, -1.5746151591451212}, {-6.298706237255878, 
   -1.5746261939466422, -1.574726924681297}, {-1.574623137556527, 
   -1.5746176201557662}, {{2, 3.457719821601743*^-7}}, 
  {{2, 0.0007058430625106494}}, {2.577622996738694*^-29, 0.9999995223713569}}}
{3, 28, {{{-0.524875414399143, 0, 5.652338126047787*^-9, 
    -5.6523381357043745*^-9}, {0, 0.9999999203973129, -4.098664299116941*^-8, 
    -4.0986642940144745*^-8}, {5.652338129540492*^-9, 
    -4.0986642939449794*^-8, 4.8953162377907145*^-8, 7.820962595198626*^-8}, 
   {-5.652338134452743*^-9, -4.09866429507627*^-8, 7.820962596891906*^-8, 
    4.89531623969891*^-8}}, {{-0.5248754143991432, -5.6523381294113515*^-9, 
    0, 5.652338135257965*^-9}, {-5.6523381328311204*^-9, 
    4.895316239525438*^-8, -4.0986642936481294*^-8, 7.820962595737082*^-8}, 
   {0, -4.098664298809976*^-8, 0.999999920397313, -4.098664295064875*^-8}, 
   {5.6523381343455186*^-9, 7.820962595959418*^-8, -4.098664293748632*^-8, 
    4.895316232933489*^-8}}, {{-0.5248754143991431, 5.652338125414279*^-9, 
    -5.652338130066657*^-9, 0}, {5.652338124990265*^-9, 
    4.895316229117097*^-8, 7.820962598479093*^-8, -4.0986642951750056*^-8}, 
   {-5.652338131850051*^-9, 7.820962601012129*^-8, 4.895316235709046*^-8, 
    -4.0986642938796056*^-8}, {0, -4.098664293603559*^-8, 
    -4.0986642949573816*^-8, 0.9999999203973129}}}, 
 {{{0., 0.00015927147285800302, 0.0001592714728579997, 
    0.00015927147285800115}, {-0.00015927147285800302, 0., 
    0.00001718712489379993, -0.000017187124893790043}, 
   {-0.0001592714728579997, -0.00001718712489379993, 0., 
    0.00001718712489380064}, {-0.00015927147285800115, 
    0.000017187124893790043, -0.00001718712489380064, 0.}}, 
  {{0., 0.0001592714728580038, 0.00015927147285800183, 
    0.00015927147285800254}, {-0.0001592714728580038, 0., 
    0.00001718712489376402, -0.000017187124893807065}, 
   {-0.00015927147285800183, -0.00001718712489376402, 0., 
    0.000017187124893825604}, {-0.00015927147285800254, 
    0.000017187124893807065, -0.000017187124893825604, 0.}}}, {0, 0}, 
 {{-1.5746206766294908, -1.5746151593038265}, 
  {-6.298706237144478, -1.5746261939551554, -1.5747269246170839}, 
  {-1.5746231376025872, -1.5746176202769229}, {{2, 1.7288593927045634*^-7}}, 
  {{2, 2.2158217612405835}}, {2.5776229937581615*^-29, 0.9999995223839726}}}
