{8, 32, {{{-0.5225686676634179, 0, -0.0003041831019689775, 
    0.0003041831019689519}, {0, 0.9977476602157968, -0.0010156300155550729, 
    -0.0010156300155547047}, {-0.00030418310196892356, 
    -0.0010156300155554395, 0.0012207498940561257, 0.0020659161477350188}, 
   {0.0003041831019689313, -0.0010156300155547513, 0.002065916147735127, 
    0.0012207498940570993}}, {{-0.5225686676634176, 0.00030418310196896677, 
    0, -0.00030418310196896016}, {0.0003041831019689617, 
    0.0012207498940559024, -0.0010156300155554296, 0.0020659161477349984}, 
   {0, -0.0010156300155550742, 0.9977476602157966, -0.0010156300155546763}, 
   {-0.0003041831019689178, 0.0020659161477350127, -0.001015630015554649, 
    0.0012207498940560446}}, {{-0.5225686676634194, -0.00030418310196899116, 
    0.0003041831019689979, 0}, {-0.0003041831019689424, 
    0.0012207498940559822, 0.0020659161477356537, -0.0010156300155547463}, 
   {0.00030418310196891993, 0.002065916147735235, 0.001220749894056461, 
    -0.0010156300155546361}, {0, -0.001015630015554693, 
    -0.0010156300155544432, 0.9977476602157953}}}, 
 {{{0., 0.051223228688973735, 0.051223228688973804, 0.05122322868897408}, 
   {-0.051223228688973735, 0., -0.011089441614481853, 0.011089441614482345}, 
   {-0.051223228688973804, 0.011089441614481853, 0., -0.011089441614482675}, 
   {-0.05122322868897408, -0.011089441614482345, 0.011089441614482675, 0.}}, 
  {{0., 0.05122322868897365, 0.05122322868897382, 0.051223228688974186}, 
   {-0.05122322868897365, 0., -0.011089441614481867, 0.011089441614482236}, 
   {-0.05122322868897382, 0.011089441614481867, 0., -0.011089441614482587}, 
   {-0.051223228688974186, -0.011089441614482236, 0.011089441614482587, 
    0.}}}, {0, 0}, {{-1.5631743304000505, -1.554302206938349}, 
  {-6.3004155153507755, -1.5720464538617536, -1.5781613038136342}, 
  {-1.5685707659460941, -1.5596986424843926}, {{2, 0.010615906054907193}, 
   {3, 0.008310163429586698}, {4, 0.006507716117286573}, 
   {5, 0.00509861260239397}, {6, 0.003996505813816914}, 
   {7, 0.0031339848607974605}}, {{2, 0.2722161877245918}, 
   {3, 0.330244829062458}, {4, 0.3583588780087559}, {5, 0.37455434711211694}, 
   {6, 0.38482915060088063}, {7, 0.3917537814551181}}, 
  {1.85976500887654*^-12, 0.9865618286740686}}}
