{6, 32, {{{-0.5248614885874731, 0, -5.144109583745471*^-6, 
    5.144109583723983*^-6}, {0, 0.9999729418273184, 5.605743963706388*^-7, 
    5.605743966778301*^-7}, {-5.144109583696757*^-6, 5.605743969457721*^-7, 
    2.5140195553021577*^-7, 0.00001270628686882707}, 
   {5.144109583723045*^-6, 5.605743954762504*^-7, 0.000012706286869441835, 
    2.514019557088923*^-7}}, {{-0.5248614885874732, 5.144109583732205*^-6, 0, 
    -5.144109583726061*^-6}, {5.1441095837053965*^-6, 2.5140195534199827*^-7, 
    5.605743969478541*^-7, 0.000012706286869382127}, 
   {0, 5.605743963660665*^-7, 0.9999729418273184, 5.605743960072363*^-7}, 
   {-5.144109583724941*^-6, 0.000012706286868636694, 5.605743961436266*^-7, 
    2.5140195644701713*^-7}}, {{-0.5248614885874741, -5.144109583697653*^-6, 
    5.144109583712127*^-6, 0}, {-5.144109583648342*^-6, 
    2.514019550358196*^-7, 0.00001270628686894918, 5.605743954778195*^-7}, 
   {5.144109583648659*^-6, 0.00001270628686976115, 2.5140195428208223*^-7, 
    5.60574396153122*^-7}, {0, 5.605743966823812*^-7, 5.605743960181156*^-7, 
    0.9999729418273218}}}, 
 {{{0., 0.001607651980467001, 0.0016076519804669883, 0.0016076519804669905}, 
   {-0.001607651980467001, 0., -0.0015486596939921272, 0.001548659693991648}, 
   {-0.0016076519804669883, 0.0015486596939921272, 0., 
    -0.0015486596939917998}, {-0.0016076519804669905, -0.001548659693991648, 
    0.0015486596939917998, 0.}}, 
  {{0., 0.001607651980466987, 0.0016076519804669922, 0.0016076519804669965}, 
   {-0.001607651980466987, 0., -0.0015486596939921589, 
    0.0015486596939917473}, {-0.0016076519804669922, 0.0015486596939921589, 
    0., -0.0015486596939917156}, {-0.0016076519804669965, 
    -0.0015486596939917473, 0.0015486596939917156, 0.}}}, {0, 0}, 
 {{-1.5744939233204955, -1.5744382326222741}, 
  {-6.298447632748839, -1.5745496140187165, -1.5746742023557028}, 
  {-1.5745485922423423, -1.574492901544121}, {{2, 0.0007730691913832052}, 
   {3, 0.00030263906697478027}, {4, 0.00011847762125056236}, 
   {5, 0.00004638202485069808}}, {{2, 0.06359056811921665}, 
   {3, 0.007680393892774003}, {4, 0.011298445056293929}, 
   {5, 0.018347343576807687}}, {1.3795453202347275*^-17, 0.9998376619456916}}}
