{19, 20, {{{-0.5248626952036296, 0, -0.000011248144192457072, 
    0.000011248144191001097}, {0, 0.9999662983073235, 
    -5.6960676373275745*^-6, -5.696067639947367*^-6}, 
   {-0.00001124814419150152, -5.696067642930366*^-6, 2.658306187000234*^-6, 
    0.0002655815374716404}, {0.000011248144192883275, -5.696067640956533*^-6, 
    0.00026558153747519345, 2.6583061883151543*^-6}}, 
  {{-0.5248626952036295, 0.000011248144191730687, 0, 
    -0.000011248144191077782}, {0.000011248144192401, 2.658306190614964*^-6, 
    -5.696067642918872*^-6, 0.0002655815374787931}, 
   {0, -5.696067637373043*^-6, 0.9999662983073232, -5.6960676423098604*^-6}, 
   {-0.000011248144192818086, 0.0002655815374688325, -5.6960676384427095*^-6, 
    2.658306184870427*^-6}}, {{-0.5248626952036299, -0.00001124814419159164, 
    0.000011248144192423875, 0}, {-0.000011248144192354754, 
    2.6583061862369556*^-6, 0.00026558153748179565, -5.6960676406072954*^-6}, 
   {0.000011248144191458218, 0.00026558153747689554, 2.658306188868531*^-6, 
    -5.696067638155862*^-6}, {0, -5.696067640109762*^-6, 
    -5.696067642482279*^-6, 0.9999662983073243}}}, 
 {{{0, 0.004845830329250654, 0.004845830329250487, 0.0048458303292507185}, 
   {-0.004845830329250654, 0, -0.002802099395477203, 0.0028020993954752}, 
   {-0.004845830329250487, 0.002802099395477203, 0, -0.0028020993954752096}, 
   {-0.0048458303292507185, -0.0028020993954752, 0.0028020993954752096, 0}}, 
  {{0, 0.004845830329250544, 0.0048458303292505545, 0.004845830329250648}, 
   {-0.004845830329250544, 0, -0.002802099395478561, 0.0028020993954748323}, 
   {-0.0048458303292505545, 0.002802099395478561, 0, -0.002802099395474433}, 
   {-0.004845830329250648, -0.0028020993954748323, 0.002802099395474433, 
    0}}}, {0, 0}, {{-1.57418580432512, -1.5737661431083643}, 
  {-3.14929982593777, -3.149421408325322, 0.00012158238755199946}, 
  {-1.5745169693965186, -1.574097308179763}, {{2, 0.0007129462418845385}, 
   {3, 0.00015471303189580274}, {4, 0.000033654646916838823}, 
   {5, 0.000018406697565850568}, {6, 0.00001755504055758701}, 
   {7, 0.00001673340996890556}, {8, 0.00001594864776900619}, 
   {9, 0.000015201024500485088}, {10, 0.000014488878024900616}, 
   {11, 0.000013810760429158015}, {12, 0.000013164809449087102}, 
   {13, 0.000012549646661682526}, {14, 0.000011963579081183294}, 
   {15, 0.000011405365042779699}, {16, 0.000010873478928172839}, 
   {17, 0.000010366804157709269}, {18, 9.883965422066482*^-6}}, 
  {{2, 0.002078133265805151}, {3, 0.0020507367266916978}, 
   {4, 0.002044794900504762}, {5, 0.002043586388507051}, 
   {6, 0.002043329043519878}, {7, 0.002043346823154756}, 
   {8, 0.0020433551448309933}, {9, 0.0020434237961646272}, 
   {10, 0.002043442767221192}, {11, 0.002043507576674526}, 
   {12, 0.0020435253643248355}, {13, 0.0020435843355941174}, 
   {14, 0.002043600541620833}, {15, 0.002043654105999292}, 
   {16, 0.0020436688546271098}, {17, 0.00204371750800766}, 
   {18, 0.0020437309337746944}}, {4.840622537966559*^-16, 0.999797806880238}}}
{19, 20, {{{-0.5248626952036296, 0, -0.000011248144192457072, 
    0.000011248144191001097}, {0, 0.9999662983073235, 
    -5.6960676373275745*^-6, -5.696067639947367*^-6}, 
   {-0.00001124814419150152, -5.696067642930366*^-6, 2.658306187000234*^-6, 
    0.0002655815374716404}, {0.000011248144192883275, -5.696067640956533*^-6, 
    0.00026558153747519345, 2.6583061883151543*^-6}}, 
  {{-0.5248626952036295, 0.000011248144191730687, 0, 
    -0.000011248144191077782}, {0.000011248144192401, 2.658306190614964*^-6, 
    -5.696067642918872*^-6, 0.0002655815374787931}, 
   {0, -5.696067637373043*^-6, 0.9999662983073232, -5.6960676423098604*^-6}, 
   {-0.000011248144192818086, 0.0002655815374688325, -5.6960676384427095*^-6, 
    2.658306184870427*^-6}}, {{-0.5248626952036299, -0.00001124814419159164, 
    0.000011248144192423875, 0}, {-0.000011248144192354754, 
    2.6583061862369556*^-6, 0.00026558153748179565, -5.6960676406072954*^-6}, 
   {0.000011248144191458218, 0.00026558153747689554, 2.658306188868531*^-6, 
    -5.696067638155862*^-6}, {0, -5.696067640109762*^-6, 
    -5.696067642482279*^-6, 0.9999662983073243}}}, 
 {{{0, 0.004845830329250654, 0.004845830329250487, 0.0048458303292507185}, 
   {-0.004845830329250654, 0, -0.002802099395477203, 0.0028020993954752}, 
   {-0.004845830329250487, 0.002802099395477203, 0, -0.0028020993954752096}, 
   {-0.0048458303292507185, -0.0028020993954752, 0.0028020993954752096, 0}}, 
  {{0, 0.004845830329250544, 0.0048458303292505545, 0.004845830329250648}, 
   {-0.004845830329250544, 0, -0.002802099395478561, 0.0028020993954748323}, 
   {-0.0048458303292505545, 0.002802099395478561, 0, -0.002802099395474433}, 
   {-0.004845830329250648, -0.0028020993954748323, 0.002802099395474433, 
    0}}}, {0, 0}, {{-1.57418580432512, -1.5737661431083643}, 
  {-3.14929982593777, -3.149421408325322, 0.00012158238755199946}, 
  {-1.5745169693965186, -1.574097308179763}, {{2, 0.0007129462418845385}, 
   {3, 0.00015471303189580274}, {4, 0.000033654646916838823}, 
   {5, 0.000018406697565850568}, {6, 0.00001755504055758701}, 
   {7, 0.00001673340996890556}, {8, 0.00001594864776900619}, 
   {9, 0.000015201024500485088}, {10, 0.000014488878024900616}, 
   {11, 0.000013810760429158015}, {12, 0.000013164809449087102}, 
   {13, 0.000012549646661682526}, {14, 0.000011963579081183294}, 
   {15, 0.000011405365042779699}, {16, 0.000010873478928172839}, 
   {17, 0.000010366804157709269}, {18, 9.883965422066482*^-6}}, 
  {{2, 0.002078133265805151}, {3, 0.0020507367266916978}, 
   {4, 0.002044794900504762}, {5, 0.002043586388507051}, 
   {6, 0.002043329043519878}, {7, 0.002043346823154756}, 
   {8, 0.0020433551448309933}, {9, 0.0020434237961646272}, 
   {10, 0.002043442767221192}, {11, 0.002043507576674526}, 
   {12, 0.0020435253643248355}, {13, 0.0020435843355941174}, 
   {14, 0.002043600541620833}, {15, 0.002043654105999292}, 
   {16, 0.0020436688546271098}, {17, 0.00204371750800766}, 
   {18, 0.0020437309337746944}}, {4.840622537966559*^-16, 0.999797806880238}}}
{19, 20, {{{-0.5248626952036296, 0, -0.000011248144192457072, 
    0.000011248144191001097}, {0, 0.9999662983073235, 
    -5.6960676373275745*^-6, -5.696067639947367*^-6}, 
   {-0.00001124814419150152, -5.696067642930366*^-6, 2.658306187000234*^-6, 
    0.0002655815374716404}, {0.000011248144192883275, -5.696067640956533*^-6, 
    0.00026558153747519345, 2.6583061883151543*^-6}}, 
  {{-0.5248626952036295, 0.000011248144191730687, 0, 
    -0.000011248144191077782}, {0.000011248144192401, 2.658306190614964*^-6, 
    -5.696067642918872*^-6, 0.0002655815374787931}, 
   {0, -5.696067637373043*^-6, 0.9999662983073232, -5.6960676423098604*^-6}, 
   {-0.000011248144192818086, 0.0002655815374688325, -5.6960676384427095*^-6, 
    2.658306184870427*^-6}}, {{-0.5248626952036299, -0.00001124814419159164, 
    0.000011248144192423875, 0}, {-0.000011248144192354754, 
    2.6583061862369556*^-6, 0.00026558153748179565, -5.6960676406072954*^-6}, 
   {0.000011248144191458218, 0.00026558153747689554, 2.658306188868531*^-6, 
    -5.696067638155862*^-6}, {0, -5.696067640109762*^-6, 
    -5.696067642482279*^-6, 0.9999662983073243}}}, 
 {{{0, 0.004845830329250654, 0.004845830329250487, 0.0048458303292507185}, 
   {-0.004845830329250654, 0, -0.002802099395477203, 0.0028020993954752}, 
   {-0.004845830329250487, 0.002802099395477203, 0, -0.0028020993954752096}, 
   {-0.0048458303292507185, -0.0028020993954752, 0.0028020993954752096, 0}}, 
  {{0, 0.004845830329250544, 0.0048458303292505545, 0.004845830329250648}, 
   {-0.004845830329250544, 0, -0.002802099395478561, 0.0028020993954748323}, 
   {-0.0048458303292505545, 0.002802099395478561, 0, -0.002802099395474433}, 
   {-0.004845830329250648, -0.0028020993954748323, 0.002802099395474433, 
    0}}}, {0, 0}, {{-1.57418580432512, -1.5737661431083643}, 
  {-3.14929982593777, -3.149421408325322, 0.00012158238755199946}, 
  {-1.5745169693965186, -1.574097308179763}, {{2, 0.0007129462418845385}, 
   {3, 0.00015471303189580274}, {4, 0.000033654646916838823}, 
   {5, 0.000018406697565850568}, {6, 0.00001755504055758701}, 
   {7, 0.00001673340996890556}, {8, 0.00001594864776900619}, 
   {9, 0.000015201024500485088}, {10, 0.000014488878024900616}, 
   {11, 0.000013810760429158015}, {12, 0.000013164809449087102}, 
   {13, 0.000012549646661682526}, {14, 0.000011963579081183294}, 
   {15, 0.000011405365042779699}, {16, 0.000010873478928172839}, 
   {17, 0.000010366804157709269}, {18, 9.883965422066482*^-6}}, 
  {{2, 0.002078133265805151}, {3, 0.0020507367266916978}, 
   {4, 0.002044794900504762}, {5, 0.002043586388507051}, 
   {6, 0.002043329043519878}, {7, 0.002043346823154756}, 
   {8, 0.0020433551448309933}, {9, 0.0020434237961646272}, 
   {10, 0.002043442767221192}, {11, 0.002043507576674526}, 
   {12, 0.0020435253643248355}, {13, 0.0020435843355941174}, 
   {14, 0.002043600541620833}, {15, 0.002043654105999292}, 
   {16, 0.0020436688546271098}, {17, 0.00204371750800766}, 
   {18, 0.0020437309337746944}}, {4.840622537966559*^-16, 0.999797806880238}}}
