{20, 20, {{{-0.5241252438633976, 0, -0.00042893129401221775, 
    0.0004289312940120066}, {0, 0.9985118926271678, -0.00021269136402685563, 
    -0.00021269136402574543}, {-0.00042893129401230497, 
    -0.00021269136402649936, 0.00018547221547171415, 0.011292154032247316}, 
   {0.00042893129401222967, -0.00021269136402594764, 0.01129215403224896, 
    0.00018547221547258845}}, {{-0.5241252438633976, 0.0004289312940120293, 
    0, -0.0004289312940120895}, {0.00042893129401244375, 
    0.00018547221547455693, -0.00021269136402661927, 0.01129215403224767}, 
   {0, -0.00021269136402696587, 0.9985118926271683, -0.00021269136402591557}, 
   {-0.00042893129401215085, 0.011292154032247212, -0.00021269136402585594, 
    0.00018547221547366268}}, {{-0.524125243863399, -0.00042893129401220896, 
    0.0004289312940126351, 0}, {-0.00042893129401212976, 
    0.00018547221547066117, 0.011292154032246685, -0.0002126913640260403}, 
   {0.00042893129401179464, 0.011292154032248028, 0.00018547221547168813, 
    -0.00021269136402572383}, {0, -0.00021269136402565151, 
    -0.00021269136402590153, 0.9985118926271704}}}, 
 {{{0, 0.02956969133029093, 0.029569691330290956, 0.029569691330290897}, 
   {-0.02956969133029093, 0, -0.017136647794529558, 0.0171366477945306}, 
   {-0.029569691330290956, 0.017136647794529558, 0, -0.017136647794530335}, 
   {-0.029569691330290897, -0.0171366477945306, 0.017136647794530335, 0}}, 
  {{0, 0.029569691330290873, 0.029569691330290866, 0.029569691330290873}, 
   {-0.029569691330290873, 0, -0.017136647794529256, 0.017136647794530765}, 
   {-0.029569691330290866, 0.017136647794529256, 0, -0.017136647794530745}, 
   {-0.029569691330290873, -0.017136647794530765, 0.017136647794530745, 0}}}, 
 {0, 0}, {{-1.5572941052828027, -1.5419292429583444}, 
  {-3.1492697927457844, -3.153927687605005, -1.572305948943282}, 
  {-1.5694287681427626, -1.5540639058183043}, {{2, 0.004314574276342253}, 
   {3, 0.0009486057023935512}, {4, 0.0007109473140636635}, 
   {5, 0.0006882774612533907}, {6, 0.0006656078723301373}, 
   {7, 0.0006446767621825977}, {8, 0.0006253079674726145}, 
   {9, 0.000607747775859536}, {10, 0.0005915554710259263}, 
   {11, 0.0005769125338737462}, {12, 0.0005634204106874713}, 
   {13, 0.0005512594890257055}, {14, 0.0005400792612667571}, 
   {15, 0.0005300580403942278}, {16, 0.0005208866402245348}, 
   {17, 0.0005127386978885703}, {18, 0.0005053405568124503}, 
   {19, 0.0004988595643608939}}, {{2, 0.01245109936879537}, 
   {3, 0.012320798990251668}, {4, 0.01229273490077302}, 
   {5, 0.012304121972179019}, {6, 0.012307642075291442}, 
   {7, 0.01232456213047146}, {8, 0.012329332589929149}, 
   {9, 0.012345276699439018}, {10, 0.012349917006062888}, 
   {11, 0.012364735006939534}, {12, 0.012369246790014804}, 
   {13, 0.012383071946415122}, {14, 0.012387508784905571}, 
   {15, 0.012400468482180214}, {16, 0.01240487536059387}, 
   {17, 0.012417080946693252}, {18, 0.012421494234625562}, 
   {19, 0.01243304353576069}}, {2.5325336537533143*^-11, 0.9911045068826324}}}
{20, 20, {{{-0.5241252438633978, 0, -0.00042893129401245866, 
    0.0004289312940119484}, {0, 0.9985118926271697, -0.00021269136402442848, 
    -0.0002126913640257929}, {-0.000428931294012339, -0.00021269136402748083, 
    0.000185472215474442, 0.011292154032248754}, 
   {0.0004289312940114982, -0.00021269136402701544, 0.011292154032246905, 
    0.00018547221546834228}}, {{-0.5241252438633978, 0.0004289312940123322, 
    0, -0.0004289312940118353}, {0.0004289312940126263, 
    0.00018547221547301172, -0.00021269136402752073, 0.011292154032247703}, 
   {0, -0.0002126913640243486, 0.9985118926271698, -0.00021269136402604183}, 
   {-0.00042893129401162263, 0.01129215403224856, -0.00021269136402661445, 
    0.00018547221547018456}}, {{-0.5241252438633984, -0.0004289312940127611, 
    0.0004289312940127484, 0}, {-0.0004289312940121829, 
    0.00018547221547399358, 0.01129215403224819, -0.00021269136402649286}, 
   {0.0004289312940121097, 0.011292154032246628, 0.0001854722154718269, 
    -0.0002126913640264162}, {0, -0.0002126913640262064, 
    -0.00021269136402612816, 0.9985118926271674}}}, 
 {{{0, 0.029569691330290866, 0.029569691330290894, 0.029569691330290956}, 
   {-0.029569691330290866, 0, -0.01713664779453198, 0.01713664779452996}, 
   {-0.029569691330290894, 0.01713664779453198, 0, -0.017136647794529794}, 
   {-0.029569691330290956, -0.01713664779452996, 0.017136647794529794, 0}}, 
  {{0, 0.02956969133029093, 0.02956969133029085, 0.029569691330290908}, 
   {-0.02956969133029093, 0, -0.01713664779452994, 0.017136647794529405}, 
   {-0.02956969133029085, 0.01713664779452994, 0, -0.017136647794529586}, 
   {-0.029569691330290908, -0.017136647794529405, 0.017136647794529586, 0}}}, 
 {0, 0}, {{-1.557294105282802, -1.5419292429583444}, 
  {-6.298539585491572, -3.1670165802916608, 0.017746787545874998}, 
  {-1.5694287681427619, -1.5540639058183043}, {{2, 0.004314574276342149}, 
   {3, 0.0009486057023929441}, {4, 0.0007109473140633842}, 
   {5, 0.0006882774612534726}, {6, 0.0006656078723301026}, 
   {7, 0.0006446767621824459}, {8, 0.0006253079674726908}, 
   {9, 0.0006077477758598135}, {10, 0.0005915554710270634}, 
   {11, 0.0005769125338764454}, {12, 0.0005634204106903535}, 
   {13, 0.0005512594890295331}, {14, 0.000540079261268693}, 
   {15, 0.0005300580403962592}, {16, 0.0005208866402267084}, 
   {17, 0.0005127386978909191}, {18, 0.0005053405568149639}, 
   {19, 0.0004988595643612981}}, {{2, 0.012451099368795406}, 
   {3, 0.012320798990251668}, {4, 0.012292734900773062}, 
   {5, 0.012304121972178995}, {6, 0.012307642075291468}, 
   {7, 0.012324562130471492}, {8, 0.012329332589929125}, 
   {9, 0.012345276699439037}, {10, 0.012349917006062777}, 
   {11, 0.012364735006939548}, {12, 0.012369246790014842}, 
   {13, 0.012383071946415171}, {14, 0.012387508784905597}, 
   {15, 0.012400468482180302}, {16, 0.012404875360593953}, 
   {17, 0.01241708094669321}, {18, 0.01242149423462568}, 
   {19, 0.012433043535760788}}, {2.532533653753226*^-11, 0.9911045068826331}}}
