{83, 20, {{{-0.5246962390939446, 0, -0.00010356015490877003, 
    0.00010356015491340622}, {0, 0.9996504549254055, -0.00005201137299543066, 
    -0.00005201137295400622}, {-0.00010356015491565426, 
    -0.000052011372988387, 0.000034593924631107654, 0.0047459892637868725}, 
   {0.00010356015491358308, -0.00005201137303065292, 0.004745989263783001, 
    0.000034593924630780225}}, {{-0.5246962390939442, 0.00010356015490447158, 
    0, -0.00010356015491392238}, {0.0001035601549202316, 
    0.0000345939246319581, -0.0000520113729958912, 0.004745989263787998}, 
   {0, -0.00005201137298807303, 0.9996504549254044, -0.00005201137295990725}, 
   {-0.00010356015491305389, 0.0047459892637811895, -0.00005201137302521943, 
    0.00003459392463287837}}, {{-0.5246962390939469, -0.00010356015492007372, 
    0.00010356015491585367, 0}, {-0.0001035601549046638, 
    0.00003459392463532954, 0.004745989263777566, -0.00005201137295647194}, 
   {0.00010356015490858397, 0.004745989263780656, 0.000034593924634895856, 
    -0.000052011372958563014}, {0, -0.00005201137302810138, 
    -0.000052011373026275824, 0.9996504549254042}}}, 
 {{{0, 0.014636619698442805, 0.014636619698442708, 0.014636619698441752}, 
   {-0.014636619698442805, 0, -0.008467926742892302, 0.008467926742888893}, 
   {-0.014636619698442708, 0.008467926742892302, 0, -0.008467926742889419}, 
   {-0.014636619698441752, -0.008467926742888893, 0.008467926742889419, 0}}, 
  {{0, 0.01463661969844221, 0.014636619698442162, 0.014636619698442873}, 
   {-0.01463661969844221, 0, -0.008467926742888921, 0.008467926742889412}, 
   {-0.014636619698442162, 0.008467926742888921, 0, -0.00846792674289018}, 
   {-0.014636619698442873, -0.008467926742889412, 0.00846792674289018, 0}}}, 
 {0, 0}, {{-1.5703784888870098, -1.5665757835416951}, 
  {-3.1492936236235067, -3.1504151936204803, 0.0011215699969735482}, 
  {-1.5733798575111764, -1.5695771521658617}, {{2, 0.002143027060365574}, 
   {3, 0.0004664115476578929}, {4, 0.00017425229517156678}, 
   {5, 0.0001671024600813784}, {6, 0.0001598744612151009}, 
   {7, 0.0001529450953432199}, {8, 0.00014635070777841222}, 
   {9, 0.00014010518861209986}, {10, 0.0001341710647908426}, 
   {11, 0.00012854678193839836}, {12, 0.0001231962035416899}, 
   {13, 0.00011811839428509021}, {14, 0.00011328141158421269}, 
   {15, 0.00010868533187911693}, {16, 0.00010430195268319948}, 
   {17, 0.00010013209906664872}, {18, 0.00009615079859096216}, 
   {19, 0.00009235939868840887}, {20, 0.00008873572500959917}, 
   {21, 0.00008528147476143761}, {22, 0.0000819769083947007}, 
   {23, 0.0000788239426214336}, {24, 0.00007580496537382912}, 
   {25, 0.00007292201509227422}, {26, 0.00007015934566264627}, 
   {27, 0.00006751904447329336}, {28, 0.00006498700752441671}, 
   {29, 0.00006256531761449384}, {30, 0.00006024132032103483}, 
   {31, 0.00005801705508633268}, {32, 0.00005588115064526864}, 
   {33, 0.000053835575715261395}, {34, 0.00005187009774472841}, 
   {35, 0.000049986596054643704}, {36, 0.00004817585093523733}, 
   {37, 0.000046439640303439726}, {38, 0.00004476964720355166}, 
   {39, 0.00004316754119679635}, {40, 0.000041625811501431586}, 
   {41, 0.00004014601619367966}, {42, 0.000038721365657547885}, 
   {43, 0.00003735330617832093}, {44, 0.00003603569429593261}, 
   {45, 0.0000347698663078792}, {46, 0.00003355025852550767}, 
   {47, 0.000032378100564895394}, {48, 0.00003124834966981328}, 
   {49, 0.00003016213311373382}, {50, 0.000029114876772129948}, 
   {51, 0.000028107610632560447}, {52, 0.00002713618263380964}, 
   {53, 0.00002620153094431716}, {54, 0.000025299884035177855}, 
   {55, 0.000024432093957430824}, {56, 0.00002359473261247854}, 
   {57, 0.000022788571698805632}, {58, 0.00002201049334494328}, 
   {59, 0.00002126119462180203}, {60, 0.000020537838127381025}, 
   {61, 0.000019841051872349774}, {62, 0.00001916825226355636}, 
   {63, 0.000018520003644781693}, {64, 0.000017893952224960936}, 
   {65, 0.00001729060384524604}, {66, 0.000016707812981884423}, 
   {67, 0.000016146031844082795}, {68, 0.000015603303751329095}, 
   {69, 0.0000150800319111688}, {70, 0.00001457443099953104}, 
   {71, 0.000014086859531805933}, {72, 0.000013615687776839629}, 
   {73, 0.00001316123358777524}, {74, 0.000012722008590433653}, 
   {75, 0.000012298293726798956}, {76, 0.000011888729120200676}, 
   {77, 0.000011493562279337247}, {78, 0.000011111550182346143}, 
   {79, 0.000010742910118766158}, {80, 0.000010386505406626521}, 
   {81, 0.00001004252607198549}, {82, 9.70993224686488*^-6}}, 
  {{2, 0.006232391302591256}, {3, 0.006154095743555058}, 
   {4, 0.006137141533916448}, {5, 0.006135638121559002}, 
   {6, 0.00613544240943426}, {7, 0.006137394812408364}, 
   {8, 0.006137943052899758}, {9, 0.006139880367661892}, 
   {10, 0.006140419572402656}, {11, 0.00614219513318565}, 
   {12, 0.006142694988785802}, {13, 0.0061443176163680155}, 
   {14, 0.006144781168644128}, {15, 0.006146265268878896}, 
   {16, 0.006146696418949953}, {17, 0.00614805511532245}, 
   {18, 0.006148457214889979}, {19, 0.006149702224358814}, 
   {20, 0.006150078118424529}, {21, 0.0061512199159186225}, 
   {22, 0.006151572032449225}, {23, 0.006152620003495417}, 
   {24, 0.006152950428131684}, {25, 0.0061539129998610465}, 
   {26, 0.006154223536283719}, {27, 0.006155108289952819}, 
   {28, 0.006155400508707301}, {29, 0.006156214276774677}, 
   {30, 0.006156489554862905}, {31, 0.006157238505101317}, 
   {32, 0.00615749805817014}, {33, 0.0061581877668397894}, 
   {34, 0.006158432675410448}, {35, 0.00615906819114916}, 
   {36, 0.00615929942204457}, {37, 0.006159885321844934}, 
   {38, 0.006160103745727202}, {39, 0.006160644184134621}, 
   {40, 0.006160850589896634}, {41, 0.006161349342375944}, 
   {42, 0.006161544448974325}, {43, 0.006162004950239783}, 
   {44, 0.006162189416447043}, {45, 0.0061626147944265856}, 
   {46, 0.006162789226889882}, {47, 0.006163182332887785}, 
   {48, 0.00616334729280499}, {49, 0.006163710728353197}, 
   {50, 0.006163866737017224}, {51, 0.006164202877820265}, 
   {52, 0.006164350421242746}, {53, 0.006164661438575367}, 
   {54, 0.00616480097135131}, {55, 0.006165088851212981}, 
   {56, 0.006165220799768179}, {57, 0.006165487360058193}, 
   {58, 0.0061656121253857825}, {59, 0.006165859031324361}, 
   {60, 0.006165976991307401}, {61, 0.006166205769307431}, 
   {62, 0.006166317280694535}, {63, 0.006166529330853338}, 
   {64, 0.006166634730955956}, {65, 0.006166831338320107}, 
   {66, 0.0061669309464745855}, {67, 0.006167113291208539}, 
   {68, 0.006167207410049135}, {69, 0.006167376576629935}, 
   {70, 0.00616746549320147}, {71, 0.006167622478736716}, 
   {72, 0.006167706465477353}, {73, 0.006167852187241083}, 
   {74, 0.006167931502857408}, {75, 0.006168066805122977}, 
   {76, 0.006168141695371392}, {77, 0.0061682673556152385}, 
   {78, 0.006168338054012142}, {79, 0.006168454788546299}, 
   {80, 0.006168521517010169}, {81, 0.006168629986107281}, 
   {82, 0.006168692955552564}}, {3.6869101447595404*^-13, 
   0.9979045614248789}}}
