{52, 20, {{{-0.5248006261061597, 0, -0.00004533978806886597, 
    0.00004533978807050222}, {0, 0.9998591465420007, 
    -0.000022899263907956295, -0.000022899263907762877}, 
   {-0.000045339788072550374, -0.00002289926390963104, 
    0.00001645623505358313, 0.0017645258492077036}, 
   {0.00004533978807023523, -0.000022899263906363924, 0.0017645258492211683, 
    0.00001645623505666053}}, {{-0.5248006261061599, 0.000045339788069781335, 
    0, -0.00004533978807032843}, {0.00004533978807224129, 
    0.0000164562350524651, -0.000022899263908645282, 0.0017645258492115523}, 
   {0, -0.00002289926390878643, 0.9998591465420009, 
    -0.000022899263903221405}, {-0.00004533978807037849, 
    0.0017645258492157063, -0.000022899263911657473, 
    0.000016456235057258142}}, 
  {{-0.5248006261061627, -0.00004533978807160364, 0.00004533978807288115, 0}, 
   {-0.000045339788070355224, 0.000016456235063895194, 0.0017645258492086147, 
    -0.00002289926390765956}, {0.00004533978806842831, 0.001764525849212852, 
    0.000016456235060774427, -0.000022899263902892468}, 
   {0, -0.000022899263906565545, -0.000022899263911960684, 
    0.9998591465420044}}}, 
 {{{0, 0.00971374880256435, 0.00971374880256425, 0.009713748802564}, 
   {-0.00971374880256435, 0, -0.005617803425948635, 0.005617803425951105}, 
   {-0.00971374880256425, 0.005617803425948635, 0, -0.005617803425951057}, 
   {-0.009713748802564, -0.005617803425951105, 0.005617803425951057, 0}}, 
  {{0, 0.009713748802564346, 0.009713748802564173, 0.009713748802564042}, 
   {-0.009713748802564346, 0, -0.005617803425948181, 0.0056178034259499925}, 
   {-0.009713748802564173, 0.005617803425948181, 0, -0.005617803425952011}, 
   {-0.009713748802564042, -0.0056178034259499925, 0.005617803425952011, 
    0}}}, {0, 0}, {{-1.57278071847124, -1.5710982478254396}, 
  {-3.149298921511227, -3.1497892803036356, 0.0004903587924087738}, 
  {-1.5741084698421741, -1.5724259991963738}, {{2, 0.0014269382503640147}, 
   {3, 0.00030999185153078677}, {4, 0.00007716199091846419}, 
   {5, 0.00007386645938745414}, {6, 0.00007053205863396779}, 
   {7, 0.00006732222873114826}, {8, 0.00006426010802298087}, 
   {9, 0.0000613486366442174}, {10, 0.00005857740565921811}, 
   {11, 0.00005594249654663152}, {12, 0.000053433237968955605}, 
   {13, 0.000051045999957676446}, {14, 0.00004877124661356602}, 
   {15, 0.000046605868922272586}, {16, 0.00004454138356072316}, 
   {17, 0.000042575127679346254}, {18, 0.00004069954020563429}, 
   {19, 0.0000389123309643075}, {20, 0.000037206747159792934}, 
   {21, 0.000035580810578946095}, {22, 0.00003402847894298962}, 
   {23, 0.000032548036126261786}, {24, 0.00003113406628650075}, 
   {25, 0.000029785074310754653}, {26, 0.00002849619813213508}, 
   {27, 0.00002726612973611678}, {28, 0.00002609049785104174}, 
   {29, 0.000024968153444432503}, {30, 0.000023895161219065347}, 
   {31, 0.000022870507758244226}, {32, 0.00002189064589560772}, 
   {33, 0.000020954678345854426}, {34, 0.00002005940416048872}, 
   {35, 0.000019204025896221895}, {36, 0.000018385651996885837}, 
   {37, 0.000017603571199610764}, {38, 0.000016855168923663767}, 
   {39, 0.000016139808587688643}, {40, 0.000015455123941073923}, 
   {41, 0.0000148005433756209}, {42, 0.0000141739236288439}, 
   {43, 0.00001357474984842416}, {44, 0.000013001079273904396}, 
   {45, 0.000012452446825404404}, {46, 0.00001192709023971469}, 
   {47, 0.000011424588256749415}, {48, 0.00001094334131036801}, 
   {49, 0.000010482966872941762}, {50, 0.0000100420121737603}, 
   {51, 9.620129037562*^-6}}, {{2, 0.00415576506787506}, 
   {3, 0.004101945461582474}, {4, 0.004090279806815281}, 
   {5, 0.004088392924015295}, {6, 0.004088022163171908}, 
   {7, 0.004088531410863974}, {8, 0.0040886780661754775}, 
   {9, 0.0040892461545733805}, {10, 0.004089403002106608}, 
   {11, 0.004089924780232507}, {12, 0.004090069352095175}, 
   {13, 0.004090544503835215}, {14, 0.004090677025604993}, 
   {15, 0.004091109709146072}, {16, 0.004091231315901484}, 
   {17, 0.004091625479643721}, {18, 0.004091737212076266}, 
   {19, 0.004092096420681825}, {20, 0.004092199198189704}, 
   {21, 0.004092526665542256}, {22, 0.004092621301972116}, 
   {23, 0.0040929199287307125}, {24, 0.0040930071472817485}, 
   {25, 0.004093279554228355}, {26, 0.0040933599999854065}, 
   {27, 0.004093608557378997}, {28, 0.004093682807821809}, 
   {29, 0.004093909661297222}, {30, 0.004093978235142149}, 
   {31, 0.004094185328617918}, {32, 0.004094248693281722}, 
   {33, 0.00409443778927647}, {34, 0.004094496367204173}, 
   {35, 0.004094669064890049}, {36, 0.0040947232389381}, 
   {37, 0.004094880990221596}, {38, 0.0040949311082546305}, 
   {39, 0.0040950752321273105}, {40, 0.004095121610960591}, 
   {41, 0.004095253306327663}, {42, 0.004095296235119541}, 
   {43, 0.0040954165922891615}, {44, 0.004095456335474593}, 
   {45, 0.004095566346461005}, {46, 0.0040956031462966195}, 
   {47, 0.004095703714074778}, {48, 0.004095737792857453}, 
   {49, 0.004095829739686977}, {50, 0.0040958613016943285}, 
   {51, 0.00409594537661403}}, {3.143396980883872*^-14, 0.9991551767915776}}}
{52, 20, {{{-0.5248006261061597, 0, -0.00004533978806886597, 
    0.00004533978807050222}, {0, 0.9998591465420007, 
    -0.000022899263907956295, -0.000022899263907762877}, 
   {-0.000045339788072550374, -0.00002289926390963104, 
    0.00001645623505358313, 0.0017645258492077036}, 
   {0.00004533978807023523, -0.000022899263906363924, 0.0017645258492211683, 
    0.00001645623505666053}}, {{-0.5248006261061599, 0.000045339788069781335, 
    0, -0.00004533978807032843}, {0.00004533978807224129, 
    0.0000164562350524651, -0.000022899263908645282, 0.0017645258492115523}, 
   {0, -0.00002289926390878643, 0.9998591465420009, 
    -0.000022899263903221405}, {-0.00004533978807037849, 
    0.0017645258492157063, -0.000022899263911657473, 
    0.000016456235057258142}}, 
  {{-0.5248006261061627, -0.00004533978807160364, 0.00004533978807288115, 0}, 
   {-0.000045339788070355224, 0.000016456235063895194, 0.0017645258492086147, 
    -0.00002289926390765956}, {0.00004533978806842831, 0.001764525849212852, 
    0.000016456235060774427, -0.000022899263902892468}, 
   {0, -0.000022899263906565545, -0.000022899263911960684, 
    0.9998591465420044}}}, 
 {{{0, 0.00971374880256435, 0.00971374880256425, 0.009713748802564}, 
   {-0.00971374880256435, 0, -0.005617803425948635, 0.005617803425951105}, 
   {-0.00971374880256425, 0.005617803425948635, 0, -0.005617803425951057}, 
   {-0.009713748802564, -0.005617803425951105, 0.005617803425951057, 0}}, 
  {{0, 0.009713748802564346, 0.009713748802564173, 0.009713748802564042}, 
   {-0.009713748802564346, 0, -0.005617803425948181, 0.0056178034259499925}, 
   {-0.009713748802564173, 0.005617803425948181, 0, -0.005617803425952011}, 
   {-0.009713748802564042, -0.0056178034259499925, 0.005617803425952011, 
    0}}}, {0, 0}, {{-1.57278071847124, -1.5710982478254396}, 
  {-3.149298921511227, -3.1497892803036356, 0.0004903587924087738}, 
  {-1.5741084698421741, -1.5724259991963738}, {{2, 0.0014269382503640147}, 
   {3, 0.00030999185153078677}, {4, 0.00007716199091846419}, 
   {5, 0.00007386645938745414}, {6, 0.00007053205863396779}, 
   {7, 0.00006732222873114826}, {8, 0.00006426010802298087}, 
   {9, 0.0000613486366442174}, {10, 0.00005857740565921811}, 
   {11, 0.00005594249654663152}, {12, 0.000053433237968955605}, 
   {13, 0.000051045999957676446}, {14, 0.00004877124661356602}, 
   {15, 0.000046605868922272586}, {16, 0.00004454138356072316}, 
   {17, 0.000042575127679346254}, {18, 0.00004069954020563429}, 
   {19, 0.0000389123309643075}, {20, 0.000037206747159792934}, 
   {21, 0.000035580810578946095}, {22, 0.00003402847894298962}, 
   {23, 0.000032548036126261786}, {24, 0.00003113406628650075}, 
   {25, 0.000029785074310754653}, {26, 0.00002849619813213508}, 
   {27, 0.00002726612973611678}, {28, 0.00002609049785104174}, 
   {29, 0.000024968153444432503}, {30, 0.000023895161219065347}, 
   {31, 0.000022870507758244226}, {32, 0.00002189064589560772}, 
   {33, 0.000020954678345854426}, {34, 0.00002005940416048872}, 
   {35, 0.000019204025896221895}, {36, 0.000018385651996885837}, 
   {37, 0.000017603571199610764}, {38, 0.000016855168923663767}, 
   {39, 0.000016139808587688643}, {40, 0.000015455123941073923}, 
   {41, 0.0000148005433756209}, {42, 0.0000141739236288439}, 
   {43, 0.00001357474984842416}, {44, 0.000013001079273904396}, 
   {45, 0.000012452446825404404}, {46, 0.00001192709023971469}, 
   {47, 0.000011424588256749415}, {48, 0.00001094334131036801}, 
   {49, 0.000010482966872941762}, {50, 0.0000100420121737603}, 
   {51, 9.620129037562*^-6}}, {{2, 0.00415576506787506}, 
   {3, 0.004101945461582474}, {4, 0.004090279806815281}, 
   {5, 0.004088392924015295}, {6, 0.004088022163171908}, 
   {7, 0.004088531410863974}, {8, 0.0040886780661754775}, 
   {9, 0.0040892461545733805}, {10, 0.004089403002106608}, 
   {11, 0.004089924780232507}, {12, 0.004090069352095175}, 
   {13, 0.004090544503835215}, {14, 0.004090677025604993}, 
   {15, 0.004091109709146072}, {16, 0.004091231315901484}, 
   {17, 0.004091625479643721}, {18, 0.004091737212076266}, 
   {19, 0.004092096420681825}, {20, 0.004092199198189704}, 
   {21, 0.004092526665542256}, {22, 0.004092621301972116}, 
   {23, 0.0040929199287307125}, {24, 0.0040930071472817485}, 
   {25, 0.004093279554228355}, {26, 0.0040933599999854065}, 
   {27, 0.004093608557378997}, {28, 0.004093682807821809}, 
   {29, 0.004093909661297222}, {30, 0.004093978235142149}, 
   {31, 0.004094185328617918}, {32, 0.004094248693281722}, 
   {33, 0.00409443778927647}, {34, 0.004094496367204173}, 
   {35, 0.004094669064890049}, {36, 0.0040947232389381}, 
   {37, 0.004094880990221596}, {38, 0.0040949311082546305}, 
   {39, 0.0040950752321273105}, {40, 0.004095121610960591}, 
   {41, 0.004095253306327663}, {42, 0.004095296235119541}, 
   {43, 0.0040954165922891615}, {44, 0.004095456335474593}, 
   {45, 0.004095566346461005}, {46, 0.0040956031462966195}, 
   {47, 0.004095703714074778}, {48, 0.004095737792857453}, 
   {49, 0.004095829739686977}, {50, 0.0040958613016943285}, 
   {51, 0.00409594537661403}}, {3.143396980883872*^-14, 0.9991551767915776}}}
