{3, 32, {{{-0.5228888980950315, 0, -0.0012180070729314397, 
    0.00121800707293144}, {0, 0.993661241783961, 0.00023152141627046335, 
    0.00023152141627041803}, {-0.0012180070729314132, 0.0002315214162704356, 
    -0.00004254617915664489, 0.0029138287900558908}, 
   {0.0012180070729314123, 0.00023152141627043863, 0.0029138287900558387, 
    -0.0000425461791565291}}, {{-0.5228888980950313, 0.0012180070729314295, 
    0, -0.0012180070729314383}, {0.0012180070729314067, 
    -0.00004254617915665877, 0.0002315214162704343, 0.002913828790055849}, 
   {0, 0.00023152141627045799, 0.9936612417839608, 0.00023152141627046503}, 
   {-0.0012180070729314108, 0.0029138287900558942, 0.00023152141627041058, 
    -0.0000425461791566939}}, {{-0.5228888980950315, -0.001218007072931388, 
    0.0012180070729313909, 0}, {-0.001218007072931355, 
    -0.000042546179156783236, 0.002913828790055934, 0.00023152141627047447}, 
   {0.0012180070729313677, 0.0029138287900558357, -0.00004254617915674941, 
    0.00023152141627042866}, {0, 0.00023152141627040643, 
    0.00023152141627044001, 0.993661241783961}}}, 
 {{{0., 0.02377755712336353, 0.023777557123363526, 0.023777557123363567}, 
   {-0.02377755712336353, 0., -0.024042384880968777, 0.024042384880968656}, 
   {-0.023777557123363526, 0.024042384880968777, 0., -0.024042384880968652}, 
   {-0.023777557123363567, -0.024042384880968656, 0.024042384880968652, 0.}}, 
  {{0., 0.023777557123363526, 0.023777557123363515, 0.023777557123363595}, 
   {-0.023777557123363526, 0., -0.024042384880968673, 0.024042384880968812}, 
   {-0.023777557123363515, 0.024042384880968673, 0., -0.02404238488096881}, 
   {-0.023777557123363595, -0.024042384880968812, 0.02404238488096881, 0.}}}, 
 {0, 0}, {{-1.54806423095147, -1.5357090498462083}, 
  {-6.298200926263231, -1.5604194120567323, -1.5886810510748832}, 
  {-1.560488216326445, -1.5481330352211833}, {{2, 0.000031198365415124885}}, 
  {{2, 0.005568859665254893}}, {1.9313690672763897*^-10, 0.9625650788867512}}}
{9, 32, {{{-0.5228930513292375, 0, -0.0012166225403647567, 
    0.0012166225403647305}, {0, 0.9936651142579187, 0.00023340165634215776, 
    0.00023340165634220958}, {-0.0012166225403647105, 0.0002334016563423192, 
    -0.00004481740417443909, 0.002910123520529188}, 
   {0.001216622540364754, 0.00023340165634221164, 0.002910123520529131, 
    -0.00004481740417439876}}, {{-0.5228930513292376, 0.0012166225403647665, 
    0, -0.0012166225403647366}, {0.0012166225403647166, 
    -0.00004481740417445644, 0.00023340165634231768, 0.0029101235205292193}, 
   {0, 0.00023340165634215895, 0.9936651142579185, 0.00023340165634220687}, 
   {-0.0012166225403647548, 0.0029101235205291442, 0.00023340165634221302, 
    -0.00004481740417433544}}, {{-0.5228930513292377, -0.001216622540364731, 
    0.0012166225403647292, 0}, {-0.001216622540364678, 
    -0.00004481740417457223, 0.0029101235205291993, 0.00023340165634223007}, 
   {0.001216622540364665, 0.002910123520529222, -0.000044817404174557485, 
    0.00023340165634223333}, {0, 0.00023340165634218372, 
    0.00023340165634219625, 0.9936651142579187}}}, 
 {{{0., 0.023752613571865665, 0.023752613571865665, 0.02375261357186569}, 
   {-0.023752613571865665, 0., -0.024041717535950344, 0.0240417175359502}, 
   {-0.023752613571865665, 0.024041717535950344, 0., -0.024041717535950215}, 
   {-0.02375261357186569, -0.0240417175359502, 0.024041717535950215, 0.}}, 
  {{0., 0.023752613571865658, 0.02375261357186566, 0.023752613571865734}, 
   {-0.023752613571865658, 0., -0.024041717535950226, 0.02404171753595035}, 
   {-0.02375261357186566, 0.024041717535950226, 0., -0.024041717535950337}, 
   {-0.023752613571865734, -0.02404171753595035, 0.024041717535950337, 0.}}}, 
 {0, 0}, {{-1.5480920906799933, -1.5357498706242878}, 
  {-6.298223609394503, -1.5604343107356988, -1.5886774939615527}, 
  {-1.5605094221488693, -1.5481672020931638}, {{2, 0.011385100202372794}, 
   {3, 0.004503700234256648}, {4, 0.0017861264976861274}, 
   {5, 0.0007091571266590602}, {6, 0.00028169152753813875}, 
   {7, 0.0001119144437477862}, {8, 0.000044466288339907456}}, 
  {{2, 0.09795261838921537}, {3, 0.038570413957450235}, 
   {4, 0.018287699135416655}, {5, 0.010672903633890812}, 
   {6, 0.007713214484254089}, {7, 0.006547376318830312}, 
   {8, 0.0060857295389808415}}, {1.9310474352678712*^-10, 
   0.9625875868262439}}}
