{3, 40, {{{-0.000023000878377747087, 0, -6.426506180919426*^-6, 
    6.426506180923659*^-6}, {0, 0.00003370327025085441, 
    1.0753102575219122*^-6, 1.0753102575242098*^-6}, 
   {-6.426506180921577*^-6, 1.0753102575262242*^-6, -5.351195913539486*^-6, 
    0.00002085025782690775}, {6.426506180916177*^-6, 1.0753102575253776*^-6, 
    0.000020850257826910184, -5.351195913540295*^-6}}, 
  {{-0.00002300087837774485, 6.426506180922577*^-6, 0, 
    -6.426506180921384*^-6}, {6.426506180918361*^-6, -5.351195913540073*^-6, 
    1.0753102575268184*^-6, 0.000020850257826908212}, 
   {0, 1.0753102575243315*^-6, 0.00003370327025085355, 
    1.0753102575250968*^-6}, {-6.426506180918536*^-6, 
    0.000020850257826906484, 1.0753102575249376*^-6, 
    -5.3511959135377325*^-6}}, {{-0.00002300087837774855, 
    -6.426506180923001*^-6, 6.426506180919203*^-6, 0}, 
   {-6.426506180921582*^-6, -5.351195913542254*^-6, 0.000020850257826914642, 
    1.0753102575228713*^-6}, {6.426506180924384*^-6, 0.00002085025782691069, 
    -5.351195913541927*^-6, 1.0753102575243472*^-6}, 
   {0, 1.0753102575206973*^-6, 1.075310257524955*^-6, 
    0.00003370327025086229}}}, 
 {{{0., 0.5773502686599294, 0.5773502686599294, 0.5773502686599303}, 
   {-0.5773502686599294, 0., -0.5773502685235523, 0.5773502685235513}, 
   {-0.5773502686599294, 0.5773502685235523, 0., -0.5773502685235514}, 
   {-0.5773502686599303, -0.5773502685235513, 0.5773502685235514, 0.}}, 
  {{0., 0.577350268659929, 0.577350268659929, 0.577350268659931}, 
   {-0.577350268659929, 0., -0.577350268523553, 0.577350268523551}, 
   {-0.577350268659929, 0.577350268523553, 0., -0.577350268523551}, 
   {-0.577350268659931, -0.577350268523551, 0.577350268523551, 0.}}}, {0, 0}, 
 {{-0.1400000012797096, 0.7199999979312739}, {-5.720000000207728, 
   -1.0000000004906937, -1.8599999996131702}, {-1.0000000003891223, 
   -0.1400000011781387}, {{2, 6.754671450877283*^-6}}, 
  {{2, 1.181068459605768*^-10}}, {0.037037036780665, 
   1.4656566971377585*^-27}}}
