{9, 32, {{{-0.5244527255220712, 0, -0.00025429435257889, 
    0.0002542943525788875}, {0, 0.9986334657312554, 0.000056025458713242676, 
    0.00005602545871303798}, {-0.0002542943525788526, 0.00005602545871294268, 
    -0.000018103443606852856, 0.0006167631945724159}, 
   {0.00025429435257888575, 0.0000560254587130115, 0.000616763194572513, 
    -0.000018103443606570964}}, {{-0.5244527255220712, 0.0002542943525788814, 
    0, -0.0002542943525788808}, {0.00025429435257885984, 
    -0.00001810344360683551, 0.00005602545871294482, 0.0006167631945724262}, 
   {0, 0.00005602545871325363, 0.9986334657312554, 0.00005602545871305494}, 
   {-0.00025429435257888093, 0.00061676319457253, 0.000056025458712990355, 
    -0.000018103443606753977}}, 
  {{-0.5244527255220717, -0.0002542943525788309, 0.0002542943525788403, 0}, 
   {-0.00025429435257881067, -0.000018103443606971685, 0.000616763194572533, 
    0.000056025458713017284}, {0.0002542943525787875, 0.000616763194572537, 
    -0.00001810344360692051, 0.00005602545871299258}, 
   {0, 0.000056025458713037125, 0.00005602545871304809, 0.998633465731256}}}, 
 {{{0., 0.010911552997098, 0.010911552997097992, 0.010911552997098017}, 
   {-0.010911552997098, 0., -0.011204180167419956, 0.011204180167419878}, 
   {-0.010911552997097992, 0.011204180167419956, 0., -0.011204180167419902}, 
   {-0.010911552997098017, -0.011204180167419878, 0.011204180167419902, 0.}}, 
  {{0., 0.010911552997098003, 0.010911552997098, 0.010911552997098024}, 
   {-0.010911552997098003, 0., -0.011204180167419923, 0.011204180167419978}, 
   {-0.010911552997098, 0.011204180167419923, 0., -0.011204180167419978}, 
   {-0.010911552997098024, -0.011204180167419978, 0.011204180167419978, 
    0.}}}, {0, 0}, {{-1.5689194036820884, -1.5662734926968263}, 
  {-6.29843855495856, -1.5715653146673527, -1.5776539628119273}, 
  {-1.571600793826219, -1.568954882840957}, {{2, 0.005207963390698737}, 
   {3, 0.0020431773877212338}, {4, 0.000801977506795868}, 
   {5, 0.0003148567322193187}, {6, 0.00012362387791973323}, 
   {7, 0.000048540819949680764}, {8, 0.000019059781636330403}}, 
  {{2, 0.1061220566261077}, {3, 0.04597463264233814}, 
   {4, 0.0255318406554825}, {5, 0.017922627754619457}, 
   {6, 0.014995545535758097}, {7, 0.013855357478011067}, 
   {8, 0.013409052331952932}}, {1.978246941513442*^-12, 0.991828754640672}}}
