{11, 32, {{{-0.5237968083442346, 0, -0.0006414973515732577, 
    0.0006414973515732412}, {0, 0.9966350642848583, 0.00010753848037518116, 
    0.00010753848037510895}, {-0.0006414973515732233, 0.00010753848037519157, 
    -8.189516577664785*^-6, 0.0015532664466394786}, 
   {0.0006414973515732477, 0.00010753848037504612, 0.00155326644663958, 
    -8.18951657754162*^-6}}, {{-0.5237968083442345, 0.0006414973515732377, 0, 
    -0.0006414973515732369}, {0.0006414973515732111, -8.189516577617947*^-6, 
    0.00010753848037518891, 0.0015532664466394804}, 
   {0, 0.00010753848037518485, 0.9966350642848582, 0.00010753848037508266}, 
   {-0.0006414973515732427, 0.0015532664466395047, 0.00010753848037506843, 
    -8.18951657763356*^-6}}, {{-0.5237968083442347, -0.000641497351573221, 
    0.0006414973515732279, 0}, {-0.0006414973515731802, 
    -8.189516577676928*^-6, 0.001553266446639614, 0.00010753848037505751}, 
   {0.0006414973515731749, 0.0015532664466395545, -8.189516577578049*^-6, 
    0.00010753848037507754}, {0, 0.00010753848037508282, 
    0.00010753848037506802, 0.9966350642848583}}}, 
 {{{0., 0.01749607190352702, 0.017496071903527005, 0.017496071903527026}, 
   {-0.01749607190352702, 0., -0.017445161882884298, 0.017445161882884246}, 
   {-0.017496071903527005, 0.017445161882884298, 0., -0.01744516188288425}, 
   {-0.017496071903527026, -0.017445161882884246, 0.01744516188288425, 0.}}, 
  {{0., 0.01749607190352702, 0.01749607190352702, 0.01749607190352705}, 
   {-0.01749607190352702, 0., -0.01744516188288419, 0.017445161882884357}, 
   {-0.01749607190352702, 0.01744516188288419, 0., -0.017445161882884364}, 
   {-0.01749607190352705, -0.017445161882884357, 0.017445161882884364, 0.}}}, 
 {0, 0}, {{-1.5603542360618854, -1.5536873372585336}, 
  {-6.298380938909263, -1.5670211348652394, -1.5821693345893921}, 
  {-1.5670114352035782, -1.5603445364002264}, {{2, 0.0083606003429124}, 
   {3, 0.0032908602356788996}, {4, 0.0012970536905634877}, 
   {5, 0.0005115145844546559}, {6, 0.000201772087294258}, 
   {7, 0.00007959858936340547}, {8, 0.00003140262900380719}, 
   {9, 0.000012388910372529427}, {10, 4.887680024059926*^-6}}, 
  {{2, 0.08901545225089483}, {3, 0.030564431517448948}, 
   {4, 0.010659483241721454}, {5, 0.0032250219796621125}, 
   {6, 0.0003533198683913631}, {7, 0.0007702980175564296}, 
   {8, 0.0012121506547282442}, {9, 0.001386248029163367}, 
   {10, 0.001454898588764842}}, {2.8187075782363857*^-11, 
   0.9799794675057837}}}
