{10, 32, {{{-0.4947507156603784, 0, -0.00006870941564719747, 
    0.00006870941564722348}, {0, 0.9723030870109266, -0.014453906593475736, 
    -0.014453906593475707}, {-0.00006870941564724133, -0.014453906593475608, 
    0.01690892234541486, 0.025747685115547113}, {0.00006870941564722667, 
    -0.014453906593475922, 0.025747685115547307, 0.016908922345415286}}, 
  {{-0.4947507156603785, 0.00006870941564721537, 0, -0.00006870941564723626}, 
   {0.00006870941564723525, 0.01690892234541505, -0.01445390659347561, 
    0.025747685115546943}, {0, -0.014453906593475712, 0.9723030870109264, 
    -0.014453906593475507}, {-0.00006870941564721231, 0.02574768511554701, 
    -0.014453906593475615, 0.016908922345415273}}, 
  {{-0.4947507156603784, -0.00006870941564724383, 0.00006870941564723043, 0}, 
   {-0.00006870941564721419, 0.01690892234541505, 0.0257476851155472, 
    -0.014453906593475825}, {0.00006870941564722349, 0.025747685115547085, 
    0.016908922345414773, -0.014453906593475518}, 
   {0, -0.014453906593475889, -0.014453906593475743, 0.9723030870109267}}}, 
 {{{0., 0.0926547561358051, 0.09265475613580511, 0.0926547561358052}, 
   {-0.0926547561358051, 0., -0.0002702803970920241, 0.0002702803970920676}, 
   {-0.09265475613580511, 0.0002702803970920241, 0., -0.0002702803970920707}, 
   {-0.0926547561358052, -0.0002702803970920676, 0.0002702803970920707, 0.}}, 
  {{0., 0.09265475613580507, 0.09265475613580507, 0.09265475613580537}, 
   {-0.09265475613580507, 0., -0.00027028039709213426, 
    0.0002702803970920587}, {-0.09265475613580507, 0.00027028039709213426, 
    0., -0.0002702803970920454}, {-0.09265475613580537, 
    -0.0002702803970920587, 0.0002702803970920454, 0.}}}, {0, 0}, 
 {{-1.3886562833210496, -1.3084149107259901}, 
  {-6.298469303373816, -1.46889765591611, -1.6803369957707979}, 
  {-1.4288940044635927, -1.3486526318685332}, {{2, 0.017562445627416934}, 
   {3, 0.007457832460914887}, {4, 0.0032143058174665395}, 
   {5, 0.0013945690590432824}, {6, 0.0006068200855431916}, 
   {7, 0.0002643836872836536}, {8, 0.00011525286382946254}, 
   {9, 0.00005025445555820185}}, {{2, 0.4984762181090555}, 
   {3, 0.4985154510159874}, {4, 0.4985306307897548}, {5, 0.4985369119595031}, 
   {6, 0.49853958895554096}, {7, 0.49854074475774557}, 
   {8, 0.49854124661602156}, {9, 0.4985414650668557}}, 
  {3.8984080024882146*^-22, 0.8449091000760521}}}
