{56, 40, {{{-0.49968341398131527, 0, -0.015690806424076595, 
    0.01569080642407654}, {0, 0.9338802686260483, -0.0007851211645090762, 
    -0.000785121164509078}, {-0.015690806424076546, -0.0007851211645091569, 
    0.004052688611141755, 0.03473216717771879}, {0.015690806424076525, 
    -0.0007851211645091768, 0.03473216717771874, 0.004052688611141846}}, 
  {{-0.4996834139813153, 0.015690806424076602, 0, -0.015690806424076536}, 
   {0.015690806424076553, 0.004052688611141752, -0.00078512116450915, 
    0.03473216717771879}, {0, -0.0007851211645090684, 0.9338802686260484, 
    -0.0007851211645090895}, {-0.015690806424076525, 0.03473216717771876, 
    -0.000785121164509193, 0.00405268861114183}}, 
  {{-0.4996834139813153, -0.015690806424076505, 0.015690806424076494, 0}, 
   {-0.015690806424076487, 0.004052688611141717, 0.03473216717771878, 
    -0.0007851211645090918}, {0.01569080642407649, 0.034732167177718765, 
    0.004052688611141719, -0.000785121164509099}, 
   {0, -0.0007851211645092358, -0.0007851211645092207, 0.9338802686260483}}}, 
 {{{0., 0.17087227750631828, 0.17087227750631834, 0.17087227750631884}, 
   {-0.17087227750631828, 0., -0.14935827598003343, 0.14935827598003276}, 
   {-0.17087227750631834, 0.14935827598003343, 0., -0.1493582759800327}, 
   {-0.17087227750631884, -0.14935827598003276, 0.1493582759800327, 0.}}, 
  {{0., 0.17087227750631828, 0.17087227750631834, 0.17087227750631911}, 
   {-0.17087227750631828, 0., -0.14935827598003298, 0.14935827598003346}, 
   {-0.17087227750631834, 0.14935827598003298, 0., -0.1493582759800334}, 
   {-0.17087227750631911, -0.14935827598003346, 0.1493582759800334, 0.}}}, 
 {0, 0}, {{-1.3099497685435726, -1.1323740887960012}, 
  {-6.269165981425553, -1.487525448291144, -1.6470575424216327}, 
  {-1.476346445175852, -1.2987707654282805}, {{2, 0.022685225681520482}, 
   {3, 0.018701930738131936}, {4, 0.015498317150468122}, 
   {5, 0.012915254842862378}, {6, 0.010820460190323372}, 
   {7, 0.009109779426879128}, {8, 0.007702894484016093}, 
   {9, 0.006538125900065778}, {10, 0.005567930260689025}, 
   {11, 0.004755391650729385}, {12, 0.004071594766093228}, 
   {13, 0.0034936840266947544}, {14, 0.003003431322348926}, 
   {15, 0.002586174443961975}, {16, 0.0022300246733463758}, 
   {17, 0.0019252703357594547}, {18, 0.001663923851734278}, 
   {19, 0.0014393746430513832}, {20, 0.0012461207569901545}, 
   {21, 0.0010795595241860079}, {22, 0.0009358228668470137}, 
   {23, 0.0008116466666574229}, {24, 0.0007042663325728393}, 
   {25, 0.0006113326890005155}, {26, 0.000530843751358645}, 
   {27, 0.00046108902041708255}, {28, 0.0004006037158429676}, 
   {29, 0.0003481309585338932}, {30, 0.00030259035442409266}, 
   {31, 0.0002630517680771993}, {32, 0.00022871333039092834}, 
   {33, 0.00019888292137737462}, {34, 0.00017296252105541976}, 
   {35, 0.0001504349398961935}, {36, 0.00013085253307301703}, 
   {37, 0.00011382757599598392}, {38, 0.00009902403676761984}, 
   {39, 0.00008615052767635412}, {40, 0.0000749542552253013}, 
   {41, 0.00006521581844040614}, {42, 0.00005674472981631595}, 
   {43, 0.000049375553408087525}, {44, 0.0000429645711527149}, 
   {45, 0.00003738690221843921}, {46, 0.00003253401157413127}, 
   {47, 0.00002831155348406722}, {48, 0.000024637503610286382}, 
   {49, 0.0000214405401131601}, {50, 0.000018658639812957345}, 
   {51, 0.000016237860275963856}, {52, 0.000014131282772111842}, 
   {53, 0.000012298094528628845}, {54, 0.00001070279167683652}, 
   {55, 9.314486832001645*^-6}}, {{2, 0.8685584264281365}, 
   {3, 0.4995994816708316}, {4, 0.32075806909375865}, 
   {5, 0.2167720647267733}, {6, 0.14968916632350393}, 
   {7, 0.10339842078187361}, {8, 0.069915016476314}, {9, 0.0448414871693482}, 
   {10, 0.025562575448733835}, {11, 0.010428928210552142}, 
   {12, 0.0016490311338777984}, {13, 0.011418695389046657}, 
   {14, 0.01940897468363198}, {15, 0.02600412260319651}, 
   {16, 0.03148962295847045}, {17, 0.03608171190740595}, 
   {18, 0.03994694429118188}, {19, 0.04321550174457489}, 
   {20, 0.045990453100901385}, {21, 0.0483543302984518}, 
   {22, 0.05037388378320865}, {23, 0.052103578466262325}, 
   {24, 0.05358820257013683}, {25, 0.054864841328304305}, 
   {26, 0.05596438908654309}, {27, 0.05691272128279752}, 
   {28, 0.05773161259670887}, {29, 0.05843946340418517}, 
   {30, 0.05905187984553221}, {31, 0.05958214093590306}, 
   {32, 0.06004157765501398}, {33, 0.06043988281255659}, 
   {34, 0.0607853659973286}, {35, 0.061085164603821906}, 
   {36, 0.06134541945914769}, {37, 0.061571421714201546}, 
   {38, 0.06176773625209575}, {39, 0.06193830578709779}, 
   {40, 0.06208653899419116}, {41, 0.0622153853615427}, 
   {42, 0.0623273989505652}, {43, 0.06242479284763135}, 
   {44, 0.06250948577302093}, {45, 0.06258314205778576}, 
   {46, 0.06264720599383913}, {47, 0.06270293139605645}, 
   {48, 0.06275140707933224}, {49, 0.06279357884208477}, 
   {50, 0.06283026845576171}, {51, 0.06286219008366452}, 
   {52, 0.06288996448889894}, {53, 0.06291413133811238}, 
   {54, 0.06293515986302287}, {55, 0.06295345810407971}}, 
  {0.00001110134889248231, 0.6633568182783037}}}
