{3, 40, {{{-0.00001028043197570856, 0, -2.880032394478088*^-6, 
    2.8800323944838192*^-6}, {0, 0.000014618659924620056, 
    7.109184211245981*^-7, 7.109184211255621*^-7}, 
   {-2.88003239447881*^-6, 7.109184211269939*^-7, -2.1691139727895495*^-6, 
    8.858595130690909*^-6}, {2.8800323944801783*^-6, 7.10918421120834*^-7, 
    8.85859513068921*^-6, -2.1691139727867263*^-6}}, 
  {{-0.000010280431975712684, 2.8800323944799987*^-6, 0, 
    -2.880032394480285*^-6}, {2.8800323944776274*^-6, -2.169113972785426*^-6, 
    7.109184211255687*^-7, 8.858595130690895*^-6}, 
   {0, 7.109184211269398*^-7, 0.000014618659924615147, 7.10918421124426*^-7}, 
   {-2.8800323944806013*^-6, 8.858595130692652*^-6, 7.109184211243469*^-7, 
    -2.1691139727860444*^-6}}, {{-0.000010280431975713219, 
    -2.8800323944813078*^-6, 2.8800323944828875*^-6, 0}, 
   {-2.88003239448062*^-6, -2.169113972785443*^-6, 8.858595130690441*^-6, 
    7.109184211228137*^-7}, {2.880032394482535*^-6, 8.858595130687578*^-6, 
    -2.1691139727841894*^-6, 7.109184211249336*^-7}, 
   {0, 7.109184211274476*^-7, 7.109184211208513*^-7, 
    0.000014618659924620668}}}, 
 {{{0., 0.5773502690837309, 0.5773502690837309, 0.5773502690837319}, 
   {-0.5773502690837309, 0., -0.577350269069942, 0.5773502690699412}, 
   {-0.5773502690837309, 0.577350269069942, 0., -0.5773502690699412}, 
   {-0.5773502690837319, -0.5773502690699412, 0.5773502690699412, 0.}}, 
  {{0., 0.5773502690837307, 0.5773502690837307, 0.5773502690837323}, 
   {-0.5773502690837307, 0., -0.5773502690699426, 0.5773502690699408}, 
   {-0.5773502690837307, 0.5773502690699426, 0., -0.5773502690699407}, 
   {-0.5773502690837323, -0.5773502690699408, 0.5773502690699407, 0.}}}, 
 {0, 0}, {{-0.0600000002564385, 0.8799999995711519}, 
  {-5.879999999995464, -1.0000000000840288, -1.9399999999137032}, 
  {-1.0000000000728035, -0.060000000245213014}, {{2, 3.478641523438082*^-6}}, 
  {{2, 1.1942303370950665*^-11}}, {0.037037036990970516, 
   9.759900251331017*^-30}}}
