{3, 28, {{{-0.5144520503088812, 0, -0.005845092242503843, 
    0.005845092242503834}, {0, 0.9742259782636945, -0.000706652492442787, 
    -0.000706652492442803}, {-0.005845092242503815, -0.0007066524924428889, 
    0.0018210900286094057, 0.01362889596967431}, 
   {0.005845092242503821, -0.0007066524924428243, 0.013628895969674239, 
    0.0018210900286093458}}, {{-0.514452050308881, 0.005845092242503847, 0, 
    -0.005845092242503839}, {0.005845092242503807, 0.0018210900286094386, 
    -0.0007066524924428689, 0.013628895969674287}, 
   {0, -0.0007066524924427913, 0.9742259782636944, -0.000706652492442756}, 
   {-0.005845092242503822, 0.013628895969674266, -0.0007066524924428261, 
    0.0018210900286093346}}, {{-0.514452050308881, -0.005845092242503803, 
    0.005845092242503796, 0}, {-0.005845092242503767, 0.0018210900286093432, 
    0.013628895969674308, -0.0007066524924427622}, 
   {0.005845092242503775, 0.01362889596967428, 0.0018210900286093623, 
    -0.0007066524924428153}, {0, -0.0007066524924428893, 
    -0.000706652492442839, 0.9742259782636942}}}, 
 {{{0., 0.05467171913761811, 0.05467171913761812, 0.05467171913761816}, 
   {-0.05467171913761811, 0., -0.045749474782218295, 0.04574947478221805}, 
   {-0.05467171913761812, 0.045749474782218295, 0., -0.04574947478221803}, 
   {-0.05467171913761816, -0.04574947478221805, 0.04574947478221803, 0.}}, 
  {{0., 0.05467171913761812, 0.054671719137618105, 0.054671719137618265}, 
   {-0.05467171913761812, 0., -0.045749474782218136, 0.045749474782218316}, 
   {-0.054671719137618105, 0.045749474782218136, 0., -0.0457494747822183}, 
   {-0.054671719137618265, -0.045749474782218316, 0.0457494747822183, 0.}}}, 
 {0, 0}, {{-1.4557281293960924, -1.3989116122259984}, 
  {-6.29365553767413, -1.5125446465661865, -1.6342831222708787}, 
  {-1.5079085124038574, -1.4510919952337633}, {{2, 0.00030679588483348286}}, 
  {{2, 0.08159835190970609}}, {9.168888165463472*^-9, 0.8549844902458323}}}
