{3, 28, {{{-0.5237938193481737, 0, -0.0005397658317468016, 
    0.0005397658317468166}, {0, 0.9973475398076614, -0.00007636778310106954, 
    -0.00007636778310099771}, {-0.0005397658317467845, 
    -0.00007636778310086108, 0.00017512171092672925, 0.0013758234741948502}, 
   {0.0005397658317468032, -0.00007636778310097554, 0.0013758234741948925, 
    0.0001751217109269461}}, {{-0.5237938193481737, 0.0005397658317468138, 0, 
    -0.000539765831746824}, {0.0005397658317467869, 0.0001751217109267015, 
    -0.00007636778310085847, 0.0013758234741949016}, 
   {0, -0.00007636778310107225, 0.9973475398076614, -0.00007636778310102844}, 
   {-0.0005397658317468051, 0.001375823474194867, -0.00007636778310093323, 
    0.00017512171092678996}}, {{-0.5237938193481739, -0.0005397658317467804, 
    0.0005397658317467728, 0}, {-0.0005397658317467596, 
    0.0001751217109266165, 0.0013758234741948594, -0.00007636778310097557}, 
   {0.0005397658317467607, 0.0013758234741949472, 0.0001751217109267067, 
    -0.0000763677831009301}, {0, -0.00007636778310100286, 
    -0.0000763677831010491, 0.9973475398076617}}}, 
 {{{0., 0.017557201713356545, 0.01755720171335655, 0.017557201713356584}, 
   {-0.017557201713356545, 0., -0.01463951780357856, 0.014639517803578504}, 
   {-0.01755720171335655, 0.01463951780357856, 0., -0.014639517803578528}, 
   {-0.017557201713356584, -0.014639517803578504, 0.014639517803578528, 0.}}, 
  {{0., 0.017557201713356563, 0.017557201713356556, 0.017557201713356604}, 
   {-0.017557201713356563, 0., -0.014639517803578458, 0.014639517803578622}, 
   {-0.017557201713356556, 0.014639517803578458, 0., -0.014639517803578635}, 
   {-0.017557201713356604, -0.014639517803578622, 0.014639517803578635, 
    0.}}}, {0, 0}, {{-1.5620562041948352, -1.555974211113582}, 
  {-6.29843712178345, -1.56813819727609, -1.581080363615635}, 
  {-1.5676328395988728, -1.5615508465176196}, {{2, 0.00010418752093446088}}, 
  {{2, 0.08309080106878305}}, {9.843751304001844*^-12, 0.9841903995336796}}}
