{3, 28, {{{-0.5204455948331408, 0, -0.002322635745444359, 
    0.002322635745444354}, {0, 0.989104306825318, -0.0003068494125711129, 
    -0.00030684941257109425}, {-0.0023226357454443312, 
    -0.0003068494125709753, 0.000736696039893815, 0.005697018064976482}, 
   {0.002322635745444364, -0.00030684941257103516, 0.0056970180649764095, 
    0.0007366960398938948}}, {{-0.5204455948331407, 0.002322635745444353, 0, 
    -0.0023226357454443495}, {0.0023226357454443217, 0.000736696039893848, 
    -0.00030684941257097054, 0.005697018064976413}, 
   {0, -0.00030684941257111734, 0.9891043068253179, -0.00030684941257102735}, 
   {-0.002322635745444363, 0.005697018064976442, -0.0003068494125711135, 
    0.0007366960398938749}}, {{-0.5204455948331408, -0.0023226357454443057, 
    0.0023226357454443156, 0}, {-0.0023226357454442627, 
    0.0007366960398936962, 0.005697018064976527, -0.0003068494125710304}, 
   {0.0023226357454442627, 0.005697018064976348, 0.0007366960398937916, 
    -0.00030684941257109837}, {0, -0.000306849412571082, 
    -0.0003068494125710551, 0.9891043068253182}}}, 
 {{{0., 0.035567676282157075, 0.035567676282157075, 0.0355676762821571}, 
   {-0.035567676282157075, 0., -0.029696903516313964, 0.029696903516313936}, 
   {-0.035567676282157075, 0.029696903516313964, 0., -0.029696903516313926}, 
   {-0.0355676762821571, -0.029696903516313936, 0.029696903516313926, 0.}}, 
  {{0., 0.03556767628215707, 0.03556767628215707, 0.03556767628215718}, 
   {-0.03556767628215707, 0., -0.02969690351631389, 0.029696903516314085}, 
   {-0.03556767628215707, 0.02969690351631389, 0., -0.0296969035163141}, 
   {-0.03556767628215718, -0.029696903516314085, 0.0296969035163141, 0.}}}, 
 {0, 0}, {{-1.5234781077703667, -1.4988360987992224}, 
  {-6.297606403077733, -1.5481201167415093, -1.6006830847973572}, 
  {-1.5460864213994838, -1.5214444124283395}, {{2, 0.0002068376085950091}}, 
  {{2, 0.082529608052976}}, {6.859097998735763*^-10, 0.9363809234908792}}}
