{10, 32, {{{-0.5244375195540387, 0, -0.0002620355830049583, 
    0.0002620355830049484}, {0, 0.9985961649967534, 0.0000549561638385338, 
    0.000054956163838294054}, {-0.00026203558300493836, 
    0.00005495616383837095, -0.000015643472924177764, 0.0006361219003261061}, 
   {0.0002620355830049542, 0.00005495616383836469, 0.0006361219003261104, 
    -0.000015643472923958755}}, {{-0.5244375195540387, 0.0002620355830049496, 
    0, -0.00026203558300494617}, {0.00026203558300491966, 
    -0.000015643472924143503, 0.000054956163838372726, 
    0.0006361219003260597}, {0, 0.00005495616383853568, 0.9985961649967537, 
    0.000054956163838365726}, {-0.00026203558300494644, 
    0.0006361219003262136, 0.00005495616383829622, -0.00001564347292415391}}, 
  {{-0.524437519554039, -0.0002620355830049031, 0.00026203558300490453, 0}, 
   {-0.00026203558300487315, -0.000015643472924462692, 0.0006361219003263537, 
    0.0000549561638383788}, {0.00026203558300488155, 0.00063612190032619, 
    -0.000015643472924403712, 0.000054956163838305824}, 
   {0, 0.00005495616383829496, 0.000054956163838360204, 
    0.9985961649967547}}}, 
 {{{0., 0.011108374373245671, 0.011108374373245678, 0.011108374373245673}, 
   {-0.011108374373245671, 0., -0.01133791342382698, 0.011337913423826977}, 
   {-0.011108374373245678, 0.01133791342382698, 0., -0.011337913423826963}, 
   {-0.011108374373245673, -0.011337913423826977, 0.011337913423826963, 0.}}, 
  {{0., 0.011108374373245652, 0.011108374373245668, 0.011108374373245685}, 
   {-0.011108374373245652, 0., -0.011337913423826968, 0.011337913423827032}, 
   {-0.011108374373245668, 0.011337913423826968, 0., -0.011337913423827024}, 
   {-0.011108374373245685, -0.011337913423827032, 0.011337913423827024, 
    0.}}}, {0, 0}, {{-1.5687419571947068, -1.5660098390245452}, 
  {-6.298436416891821, -1.5714740753648684, -1.5777441330810422}, 
  {-1.5715023030690216, -1.56877018489886}, {{2, 0.00530022206404294}, 
   {3, 0.0020795031353652536}, {4, 0.0008163021628953479}, 
   {5, 0.00032050915040728045}, {6, 0.00012585483530234282}, 
   {7, 0.00004942142977625713}, {8, 0.000019407383797902245}, 
   {9, 7.621161388943198*^-6}}, {{2, 0.10269475521943688}, 
   {3, 0.04288903641695727}, {4, 0.022561639566284354}, 
   {5, 0.014994868230270153}, {6, 0.012083873224463118}, 
   {7, 0.01094985082399354}, {8, 0.01050591827588929}, 
   {9, 0.010331802065213086}}, {2.124216697953361*^-12, 0.9916064959972613}}}
