{17, 40, {{{-0.5180759406603388, 0, -0.004296142100332428, 
    0.004296142100332401}, {0, 0.9793521796573601, 0.0005269914829268796, 
    0.0005269914829268444}, {-0.004296142100332384, 0.000526991482926857, 
    0.00020518397476676845, 0.009905669303060655}, 
   {0.004296142100332389, 0.0005269914829267898, 0.00990566930306064, 
    0.0002051839747668812}}, {{-0.5180759406603386, 0.004296142100332435, 0, 
    -0.004296142100332403}, {0.0042961421003323945, 0.00020518397476679447, 
    0.0005269914829268666, 0.00990566930306067}, {0, 0.0005269914829268737, 
    0.97935217965736, 0.0005269914829268314}, {-0.004296142100332389, 
    0.00990566930306063, 0.0005269914829267991, 0.0002051839747669315}}, 
  {{-0.5180759406603388, -0.004296142100332372, 0.004296142100332367, 0}, 
   {-0.0042961421003323355, 0.00020518397476673722, 0.009905669303060704, 
    0.0005269914829268362}, {0.004296142100332332, 0.009905669303060687, 
    0.0002051839747666817, 0.0005269914829268442}, 
   {0, 0.0005269914829267692, 0.0005269914829267691, 0.97935217965736}}}, 
 {{{0., 0.08822734366640825, 0.08822734366640822, 0.08822734366640861}, 
   {-0.08822734366640825, 0., -0.0860135270761049, 0.08601352707610449}, 
   {-0.08822734366640822, 0.0860135270761049, 0., -0.08601352707610449}, 
   {-0.08822734366640861, -0.08601352707610449, 0.08601352707610449, 0.}}, 
  {{0., 0.08822734366640822, 0.0882273436664082, 0.08822734366640869}, 
   {-0.08822734366640822, 0., -0.08601352707610459, 0.086013527076105}, 
   {-0.0882273436664082, 0.08601352707610459, 0., -0.08601352707610502}, 
   {-0.08822734366640869, -0.086013527076105, 0.08601352707610502, 0.}}}, 
 {0, 0}, {{-1.4874191857506298, -1.4293497738487446}, 
  {-6.295765578318768, -1.5454885976525112, -1.602394191506873}, 
  {-1.544760053518034, -1.4866906416161487}, {{2, 0.00017038208850872483}, 
   {3, 0.0001375878276779624}, {4, 0.00011110451921815534}, 
   {5, 0.00008972224779382754}, {6, 0.00007245721233266333}, 
   {7, 0.00005851586802084474}, {8, 0.00004725787748796617}, 
   {9, 0.00003816644111295786}, {10, 0.00003082440400747899}, 
   {11, 0.000024895004603051052}, {12, 0.000020106356053178898}, 
   {13, 0.000016238932025555708}, {14, 0.000013115472200495026}, 
   {15, 0.000010592837621919982}, {16, 8.555437968960078*^-6}}, 
  {{2, 0.008992551347807017}, {3, 0.009717126829402928}, 
   {4, 0.010300477807885757}, {5, 0.010770441277119784}, 
   {6, 0.011149242237065878}, {7, 0.011454684891199428}, 
   {8, 0.011701054270511817}, {9, 0.011899826381442083}, 
   {10, 0.012060230044947213}, {11, 0.012189693097360482}, 
   {12, 0.012294197865164102}, {13, 0.012378565088542163}, 
   {14, 0.012446681171785996}, {15, 0.012501680384183944}, 
   {16, 0.012546091145360552}}, {4.0494919543041617*^-7, 0.8823347124372937}}}
