{16, 40, {{{-0.5187510284664033, 0, -0.0038083862175911274, 
    0.003808386217591101}, {0, 0.9816215040640994, 0.00041879845696439814, 
    0.00041879845696433525}, {-0.0038083862175910853, 0.0004187984569643049, 
    0.00022725396688831525, 0.008836479132755445}, 
   {0.003808386217591081, 0.0004187984569642871, 0.008836479132755447, 
    0.0002272539668884319}}, {{-0.5187510284664035, 0.003808386217591127, 0, 
    -0.003808386217591101}, {0.0038083862175910957, 0.0002272539668883352, 
    0.00041879845696432636, 0.008836479132755442}, 
   {0, 0.0004187984569643799, 0.9816215040640992, 0.0004187984569643562}, 
   {-0.003808386217591087, 0.008836479132755464, 0.00041879845696428847, 
    0.00022725396688849653}}, {{-0.5187510284664034, -0.003808386217591063, 
    0.0038083862175910628, 0}, {-0.0038083862175910498, 
    0.0002272539668883378, 0.008836479132755464, 0.0004187984569643539}, 
   {0.00380838621759105, 0.008836479132755471, 0.00022725396688833, 
    0.0004187984569643297}, {0, 0.0004187984569642687, 
    0.00041879845696428635, 0.9816215040640994}}}, 
 {{{0., 0.08370021896956711, 0.08370021896956714, 0.08370021896956753}, 
   {-0.08370021896956711, 0., -0.08094066998711039, 0.08094066998711001}, 
   {-0.08370021896956714, 0.08094066998711039, 0., -0.08094066998710997}, 
   {-0.08370021896956753, -0.08094066998711001, 0.08094066998710997, 0.}}, 
  {{0., 0.08370021896956714, 0.08370021896956713, 0.08370021896956761}, 
   {-0.08370021896956714, 0., -0.08094066998711003, 0.08094066998711046}, 
   {-0.08370021896956713, 0.08094066998711003, 0., -0.08094066998711048}, 
   {-0.08370021896956761, -0.08094066998711046, 0.08094066998711048, 0.}}}, 
 {0, 0}, {{-1.4964783828910553, -1.4442880914214786}, 
  {-6.296316319102133, -1.5486686743606284, -1.5994894851904382}, 
  {-1.5478083321327842, -1.4956180406632074}, {{2, 0.00016236593374024944}, 
   {3, 0.0001306211170067767}, {4, 0.0001050828174640056}, 
   {5, 0.0000845404545233297}, {6, 0.00006801565101335894}, 
   {7, 0.00005472204644893508}, {8, 0.000044027416403621955}, 
   {9, 0.00003542338252679467}, {10, 0.00002850110197888389}, 
   {11, 0.000022931746642446127}, {12, 0.00001845082221539618}, 
   {13, 0.000014845567827825867}, {14, 0.000011944828397503215}, 
   {15, 9.610912767576973*^-6}}, {{2, 0.013023051020680293}, 
   {3, 0.013746725709797585}, {4, 0.014327180970414109}, 
   {5, 0.014793064129876608}, {6, 0.015167172742172247}, 
   {7, 0.015467703602648472}, {8, 0.015709203846666714}, 
   {9, 0.015903317589438727}, {10, 0.016059374709575677}, 
   {11, 0.01618485690986666}, {12, 0.016285767778126792}, 
   {13, 0.016366927364961058}, {14, 0.0164322071572572}, 
   {15, 0.01648471782051374}}, {2.8119058138114697*^-7, 0.8946731060897705}}}
