{3, 32, {{{-0.4946841431467892, 0, -0.00004588524139740209, 
    0.0000458852413974117}, {0, 0.9722390771093976, -0.014486709438912629, 
    -0.014486709438912424}, {-0.00004588524139743958, -0.014486709438912705, 
    0.016946459496249705, 0.025803091765180003}, {0.000045885241397428345, 
    -0.0144867094389125, 0.025803091765179947, 0.01694645949624942}}, 
  {{-0.49468414314678927, 0.00004588524139741114, 0, 
    -0.000045885241397427335}, {0.00004588524139742848, 0.016946459496249636, 
    -0.014486709438912717, 0.025803091765180388}, 
   {0, -0.014486709438912632, 0.9722390771093976, -0.01448670943891258}, 
   {-0.00004588524139741011, 0.02580309176518026, -0.014486709438912563, 
    0.016946459496248983}}, {{-0.4946841431467892, -0.00004588524139741352, 
    0.00004588524139743641, 0}, {-0.00004588524139743718, 
    0.016946459496249407, 0.025803091765180194, -0.014486709438912435}, 
   {0.00004588524139739386, 0.0258030917651801, 0.016946459496249622, 
    -0.014486709438912525}, {0, -0.014486709438912598, -0.014486709438912778, 
    0.9722390771093967}}}, 
 {{{0., 0.09275676951735673, 0.09275676951735673, 0.09275676951735677}, 
   {-0.09275676951735673, 0., -0.00018024281587848811, 
    0.00018024281587850159}, {-0.09275676951735673, 0.00018024281587848811, 
    0., -0.00018024281587857791}, {-0.09275676951735677, 
    -0.00018024281587850159, 0.00018024281587857791, 0.}}, 
  {{0., 0.09275676951735667, 0.0927567695173567, 0.09275676951735695}, 
   {-0.09275676951735667, 0., -0.00018024281587861944, 
    0.00018024281587861011}, {-0.0927567695173567, 0.00018024281587861944, 
    0., -0.00018024281587855103}, {-0.09275676951735695, 
    -0.00018024281587861011, 0.00018024281587855103, 0.}}}, {0, 0}, 
 {{-1.3883355004799416, -1.3080057817049329}, 
  {-6.298486938239024, -1.4686652192549503, -1.6805782498645616}, 
  {-1.4285784072961463, -1.3482486885211376}, {{2, 0.00006191539101432775}}, 
  {{2, 0.499028411528256}}, {3.428844434062642*^-23, 0.8445754161740561}}}
