{12, 32, {{{-0.5210035778148409, 0, -0.0024886732871217806, 
    0.0024886732871217845}, {0, 0.9872831285455748, 0.0005424780395508874, 
    0.0005424780395509208}, {-0.0024886732871217455, 0.0005424780395508939, 
    -0.00014930946907820968, 0.005835561694678247}, 
   {0.0024886732871217615, 0.0005424780395508644, 0.0058355616946782, 
    -0.00014930946907831723}}, {{-0.5210035778148407, 0.002488673287121776, 
    0, -0.0024886732871217815}, {0.0024886732871217346, 
    -0.00014930946907816935, 0.0005424780395508875, 0.005835561694678263}, 
   {0, 0.0005424780395508935, 0.9872831285455748, 0.0005424780395509134}, 
   {-0.002488673287121765, 0.0058355616946781964, 0.0005424780395508806, 
    -0.0001493094690783736}}, {{-0.5210035778148407, -0.0024886732871217338, 
    0.0024886732871217277, 0}, {-0.0024886732871216943, 
    -0.00014930946907827473, 0.005835561694678153, 0.0005424780395508754}, 
   {0.0024886732871216943, 0.005835561694678288, -0.00014930946907823484, 
    0.0005424780395508896}, {0, 0.0005424780395509028, 0.0005424780395508921, 
    0.9872831285455748}}}, 
 {{{0., 0.03324415710632052, 0.033244157106320504, 0.03324415710632056}, 
   {-0.03324415710632052, 0., -0.03424574122686716, 0.03424574122686701}, 
   {-0.033244157106320504, 0.03424574122686716, 0., -0.03424574122686701}, 
   {-0.03324415710632056, -0.03424574122686701, 0.03424574122686701, 0.}}, 
  {{0., 0.033244157106320504, 0.0332441571063205, 0.0332441571063206}, 
   {-0.033244157106320504, 0., -0.034245741226867056, 0.03424574122686724}, 
   {-0.0332441571063205, 0.034245741226867056, 0., -0.03424574122686724}, 
   {-0.0332441571063206, -0.03424574122686724, 0.03424574122686724, 0.}}}, 
 {0, 0}, {{-1.5222658097621111, -1.4980819707136739}, 
  {-6.297495115043937, -1.5464496488105504, -1.602297908711418}, 
  {-1.5468139556733664, -1.5226301166249292}, {{2, 0.01600879718758568}, 
   {3, 0.006403157836204494}, {4, 0.0025750757138306157}, 
   {5, 0.0010380947162171444}, {6, 0.00041891360509868636}, 
   {7, 0.0001691190066904491}, {8, 0.00006828631400952745}, 
   {9, 0.00002757430595987098}, {10, 0.000011134930255285447}, 
   {11, 4.496506819912094*^-6}}, {{2, 0.10975639091156837}, 
   {3, 0.04906156181197056}, {4, 0.02818796373190308}, 
   {5, 0.020259404108766123}, {6, 0.017134212768481875}, 
   {7, 0.015884356490728536}, {8, 0.01538159988116251}, 
   {9, 0.015178894181209393}, {10, 0.015097088890157342}, 
   {11, 0.015064062495904926}}, {1.6130187807931144*^-9, 0.9260838127218392}}}
