{4, 28, {{{-0.5244223354800684, 0, -0.00023045993706635533, 
    0.00023045993706638645}, {0, 0.9983981011769962, 0.00008918046982763759, 
    0.00008918046982724151}, {-0.0002304599370663057, 0.00008918046982693102, 
    -0.000025543880442489364, 0.0017205706600537433}, 
   {0.0002304599370662625, 0.00008918046982715507, 0.0017205706600539343, 
    -0.000025543880442625757}}, 
  {{-0.5244223354800686, 0.00023045993706634753, 0, -0.0002304599370663948}, 
   {0.00023045993706631858, -0.00002554388044293432, 0.00008918046982689638, 
    0.0017205706600539388}, {0, 0.00008918046982764856, 0.9983981011769958, 
    0.00008918046982711953}, {-0.00023045993706626768, 0.0017205706600538799, 
    0.00008918046982723962, -0.00002554388044287252}}, 
  {{-0.5244223354800728, -0.00023045993706626337, 0.0002304599370663034, 0}, 
   {-0.0002304599370662233, -0.000025543880442437973, 0.0017205706600539614, 
    0.00008918046982723073}, {0.0002304599370662598, 0.0017205706600544094, 
    -0.000025543880442513434, 0.00008918046982736128}, 
   {0, 0.00008918046982727434, 0.00008918046982721073, 0.998398101176992}}}, 
 {{{0, 0.022740585713837087, 0.02274058571383713, 0.022740585713837174}, 
   {-0.022740585713837087, 0, -0.024551216422192074, 0.024551216422191612}, 
   {-0.02274058571383713, 0.024551216422192074, 0, -0.0245512164221916}, 
   {-0.022740585713837174, -0.024551216422191612, 0.0245512164221916, 0}}, 
  {{0, 0.0227405857138371, 0.022740585713837105, 0.022740585713837184}, 
   {-0.0227405857138371, 0, -0.02455121642219204, 0.0245512164221919}, 
   {-0.022740585713837105, 0.02455121642219204, 0, -0.02455121642219192}, 
   {-0.022740585713837184, -0.0245512164221919, 0.02455121642219192, 0}}}, 
 {0, 0}, {{-1.5604818396350733, -1.5486654846800003}, 
  {-6.298631086695596, -1.5774649680245538, -1.5718505753232441}, 
  {-1.5727686102472378, -1.5609522552921649}, {{2, 0.004467284747971055}, 
   {3, 0.0009925583401056357}}, {{2, 0.001645863751180774}, 
   {3, 0.0018106307083547272}}, {2.1899696093402303*^-10, 0.990427016146258}}}
