{5, 40, {{{-0.5248180763639162, 0, -0.000025057957588864503, 
    0.000025057957588617773}, {0, 0.9998201475803672, 
    0.000010128025694498848, 0.000010128025694678808}, 
   {-0.00002505795758861943, 0.00001012802569414613, -2.8221891195148426*^-6, 
    0.00025868851915315533}, {0.000025057957588765495, 
    0.00001012802569449154, 0.0002586885191535588, -2.8221891204571227*^-6}}, 
  {{-0.5248180763639163, 0.000025057957588611864, 0, 
    -0.00002505795758856032}, {0.000025057957588669588, 
    -2.8221891191036047*^-6, 0.00001012802569411226, 0.00025868851915344303}, 
   {0, 0.000010128025694522876, 0.9998201475803676, 0.00001012802569448438}, 
   {-0.000025057957588702266, 0.0002586885191531181, 0.000010128025694554635, 
    -2.822189120609453*^-6}}, {{-0.5248180763639161, -0.00002505795758891524, 
    0.00002505795758890678, 0}, {-0.000025057957588543542, 
    -2.822189120534318*^-6, 0.00025868851915233064, 0.000010128025694678815}, 
   {0.000025057957588597356, 0.0002586885191539274, -2.8221891205659766*^-6, 
    0.000010128025694764738}, {0, 0.000010128025694746768, 
    0.000010128025694666792, 0.9998201475803643}}}, 
 {{{0, 0.007616032236134586, 0.007616032236134611, 0.007616032236134647}, 
   {-0.007616032236134586, 0, -0.008234166626785135, 0.008234166626785278}, 
   {-0.007616032236134611, 0.008234166626785135, 0, -0.008234166626785295}, 
   {-0.007616032236134647, -0.008234166626785278, 0.008234166626785295, 0}}, 
  {{0, 0.007616032236134619, 0.007616032236134728, 0.007616032236134631}, 
   {-0.007616032236134619, 0, -0.008234166626785316, 0.00823416662678574}, 
   {-0.007616032236134728, 0.008234166626785316, 0, -0.008234166626785354}, 
   {-0.007616032236134631, -0.00823416662678574, 0.008234166626785354, 0}}}, 
 {0, 0}, {{-1.5730259360516028, -1.571706800573098}, 
  {-6.298430555889865, -1.57492494379093, -1.5742903341540022}, 
  {-1.5743986035386353, -1.5730794680601305}, {{2, 0.0014814670058920006}, 
   {3, 0.0003222421969967318}, {4, 0.00007061389597698246}}, 
  {{2, 0.0005488262350033378}, {3, 0.0006057734349915021}, 
   {4, 0.0006181343906507161}}, {3.116864387571057*^-13, 0.9989213705692532}}}
