{3, 20, {{{-0.5248745238652723, 0, -4.654512389153036*^-6, 
    4.6545123886153674*^-6}, {0, 0.9999744973486111, 3.7000451154597775*^-7, 
    3.700045104476437*^-7}, {-4.65451238909448*^-6, 3.700045107283775*^-7, 
    2.840459921663735*^-7, 0.00008332831831666959}, 
   {4.654512390515738*^-6, 3.700045103511802*^-7, 0.00008332831831392996, 
    2.840459871998602*^-7}}, {{-0.524874523865273, 4.654512388918366*^-6, 0, 
    -4.654512388628491*^-6}, {4.654512389302354*^-6, 2.840459893283659*^-7, 
    3.7000451077027853*^-7, 0.00008332831831448482}, 
   {0, 3.700045115185085*^-7, 0.9999744973486119, 3.7000451022780454*^-7}, 
   {-4.654512390504188*^-6, 0.00008332831831550049, 3.700045105858912*^-7, 
    2.84045986981285*^-7}}, {{-0.5248745238652724, -4.6545123889414395*^-6, 
    4.654512389192356*^-6, 0}, {-4.654512389151095*^-6, 
    2.8404598866917097*^-7, 0.00008332831831651465, 3.700045106141941*^-7}, 
   {4.654512388945823*^-6, 0.00008332831831003588, 2.8404598650944024*^-7, 
    3.7000451091351096*^-7}, {0, 3.7000451034844766*^-7, 
    3.7000451007157397*^-7, 0.9999744973486105}}}, 
 {{{0., 0.003163038685204732, 0.00316303868520451, 0.0031630386852077247}, 
   {-0.003163038685204732, 0., -0.0029898561394511042, 0.00298985613944449}, 
   {-0.00316303868520451, 0.0029898561394511042, 0., -0.00298985613944447}, 
   {-0.0031630386852077247, -0.00298985613944449, 0.00298985613944447, 0.}}, 
  {{0., 0.003163038685204734, 0.0031630386852045467, 0.003163038685207783}, 
   {-0.003163038685204734, 0., -0.002989856139450964, 0.0029898561394444173}, 
   {-0.0031630386852045467, 0.002989856139450964, 0., 
    -0.0029898561394442066}, {-0.003163038685207783, -0.0029898561394444173, 
    0.0029898561394442066, 0.}}}, {0, 0}, 
 {{-1.5746024718735572, -1.5745915147861385}, {-0.7873255624307413, 
   -0.3936742524184726, 0.000011471203101964811}, 
  {-1.5746131290000072, -1.5746021719125884}, {{2, 0.00007085069331390316}}, 
  {{2, 0.00017318254575906297}}, {7.14334710055226*^-16, 0.9998469938471136}}}
