{14, 20, {{{-0.5248601665969541, 0, 0.00024196832147746388, 
    -0.00024196832147753845}, {0, 0.998174063735819, 0.0004315314060879123, 
    0.000431531406088161}, {0.00024196832147722474, 0.00043153140608863274, 
    -0.0002887169325335578, 0.004762089593168709}, 
   {-0.0002419683214777438, 0.0004315314060870863, 0.004762089593168212, 
    -0.0002887169325319909}}, {{-0.5248601665969542, -0.00024196832147760778, 
    0, 0.00024196832147753184}, {-0.00024196832147707707, 
    -0.000288716932533223, 0.0004315314060886123, 0.004762089593168668}, 
   {0, 0.00043153140608795257, 0.9981740637358198, 0.00043153140608809146}, 
   {0.0002419683214777357, 0.004762089593167979, 0.00043153140608714885, 
    -0.00028871693253259374}}, {{-0.5248601665969566, 0.00024196832147735777, 
    -0.00024196832147726615, 0}, {0.00024196832147794947, 
    -0.0002887169325325647, 0.004762089593169028, 0.0004315314060887675}, 
   {-0.0002419683214781401, 0.0047620895931696425, -0.0002887169325326566, 
    0.00043153140608855913}, {0, 0.00043153140608773904, 
    0.00043153140608810403, 0.9981740637358196}}}, 
 {{{0, 0.0051337770705304365, 0.005133777070530421, 0.005133777070530491}, 
   {-0.0051337770705304365, 0, -0.029742875912691175, 0.029742875912691}, 
   {-0.005133777070530421, 0.029742875912691175, 0, -0.029742875912690765}, 
   {-0.005133777070530491, -0.029742875912691, 0.029742875912690765, 0}}, 
  {{0, 0.005133777070530382, 0.005133777070530379, 0.005133777070530433}, 
   {-0.005133777070530382, 0, -0.02974287591269105, 0.029742875912691286}, 
   {-0.005133777070530379, 0.02974287591269105, 0, -0.02974287591269107}, 
   {-0.005133777070530433, -0.029742875912691286, 0.02974287591269107, 0}}}, 
 {0, 0}, {{-1.570006090612277, -1.5682276980680991}, 
  {-6.298586932754828, -1.575423594348, -1.5738698720294142}, 
  {-1.576046904108766, -1.574268511564588}, {{2, 0.0032332833580303727}, 
   {3, 0.0007322948814251461}, {4, 0.0004148311503597633}, 
   {5, 0.0004012805959351172}, {6, 0.00038752779048265365}, 
   {7, 0.00037460234759652353}, {8, 0.00036230993508820425}, 
   {9, 0.000350910327398589}, {10, 0.00034007893715204537}, 
   {11, 0.0003300260925147404}, {12, 0.00032045344439360184}, 
   {13, 0.0003115565515329523}}, {{2, 0.024324652162515215}, 
   {3, 0.02447922094734359}, {4, 0.024512734346086758}, 
   {5, 0.0245365328236336}, {6, 0.024541167158063572}, 
   {7, 0.024557390888590856}, {8, 0.02456069818019699}, 
   {9, 0.024575540085751375}, {10, 0.02457886081680616}, 
   {11, 0.024592718919650335}, {12, 0.024596116776988544}, 
   {13, 0.024609098842160632}}, {6.923054577863622*^-10, 0.9890942714751363}}}
