{15, 35, {{{-0.5235322730381256, 0, -0.000771063779307263, 
    0.0007710637793071955}, {0, 0.9946380889484914, 0.00005095168990684306, 
    0.00005095168990682875}, {-0.000771063779307262, 0.00005095168990699181, 
    -0.005059024159486023, -0.02271945762549301}, 
   {0.0007710637793072125, 0.00005095168990683482, -0.02271945762549335, 
    -0.005059024159485758}}, {{-0.5235322730381253, 0.000771063779307263, 0, 
    -0.0007710637793071832}, {0.0007710637793072359, -0.005059024159485932, 
    0.00005095168990690508, -0.022719457625493177}, 
   {0, 0.000050951689906731604, 0.9946380889484913, 0.000050951689906778686}, 
   {-0.0007710637793072088, -0.022719457625493204, 0.00005095168990682994, 
    -0.005059024159485864}}, {{-0.5235322730381253, -0.0007710637793073214, 
    0.0007710637793073101, 0}, {-0.0007710637793072943, 
    -0.005059024159486476, -0.02271945762549241, 0.000050951689907032145}, 
   {0.0007710637793072935, -0.02271945762549251, -0.005059024159486614, 
    0.00005095168990704288}, {0, 0.000050951689907027375, 
    0.00005095168990699344, 0.9946380889484915}}}, 
 {{{0., 0.03837657255884687, 0.038376572558846855, 0.03837657255884687}, 
   {-0.03837657255884687, 0., -0.03906722139251137, 0.03906722139251126}, 
   {-0.038376572558846855, 0.03906722139251137, 0., -0.03906722139251137}, 
   {-0.03837657255884687, -0.03906722139251126, 0.03906722139251137, 0.}}, 
  {{0., 0.03837657255884687, 0.038376572558846855, 0.03837657255884687}, 
   {-0.03837657255884687, 0., -0.03906722139251119, 0.03906722139251133}, 
   {-0.038376572558846855, 0.03906722139251119, 0., -0.03906722139251147}, 
   {-0.03837657255884687, -0.03906722139251133, 0.03906722139251147, 0.}}}, 
 {0, 0}, {{-1.5608569166130462, -0.777062469378449, -0.0033659889280740485, 
   -1.557490927684972, -0.7905264250907349}, {-1.502723758019303, 
   0.03810714603913959}, {{2, 0.0092245914533568}, 
   {3, 0.0033875792469701196}, {4, 0.0012592008631664153}, 
   {5, 0.0004700493278013071}, {6, 0.00017576022284342824}, 
   {7, 0.00006576206257914718}, {8, 0.000024611318201112065}, 
   {9, 9.211568351624733*^-6}, {10, 3.4478390867204167*^-6}, 
   {11, 1.2905234635304796*^-6}, {12, 4.830442121295242*^-7}, 
   {13, 1.8080424862149114*^-7}, {14, 6.767537494983822*^-8}}, 
  {{2, 0.009157495861888604}, {3, 0.009071853112420524}, 
   {4, 0.009027758720941834}, {5, 0.00900959837445798}, 
   {6, 0.009002573189428032}, {7, 0.008999911958634699}, 
   {8, 0.008998911426087424}, {9, 0.008998536304869414}, 
   {10, 0.008998395809419035}, {11, 0.008998343209522601}, 
   {12, 0.00899832351956965}, {13, 0.008998316149341443}, 
   {14, 0.008998313390616821}}, {3.555290906333698*^-9, 0.9682567143062402}}}
