{9, 32, {{{-0.5202588220993456, 0, -0.0030300191460055125, 
    0.0030300191460054977}, {0, 0.9845870455371046, 0.000711002650850321, 
    0.0007110026508503119}, {-0.0030300191460054787, 0.0007110026508502041, 
    -0.00022901957532007154, 0.007054243457510744}, 
   {0.0030300191460055086, 0.0007110026508502709, 0.007054243457510776, 
    -0.0002290195753201149}}, {{-0.5202588220993456, 0.00303001914600551, 0, 
    -0.003030019146005496}, {0.0030300191460054826, -0.0002290195753200477, 
    0.0007110026508502074, 0.007054243457510757}, 
   {0, 0.000711002650850327, 0.9845870455371049, 0.0007110026508503104}, 
   {-0.0030300191460055073, 0.00705424345751076, 0.0007110026508502978, 
    -0.00022901957532012185}}, {{-0.5202588220993455, -0.0030300191460054834, 
    0.003030019146005479, 0}, {-0.0030300191460054266, 
    -0.0002290195753200889, 0.007054243457510725, 0.0007110026508502989}, 
   {0.0030300191460054223, 0.007054243457510791, -0.00022901957532006634, 
    0.0007110026508503042}, {0, 0.0007110026508502942, 0.0007110026508502715, 
    0.9845870455371046}}}, 
 {{{0., 0.03631865074250352, 0.036318650742503525, 0.03631865074250354}, 
   {-0.03631865074250352, 0., -0.0378195108920802, 0.03781951089208001}, 
   {-0.036318650742503525, 0.0378195108920802, 0., -0.037819510892079994}, 
   {-0.03631865074250354, -0.03781951089208001, 0.037819510892079994, 0.}}, 
  {{0., 0.03631865074250352, 0.036318650742503525, 0.03631865074250362}, 
   {-0.03631865074250352, 0., -0.03781951089208008, 0.03781951089208022}, 
   {-0.036318650742503525, 0.03781951089208008, 0., -0.037819510892080216}, 
   {-0.03631865074250362, -0.03781951089208022, 0.037819510892080216, 0.}}}, 
 {0, 0}, {{-1.511740778631245, -1.4828041343909992}, 
  {-6.297086868042016, -1.5406774228714941, -1.607866011149514}, 
  {-1.541275323059341, -1.5123386788190953}, {{2, 0.017539366535884893}, 
   {3, 0.007048993604193483}, {4, 0.002852029982273449}, 
   {5, 0.0011574075080216656}, {6, 0.0004702937988412953}, 
   {7, 0.00019119628020146384}, {8, 0.00007774680885858087}}, 
  {{2, 0.11643178266309369}, {3, 0.05497917505633587}, 
   {4, 0.03378058682706982}, {5, 0.025687512486745834}, 
   {6, 0.02247789620345675}, {7, 0.02118574254412921}, 
   {8, 0.020662388592263003}}, {2.9261423364309804*^-9, 0.9110132722396653}}}
