{9, 32, {{{-0.5210594856811517, 0, -0.002480209479685234, 
    0.0024802094796852175}, {0, 0.9872450468455722, 0.0005907459244253557, 
    0.0005907459244253643}, {-0.0024802094796851776, 0.000590745924425262, 
    -0.0002023145846294116, 0.00581043777040211}, 
   {0.002480209479685201, 0.0005907459244252793, 0.005810437770402098, 
    -0.00020231458462947015}}, {{-0.5210594856811518, 0.0024802094796852183, 
    0, -0.0024802094796852183}, {0.0024802094796851793, 
    -0.00020231458462939902, 0.0005907459244252743, 0.005810437770402148}, 
   {0, 0.00059074592442536, 0.9872450468455722, 0.0005907459244253324}, 
   {-0.002480209479685203, 0.005810437770402094, 0.0005907459244253298, 
    -0.00020231458462952046}}, {{-0.5210594856811517, -0.0024802094796851893, 
    0.002480209479685196, 0}, {-0.0024802094796851273, 
    -0.00020231458462941984, 0.005810437770402082, 0.0005907459244253105}, 
   {0.0024802094796851277, 0.0058104377704021135, -0.0002023145846294372, 
    0.0005907459244253346}, {0, 0.0005907459244253391, 0.0005907459244253088, 
    0.9872450468455721}}}, 
 {{{0., 0.03300319728321819, 0.0330031972832182, 0.03300319728321822}, 
   {-0.03300319728321819, 0., -0.0344049457326524, 0.03440494573265219}, 
   {-0.0330031972832182, 0.0344049457326524, 0., -0.03440494573265218}, 
   {-0.03300319728321822, -0.03440494573265219, 0.03440494573265218, 0.}}, 
  {{0., 0.03300319728321818, 0.03300319728321818, 0.033003197283218266}, 
   {-0.03300319728321818, 0., -0.03440494573265228, 0.0344049457326524}, 
   {-0.03300319728321818, 0.03440494573265228, 0., -0.03440494573265242}, 
   {-0.033003197283218266, -0.0344049457326524, 0.03440494573265242, 0.}}}, 
 {0, 0}, {{-1.5224992720517654, -1.498490721958927}, 
  {-6.297525480250726, -1.5465078221446, -1.6022549179807628}, 
  {-1.5470176810467104, -1.5230091309538718}, {{2, 0.015905811067674733}, 
   {3, 0.006362063677646412}, {4, 0.002558431046042073}, 
   {5, 0.001031308641362666}, {6, 0.0004161396262196554}, 
   {7, 0.00016798398605773202}, {8, 0.00006782177318045979}}, 
  {{2, 0.11675813303040686}, {3, 0.055325705757303396}, 
   {4, 0.03419787637597804}, {5, 0.026173053135223612}, 
   {6, 0.02301013442402662}, {7, 0.021745294160491608}, 
   {8, 0.021236555316215995}}, {1.6585373758933823*^-9, 0.9258695067484818}}}
