{80, 40, {{{-0.4207320696671939, 0, -0.04348566945805247, 
    0.04348566945805221}, {0, 0.7828310091309321, -0.01706839588044022, 
    -0.017068395880440228}, {-0.04348566945805231, -0.017068395880440408, 
    0.02412025652434276, 0.11320392102272289}, {0.04348566945805224, 
    -0.01706839588044044, 0.11320392102272289, 0.02412025652434318}}, 
  {{-0.42073206966719395, 0.04348566945805246, 0, -0.043485669458052205}, 
   {0.043485669458052316, 0.024120256524342763, -0.017068395880440394, 
    0.11320392102272286}, {0, -0.017068395880440245, 0.7828310091309321, 
    -0.017068395880440235}, {-0.043485669458052253, 0.11320392102272292, 
    -0.017068395880440422, 0.024120256524343145}}, 
  {{-0.420732069667194, -0.043485669458052253, 0.04348566945805224, 0}, 
   {-0.04348566945805227, 0.024120256524342874, 0.11320392102272292, 
    -0.017068395880440318}, {0.04348566945805228, 0.11320392102272295, 
    0.024120256524342853, -0.01706839588044031}, {0, -0.017068395880440707, 
    -0.017068395880440707, 0.7828310091309318}}}, 
 {{{0., 0.3435767840305446, 0.3435767840305446, 0.3435767840305454}, 
   {-0.3435767840305446, 0., -0.2588891872371325, 0.2588891872371317}, 
   {-0.3435767840305446, 0.2588891872371325, 0., -0.2588891872371317}, 
   {-0.3435767840305454, -0.2588891872371317, 0.2588891872371317, 0.}}, 
  {{0., 0.3435767840305445, 0.3435767840305445, 0.3435767840305458}, 
   {-0.3435767840305445, 0., -0.25888918723713217, 0.2588891872371323}, 
   {-0.3435767840305445, 0.25888918723713217, 0., -0.2588891872371323}, 
   {-0.3435767840305458, -0.2588891872371323, 0.2588891872371323, 0.}}}, 
 {0, 0}, {{-0.9018529413691637, -0.4614845311500659}, 
  {-6.073203614976501, -1.3422213515882602, -1.6943804558999904}, 
  {-1.2879485600339347, -0.8475801498148368}, {{2, 0.028804634282630547}, 
   {3, 0.024527809554880972}, {4, 0.0210866985627918}, 
   {5, 0.01830579157598322}, {6, 0.016037185564324374}, 
   {7, 0.014166781231784303}, {8, 0.012608418548326644}, 
   {9, 0.011297007638479795}, {10, 0.010183069685071183}, 
   {11, 0.009228682015120726}, {12, 0.008404507811039463}, 
   {13, 0.007687628002857494}, {14, 0.007059957994470789}, 
   {15, 0.006507087342551093}, {16, 0.006017424291645257}, 
   {17, 0.005581560238016731}, {18, 0.005191793509764231}, 
   {19, 0.004841769286684866}, {20, 0.004526204835379077}, 
   {21, 0.00424067794402655}, {22, 0.0039814625833965445}, 
   {23, 0.0037454001681275217}, {24, 0.0035297978869772706}, 
   {25, 0.0033323477889427577}, {26, 0.0031510619142604557}, 
   {27, 0.0029842199257025803}, {28, 0.002830326551661655}, 
   {29, 0.0026880767858988297}, {30, 0.0025563272611626164}, 
   {31, 0.002434072568842427}, {32, 0.0023204255655712713}, 
   {33, 0.0022146009126332022}, {34, 0.002115901251420804}, 
   {35, 0.0020237055398522052}, {36, 0.0019374591693221976}, 
   {37, 0.0018566655558688305}, {38, 0.0017808789576001516}, 
   {39, 0.0017096983166419721}, {40, 0.0016427619606776966}, 
   {41, 0.0015797430286127456}, {42, 0.0015203455085964213}, 
   {43, 0.001464300795802731}, {44, 0.001411364692924244}, 
   {45, 0.0013613147890376154}, {46, 0.001313948162891987}, 
   {47, 0.0012711392261440801}, {48, 0.0012370867560498322}, 
   {49, 0.001204434225962947}, {50, 0.0011731101232931307}, 
   {51, 0.0011430472308000539}, {52, 0.0011141823406621842}, 
   {53, 0.0010864559882334257}, {54, 0.0010598122042955183}, 
   {55, 0.0010341982846180375}, {56, 0.0010095645756833527}, 
   {57, 0.0009858642754716485}, {58, 0.0009630532482670651}, 
   {59, 0.0009410898524834233}, {60, 0.0009199347805916025}, 
   {61, 0.0008995509102603938}, {62, 0.000879903165909468}, 
   {63, 0.0008609583899024109}, {64, 0.000842685222681161}, 
   {65, 0.0008250539911806021}, {66, 0.0008080366049167953}, 
   {67, 0.0007916064591861893}, {68, 0.0007757383448510069}, 
   {69, 0.0007604083642306358}, {70, 0.0007455938526543804}, 
   {71, 0.0007312733052574627}, {72, 0.0007174263086494603}, 
   {73, 0.0007040334770909151}, {74, 0.0006910763928645869}, 
   {75, 0.0006785375505334867}, {76, 0.0006664003048113543}, 
   {77, 0.0006546488217894497}, {78, 0.0006432680332808527}, 
   {79, 0.0006322435940655513}}, {{2, 0.886816156756151}, 
   {3, 0.5010340910886133}, {4, 0.31426901722292905}, 
   {5, 0.20539934984899472}, {6, 0.13479659191280485}, 
   {7, 0.08570754706242578}, {8, 0.04985396595519668}, 
   {9, 0.02268757103171474}, {10, 0.0015088261874267837}, 
   {11, 0.015381768103454757}, {12, 0.029105124108357083}, 
   {13, 0.040429004769644755}, {14, 0.049896002712053036}, 
   {15, 0.05789982344484468}, {16, 0.06473264733500692}, 
   {17, 0.07061557213512662}, {18, 0.07571877301122322}, 
   {19, 0.0801752045902753}, {20, 0.08409012888069074}, 
   {21, 0.08754787610320647}, {22, 0.09061672948572866}, 
   {23, 0.09335251231280942}, {24, 0.09580126087238983}, 
   {25, 0.0980012429009759}, {26, 0.09998450037387796}, 
   {27, 0.10177804188365216}, {28, 0.10340477363358869}, 
   {29, 0.10488423320437901}, {30, 0.10623317291906975}, 
   {31, 0.10746602738335997}, {32, 0.10859529101257642}, 
   {33, 0.10963182500861138}, {34, 0.11058510860204077}, 
   {35, 0.11146344593619435}, {36, 0.11227413740176398}, 
   {37, 0.11302362229500562}, {38, 0.11371759820146694}, 
   {39, 0.11436112138008814}, {40, 0.11495869155251011}, 
   {41, 0.11551432382607942}, {42, 0.11603160994969483}, 
   {43, 0.11651377068472957}, {44, 0.1169637007428987}, 
   {45, 0.11738400747966996}, {46, 0.11777704432085759}, 
   {47, 0.11814493973012768}, {48, 0.11848962238760793}, 
   {49, 0.11881284313794624}, {50, 0.11911619417479102}, 
   {51, 0.11940112585369925}, {52, 0.11966896146371975}, 
   {53, 0.11992091023682039}, {54, 0.12015807883191867}, 
   {55, 0.1203814814949429}, {56, 0.12059204906680444}, 
   {57, 0.12079063698637574}, {58, 0.12097803241470946}, 
   {59, 0.12115496058911801}, {60, 0.12132209050082472}, 
   {61, 0.12148003997722967}, {62, 0.12162938023905003}, 
   {63, 0.1217706399933869}, {64, 0.1219043091158872}, 
   {65, 0.12203084196840565}, {66, 0.12215066039275069}, 
   {67, 0.12226415641608342}, {68, 0.12237169469919917}, 
   {69, 0.12247361475516821}, {70, 0.12257023296255072}, 
   {71, 0.1226618443945689}, {72, 0.12274872448314497}, 
   {73, 0.12283113053456148}, {74, 0.122909303111609}, 
   {75, 0.12298346729543799}, {76, 0.1230538338388752}, 
   {77, 0.12312060022169258}, {78, 0.12318395161719016}, 
   {79, 0.12324406177846381}}, {0.0003010810850192877, 0.2301484860371738}}}
