{5, 20, {{{-0.524607598014645, 0, -0.00015262101031384358, 
    0.00015262101031322898}, {0, 0.9994047836593728, -0.0000402340474335785, 
    -0.000040234047433616627}, {-0.000152621010313728, 
    -0.00004023404743313581, 0.000010218697595362324, 0.0010985728195102536}, 
   {0.00015262101031379442, -0.0000402340474334286, 0.0010985728195099548, 
    0.000010218697593576426}}, {{-0.524607598014645, 0.00015262101031392818, 
    0, -0.0001526210103132643}, {0.00015262101031371722, 
    0.000010218697593575993, -0.000040234047433093275, 
    0.0010985728195098718}, {0, -0.000040234047433588695, 0.9994047836593728, 
    -0.000040234047433144795}, {-0.00015262101031378572, 
    0.0010985728195101374, -0.00004023404743381307, 
    0.000010218697595666335}}, 
  {{-0.5246075980146454, -0.00015262101031383516, 0.00015262101031381564, 0}, 
   {-0.00015262101031374663, 0.000010218697595225715, 0.0010985728195107222, 
    -0.00004023404743342234}, {0.00015262101031371944, 0.0010985728195093826, 
    0.000010218697593794568, -0.000040234047433873}, 
   {0, -0.000040234047433462046, -0.000040234047433134644, 
    0.9994047836593759}}}, 
 {{{0, 0.01772886347538884, 0.017728863475388795, 0.01772886347538879}, 
   {-0.01772886347538884, 0, -0.013311775449069734, 0.01331177544907015}, 
   {-0.017728863475388795, 0.013311775449069734, 0, -0.013311775449070421}, 
   {-0.01772886347538879, -0.01331177544907015, 0.013311775449070421, 0}}, 
  {{0, 0.017728863475388736, 0.017728863475388802, 0.017728863475388823}, 
   {-0.017728863475388736, 0, -0.013311775449069533, 0.01331177544907027}, 
   {-0.017728863475388802, 0.013311775449069533, 0, -0.013311775449070331}, 
   {-0.017728863475388823, -0.01331177544907027, 0.013311775449070331, 0}}}, 
 {0, 0}, {{-1.567687508340092, -1.561546049880127}, 
  {-6.29861061170419, -1.5757802867543718, -1.573525019097723}, 
  {-1.5730639047117483, -1.5669224462517832}, {{2, 0.0029047908385504227}, 
   {3, 0.000634693939936995}, {4, 0.00029342831774252726}}, 
  {{2, 0.004544733114689881}, {3, 0.004439964340821724}, 
   {4, 0.004417088026318724}}, {5.564368692535122*^-12, 0.9964340119780128}}}
