{3, 20, {{{0, 0, 0, 0}, {0, 0, 0, 0}, {0, 0, 0, 0}, {0, 0, 0, 0}}, 
  {{0, 0, 0, 0}, {0, 0, 0, 0}, {0, 0, 0, 0}, {0, 0, 0, 0}}, 
  {{0, 0, 0, 0}, {0, 0, 0, 0}, {0, 0, 0, 0}, {0, 0, 0, 0}}}, 
 {{{0., 0.5773502691895996, 0.5773502691896, 0.5773502691896771}, 
   {-0.5773502691895996, 0., -0.5773502691895747, 0.5773502691896513}, 
   {-0.5773502691896, 0.5773502691895747, 0., -0.5773502691896508}, 
   {-0.5773502691896771, -0.5773502691896513, 0.5773502691896508, 0.}}, 
  {{0., 0.5773502691895926, 0.5773502691895935, 0.5773502691896915}, 
   {-0.5773502691895926, 0., -0.5773502691895611, 0.5773502691896586}, 
   {-0.5773502691895935, 0.5773502691895611, 0., -0.5773502691896575}, 
   {-0.5773502691896915, -0.5773502691896586, 0.5773502691896575, 0.}}}, 
 {0, 0}, {{-0.99, -0.9799999999999994}, {-1.0049999999999975, 
   -0.9999999999999998, 0.49750000000000105}, {-1., -0.9899999999999994}, 
  {{2, 1.1057821325266559*^-13}}, {{2, 7.753057455299009*^-14}}, 
  {0.03703703703703699, 0}}}
