{28, 40, {{{-0.5244778071591928, 0, -0.0002413251219485916, 
    0.00024132512194859543}, {0, 0.9986940403309694, 0.000059093817318535576, 
    0.00005909381731840555}, {-0.00024132512194856927, 
    0.00005909381731842602, -0.000023573817359741345, 0.0005840289848301341}, 
   {0.00024132512194859158, 0.00005909381731833546, 0.0005840289848300965, 
    -0.000023573817359557464}}, 
  {{-0.5244778071591931, 0.00024132512194859925, 0, -0.0002413251219485898}, 
   {0.00024132512194854593, -0.00002357381735969971, 0.00005909381731842962, 
    0.0005840289848301443}, {0, 0.000059093817318537826, 0.9986940403309693, 
    0.00005909381731840901}, {-0.00024132512194858092, 0.0005840289848300481, 
    0.00005909381731832584, -0.000023573817359567872}}, 
  {{-0.5244778071591931, -0.00024132512194856485, 0.00024132512194856168, 0}, 
   {-0.00024132512194849457, -0.000023573817359924358, 0.0005840289848301135, 
    0.00005909381731834596}, {0.00024132512194851191, 0.00058402898483026, 
    -0.00002357381735990094, 0.000059093817318332064}, 
   {0, 0.000059093817318412736, 0.000059093817318408494, 0.99869404033097}}}, 
 {{{0., 0.021115476752562874, 0.021115476752562867, 0.02111547675256296}, 
   {-0.021115476752562874, 0., -0.02198608978322576, 0.021986089783225547}, 
   {-0.021115476752562867, 0.02198608978322576, 0., -0.021986089783225544}, 
   {-0.02111547675256296, -0.021986089783225547, 0.021986089783225544, 0.}}, 
  {{0., 0.021115476752562874, 0.02111547675256288, 0.021115476752562964}, 
   {-0.021115476752562874, 0., -0.02198608978322563, 0.021986089783225693}, 
   {-0.02111547675256288, 0.02198608978322563, 0., -0.0219860897832257}, 
   {-0.021115476752562964, -0.021986089783225693, 0.0219860897832257, 0.}}}, 
 {0, 0}, {{-1.5690588631065399, -1.565401555250392}, 
  {-6.298420016151158, -1.5727161709626887, -1.5764938371128903}, 
  {-1.5727915682628297, -1.5691342604066818}, {{2, 0.0035811118328923554}, 
   {3, 0.0028072152382243466}, {4, 0.0022006654842531663}, 
   {5, 0.0017252709968310024}, {6, 0.0013526506957984626}, 
   {7, 0.00106056428592358}, {8, 0.0008315884202076337}, 
   {9, 0.0006520740146156168}, {10, 0.0005113278924842347}, 
   {11, 0.0004009716172440371}, {12, 0.00031443953025048557}, 
   {13, 0.0002465858575918835}, {14, 0.00019337716953889486}, 
   {15, 0.00015165160585823081}, {16, 0.00011893032850304741}, 
   {17, 0.00009326983793339627}, {18, 0.0000731462714520445}, 
   {19, 0.000057364740210227166}, {20, 0.00004498827474395603}, 
   {21, 0.000035282130561239966}, {22, 0.000027670128496509044}, 
   {23, 0.000021700426203117434}, {24, 0.00001701868156959302}, 
   {25, 0.000013347010492537753}, {26, 0.00001046748716925297}, 
   {27, 8.209205813413528*^-6}}, {{2, 0.8477982394997761}, 
   {3, 0.502519138051582}, {4, 0.33493575958655253}, 
   {5, 0.23824204857542455}, {6, 0.17681972226340997}, 
   {7, 0.1353885912092552}, {8, 0.10629818274579542}, 
   {9, 0.08529244679086397}, {10, 0.06981571423503}, 
   {11, 0.05824247525817997}, {12, 0.04949194635442151}, 
   {13, 0.042820166637685605}, {14, 0.037700838130720615}, 
   {15, 0.03375350471567187}, {16, 0.030698385370197506}, 
   {17, 0.028326921818801146}, {18, 0.026481967759218565}, 
   {19, 0.02504410452816308}, {20, 0.02392197215364928}, 
   {21, 0.023045305463172256}, {22, 0.02235983726902102}, 
   {23, 0.021823517945429062}, {24, 0.021403680419688903}, 
   {25, 0.02107489497456661}, {26, 0.02081733415547999}, 
   {27, 0.020615519148935876}}, {1.1295045450472502*^-10, 
   0.9921897804421992}}}
