{3, 40, {{{-0.00001391809661688591, 0, -3.904474185715096*^-6, 
    3.90447418571734*^-6}, {0, 0.000019346919746294544, 
    1.1900626235811951*^-6, 1.190062623579508*^-6}, 
   {-3.904474185716266*^-6, 1.1900626235819706*^-6, -2.714411561209919*^-6, 
    0.000011537971363522213}, {3.904474185715872*^-6, 1.1900626235834214*^-6, 
    0.000011537971363521541, -2.714411561212413*^-6}}, 
  {{-0.000013918096616885992, 3.904474185713871*^-6, 0, 
    -3.9044741857163225*^-6}, {3.904474185718199*^-6, 
    -2.7144115612086544*^-6, 1.1900626235786257*^-6, 
    0.000011537971363522623}, {0, 1.1900626235828498*^-6, 
    0.000019346919746294314, 1.190062623581328*^-6}, 
   {-3.9044741857197556*^-6, 0.00001153797136351967, 1.1900626235813821*^-6, 
    -2.714411561211465*^-6}}, {{-0.000013918096616881736, 
    -3.904474185717143*^-6, 3.904474185717528*^-6, 0}, 
   {-3.904474185717195*^-6, -2.7144115612125008*^-6, 0.000011537971363521773, 
    1.1900626235810355*^-6}, {3.904474185716966*^-6, 0.00001153797136352455, 
    -2.7144115612096387*^-6, 1.1900626235827958*^-6}, 
   {0, 1.1900626235873732*^-6, 1.1900626235808896*^-6, 
    0.00001934691974628967}}}, 
 {{{0., 0.5773502689954599, 0.5773502689954598, 0.5773502689954604}, 
   {-0.5773502689954599, 0., -0.5773502689873051, 0.5773502689873045}, 
   {-0.5773502689954598, 0.5773502689873051, 0., -0.5773502689873046}, 
   {-0.5773502689954604, -0.5773502689873045, 0.5773502689873046, 0.}}, 
  {{0., 0.5773502689954595, 0.5773502689954596, 0.5773502689954612}, 
   {-0.5773502689954595, 0., -0.5773502689873058, 0.5773502689873042}, 
   {-0.5773502689954596, 0.5773502689873058, 0., -0.5773502689873042}, 
   {-0.5773502689954612, -0.5773502689873042, 0.5773502689873042, 0.}}}, 
 {0, 0}, {{-4.715118850917577*^-10, 0.9999999991921837}, 
  {-5.999999999933666, -1.0000000001352072, -1.999999999831626}, 
  {-1.0000000001281437, -4.644480355864289*^-10}, 
  {{2, 5.111971853352259*^-6}}, {{2, 7.0627214556809925*^-12}}, 
  {0.03703703695916364, 5.244100195640115*^-29}}}
