{11, 40, {{{-0.524289391561011, 0, -0.0003528731585929225, 
    0.00035287315859293953}, {0, 0.9981112409442975, 0.00007603826129071303, 
    0.00007603826129069663}, {-0.0003528731585928839, 0.00007603826129084872, 
    -0.00002310699884415686, 0.000854594275352499}, 
   {0.0003528731585929137, 0.00007603826129072493, 0.0008545942753524924, 
    -0.000023106998844093108}}, 
  {{-0.5242893915610111, 0.00035287315859291253, 0, -0.00035287315859293313}, 
   {0.0003528731585928975, -0.000023106998844129104, 0.00007603826129084978, 
    0.0008545942753524968}, {0, 0.00007603826129070381, 0.9981112409442976, 
    0.00007603826129069831}, {-0.00035287315859292446, 0.0008545942753524897, 
    0.00007603826129072742, -0.000023106998844224513}}, 
  {{-0.5242893915610114, -0.0003528731585928775, 0.00035287315859289123, 0}, 
   {-0.00035287315859283675, -0.000023106998844303443, 0.0008545942753524694, 
    0.00007603826129073168}, {0.0003528731585928284, 0.000854594275352511, 
    -0.00002310699884425227, 0.00007603826129073225}, 
   {0, 0.00007603826129068452, 0.00007603826129070003, 0.9981112409442982}}}, 
 {{{0., 0.02570449923069546, 0.025704499230695475, 0.025704499230695583}, 
   {-0.02570449923069546, 0., -0.026327835895247512, 0.02632783589524726}, 
   {-0.025704499230695475, 0.026327835895247512, 0., -0.02632783589524722}, 
   {-0.025704499230695583, -0.02632783589524726, 0.02632783589524722, 0.}}, 
  {{0., 0.02570449923069549, 0.02570449923069544, 0.025704499230695645}, 
   {-0.02570449923069549, 0., -0.026327835895247426, 0.026327835895247374}, 
   {-0.02570449923069544, 0.026327835895247426, 0., -0.026327835895247384}, 
   {-0.025704499230695645, -0.026327835895247374, 0.026327835895247384, 
    0.}}}, {0, 0}, {{-1.5665369896786967, -1.561194409840614}, 
  {-6.298409653791569, -1.5718795695167775, -1.5773252573790069}, 
  {-1.5719443485631717, -1.566601768725089}, {{2, 0.00005783762910973808}, 
   {3, 0.00004539380123512807}, {4, 0.0000356273901866537}, 
   {5, 0.000027962281540151734}, {6, 0.0000219463393623838}, 
   {7, 0.000017224724258951135}, {8, 0.000013518951716764982}, 
   {9, 0.000010610459412578599}, {10, 8.327712045275854*^-6}}, 
  {{2, 0.015731284540479604}, {3, 0.014820109030658779}, 
   {4, 0.014107241176432129}, {5, 0.013549136321190067}, 
   {6, 0.01311195946683609}, {7, 0.012769363477243171}, 
   {8, 0.012500797258611779}, {9, 0.012290209378962053}, 
   {10, 0.012125049761861873}}, {3.3303584047227375*^-10, 0.988720822258508}}}
