{3, 28, {{{-0.516253141188312, 0, -0.0056241693330497545, 
    0.005624169333049734}, {0, 0.9731485380764939, 0.0008392814268188753, 
    0.0008392814268188466}, {-0.0056241693330497215, 0.0008392814268187803, 
    0.0001398593093706593, 0.012845236800519716}, 
   {0.005624169333049716, 0.0008392814268188267, 0.012845236800519653, 
    0.00013985930937064975}}, {{-0.5162531411883121, 0.005624169333049752, 0, 
    -0.0056241693330497345}, {0.005624169333049706, 0.00013985930937066796, 
    0.0008392814268187742, 0.01284523680051969}, {0, 0.0008392814268188653, 
    0.9731485380764939, 0.0008392814268188683}, {-0.005624169333049709, 
    0.012845236800519681, 0.0008392814268187758, 0.00013985930937066016}}, 
  {{-0.516253141188312, -0.005624169333049707, 0.005624169333049707, 0}, 
   {-0.00562416933304968, 0.000139859309370622, 0.012845236800519758, 
    0.0008392814268188644}, {0.005624169333049688, 0.012845236800519702, 
    0.00013985930937060465, 0.0008392814268188375}, 
   {0, 0.0008392814268187968, 0.0008392814268187998, 0.9731485380764938}}}, 
 {{{0., 0.04973886516318714, 0.04973886516318714, 0.049738865163187186}, 
   {-0.04973886516318714, 0., -0.04931290294095536, 0.04931290294095508}, 
   {-0.04973886516318714, 0.04931290294095536, 0., -0.04931290294095509}, 
   {-0.049738865163187186, -0.04931290294095508, 0.04931290294095509, 0.}}, 
  {{0., 0.04973886516318713, 0.04973886516318714, 0.04973886516318726}, 
   {-0.04973886516318713, 0., -0.049312902940955194, 0.049312902940955375}, 
   {-0.04973886516318714, 0.049312902940955194, 0., -0.04931290294095537}, 
   {-0.04973886516318726, -0.049312902940955375, 0.04931290294095537, 0.}}}, 
 {0, 0}, {{-1.4629046880535008, -1.4112145431094265}, 
  {-6.293809349478319, -1.5145948329975762, -1.6323098417415831}, 
  {-1.5143734965342723, -1.462683351590198}, {{2, 0.0003089386970491492}}, 
  {{2, 0.004281985735243353}}, {1.4380149973157235*^-8, 0.8493267592088684}}}
