{3, 28, {{{-0.5239896210449442, 0, -0.0005280369119183982, 
    0.0005280369119183977}, {0, 0.997217262313395, 0.00009046960350818828, 
    0.00009046960350811065}, {-0.0005280369119183624, 0.00009046960350811819, 
    -8.995123594840448*^-6, 0.0012817584487345738}, 
   {0.0005280369119183648, 0.00009046960350810181, 0.0012817584487345897, 
    -8.995123594710344*^-6}}, {{-0.5239896210449442, 0.000528036911918396, 0, 
    -0.000528036911918391}, {0.0005280369119183704, -8.995123594776264*^-6, 
    0.00009046960350812274, 0.0012817584487345671}, 
   {0, 0.00009046960350818196, 0.9972172623133949, 0.00009046960350811426}, 
   {-0.0005280369119183676, 0.0012817584487345986, 0.00009046960350810653, 
    -8.995123594784937*^-6}}, {{-0.5239896210449445, -0.0005280369119183607, 
    0.0005280369119183543, 0}, {-0.0005280369119183127, 
    -8.995123595051217*^-6, 0.001281758448734586, 0.00009046960350812258}, 
   {0.0005280369119182988, 0.001281758448734637, -8.99512359489596*^-6, 
    0.00009046960350811894}, {0, 0.00009046960350809076, 
    0.00009046960350808567, 0.9972172623133954}}}, 
 {{{0., 0.01588925020353485, 0.015889250203534863, 0.015889250203534887}, 
   {-0.01588925020353485, 0., -0.015872163541765766, 0.01587216354176575}, 
   {-0.015889250203534863, 0.015872163541765766, 0., -0.015872163541765724}, 
   {-0.015889250203534887, -0.01587216354176575, 0.015872163541765724, 0.}}, 
  {{0., 0.015889250203534863, 0.01588925020353487, 0.015889250203534905}, 
   {-0.015889250203534863, 0., -0.01587216354176577, 0.015872163541765856}, 
   {-0.01588925020353487, 0.01587216354176577, 0., -0.01587216354176584}, 
   {-0.015889250203534905, -0.015872163541765856, 0.01587216354176584, 0.}}}, 
 {0, 0}, {{-1.5628476932239703, -1.5573434954946297}, 
  {-6.2984403732237775, -1.5683518909533096, -1.5808682956585791}, 
  {-1.568348931456678, -1.5628447337273375}, {{2, 0.0001042380354466868}}, 
  {{2, 0.0005376799266867856}}, {1.5988833426077276*^-11, 
   0.9834192982445468}}}
