{11, 32, {{{-0.5180858049086731, 0, -0.004395542623313837, 
    0.004395542623313841}, {0, 0.9786030433670355, 0.0007249178542249068, 
    0.0007249178542249424}, {-0.004395542623313799, 0.0007249178542249371, 
    0.000015408196018903975, 0.010116116171677531}, 
   {0.004395542623313821, 0.0007249178542249003, 0.01011611617167743, 
    0.000015408196018975966}}, {{-0.518085804908673, 0.00439554262331383, 0, 
    -0.004395542623313835}, {0.004395542623313799, 0.000015408196018926526, 
    0.0007249178542249486, 0.01011611617167751}, {0, 0.0007249178542249085, 
    0.9786030433670356, 0.0007249178542249493}, {-0.0043955426233138325, 
    0.010116116171677451, 0.0007249178542248838, 0.000015408196018917852}}, 
  {{-0.518085804908673, -0.004395542623313775, 0.004395542623313774, 0}, 
   {-0.004395542623313749, 0.00001540819601878688, 0.010116116171677483, 
    0.0007249178542249495}, {0.004395542623313747, 0.010116116171677469, 
    0.00001540819601880683, 0.0007249178542249292}, 
   {0, 0.0007249178542248717, 0.0007249178542248879, 0.9786030433670356}}}, 
 {{{0., 0.04409038165176453, 0.04409038165176452, 0.04409038165176455}, 
   {-0.04409038165176453, 0., -0.04410566234676235, 0.04410566234676216}, 
   {-0.04409038165176452, 0.04410566234676235, 0., -0.04410566234676214}, 
   {-0.04409038165176455, -0.04410566234676216, 0.04410566234676214, 0.}}, 
  {{0., 0.044090381651764515, 0.04409038165176453, 0.044090381651764626}, 
   {-0.044090381651764515, 0., -0.044105662346762206, 0.0441056623467624}, 
   {-0.04409038165176453, 0.044105662346762206, 0., -0.04410566234676238}, 
   {-0.044090381651764626, -0.0441056623467624, 0.04410566234676238, 0.}}}, 
 {0, 0}, {{-1.4855948596704418, -1.4443567978516223}, 
  {-6.295644422704992, -1.5268329214892578, -1.6209892898632383}, 
  {-1.5268400675630895, -1.48560200574427}, {{2, 0.021351840205476466}, 
   {3, 0.008678562827686115}, {4, 0.0035644053733609737}, 
   {5, 0.0014708944869066404}, {6, 0.0006082160254014951}, 
   {7, 0.00025171236254838136}, {8, 0.00010420905874503061}, 
   {9, 0.000043148968893971795}, {10, 0.00001786742255335816}}, 
  {{2, 0.09294911198178582}, {3, 0.033947312239812906}, 
   {4, 0.01344927123444126}, {5, 0.005524623506079904}, 
   {6, 0.002333092814964392}, {7, 0.0010264828578228223}, 
   {8, 0.00048795491642819567}, {9, 0.00026538233147496666}, 
   {10, 0.0001732883049007935}}, {7.361496166925673*^-9, 0.8782929005393957}}}
