{8, 20, {{{-0.5248724677495076, 0, -5.447551315144249*^-6, 
    5.44755199480272*^-6}, {0, 0.9999638363743878, 1.575804991789994*^-6, 
    1.5758060607244518*^-6}, {-5.447552947210802*^-6, 1.57580486517845*^-6, 
    -3.274003758241273*^-7, 0.0003388145281012261}, 
   {5.4475522668634955*^-6, 1.5758037973261953*^-6, 0.0003388145281008453, 
    -3.2740038330078547*^-7}}, {{-0.5248724677495074, 5.447551235389634*^-6, 
    0, -5.4475522665258885*^-6}, {5.447553026870656*^-6, 
    -3.274003760305594*^-7, 1.5758049893718708*^-6, 0.00033881452810089147}, 
   {0, 1.5758048675828376*^-6, 0.9999638363743886, 1.575806409135849*^-6}, 
   {-5.447551995132553*^-6, 0.0003388145281006228, 1.5758034489234146*^-6, 
    -3.274003823883209*^-7}}, {{-0.5248724677495092, -5.447553027784532*^-6, 
    5.4475529464991535*^-6, 0}, {-5.447551234318673*^-6, 
    -3.2740037766119945*^-7, 0.0003388145281034896, 1.575806062151987*^-6}, 
   {5.447551315669558*^-6, 0.0003388145281061727, -3.2740037816947343*^-7, 
    1.5758064094095388*^-6}, {0, 1.5758037962196247*^-6, 
    1.5758034489565882*^-6, 0.9999638363743908}}}, 
 {{{0., 0.0035143297402638824, 0.0035143297402655486, 0.003514329740271233}, 
   {-0.0035143297402638824, 0., -0.0036434823232317027, 
    0.003643482323226261}, {-0.0035143297402655486, 0.0036434823232317027, 
    0., -0.0036434823232243583}, {-0.003514329740271233, 
    -0.003643482323226261, 0.0036434823232243583, 0.}}, 
  {{0., 0.0035143297402669025, 0.003514329740265141, 0.0035143297402685943}, 
   {-0.0035143297402669025, 0., -0.0036434823232283386, 
    0.0036434823232264824}, {-0.003514329740265141, 0.0036434823232283386, 
    0., -0.0036434823232284405}, {-0.0035143297402685943, 
    -0.0036434823232264824, 0.0036434823232284405, 0.}}}, {0, 0}, 
 {{-1.5745853369195135, -1.5745731629241835}, {-0.7873249620681805, 
   -0.3936786266193505, 0.000016145585260252115}, 
  {-1.5745977346136786, -1.5745855606183485}, {{2, 1.8656036751378557*^-6}, 
   {3, 1.6214573580852591*^-6}, {4, 1.408075830592291*^-6}, 
   {5, 1.223585294986805*^-6}, {6, 1.0629892407084708*^-6}, 
   {7, 9.239774450822344*^-7}}, {{2, 0.00012804185248476525}, 
   {3, 0.00012833118587114527}, {4, 0.00012858147257354164}, 
   {5, 0.00012879929968531625}, {6, 0.0001289881373485148}, 
   {7, 0.0001291525829607136}}, {2.33937584332826*^-15, 0.9997830378625058}}}
{8, 20, {{{-0.5248724677495076, 0, -5.447551315144249*^-6, 
    5.44755199480272*^-6}, {0, 0.9999638363743878, 1.575804991789994*^-6, 
    1.5758060607244518*^-6}, {-5.447552947210802*^-6, 1.57580486517845*^-6, 
    -3.274003758241273*^-7, 0.0003388145281012261}, 
   {5.4475522668634955*^-6, 1.5758037973261953*^-6, 0.0003388145281008453, 
    -3.2740038330078547*^-7}}, {{-0.5248724677495074, 5.447551235389634*^-6, 
    0, -5.4475522665258885*^-6}, {5.447553026870656*^-6, 
    -3.274003760305594*^-7, 1.5758049893718708*^-6, 0.00033881452810089147}, 
   {0, 1.5758048675828376*^-6, 0.9999638363743886, 1.575806409135849*^-6}, 
   {-5.447551995132553*^-6, 0.0003388145281006228, 1.5758034489234146*^-6, 
    -3.274003823883209*^-7}}, {{-0.5248724677495092, -5.447553027784532*^-6, 
    5.4475529464991535*^-6, 0}, {-5.447551234318673*^-6, 
    -3.2740037766119945*^-7, 0.0003388145281034896, 1.575806062151987*^-6}, 
   {5.447551315669558*^-6, 0.0003388145281061727, -3.2740037816947343*^-7, 
    1.5758064094095388*^-6}, {0, 1.5758037962196247*^-6, 
    1.5758034489565882*^-6, 0.9999638363743908}}}, 
 {{{0., 0.0035143297402638824, 0.0035143297402655486, 0.003514329740271233}, 
   {-0.0035143297402638824, 0., -0.0036434823232317027, 
    0.003643482323226261}, {-0.0035143297402655486, 0.0036434823232317027, 
    0., -0.0036434823232243583}, {-0.003514329740271233, 
    -0.003643482323226261, 0.0036434823232243583, 0.}}, 
  {{0., 0.0035143297402669025, 0.003514329740265141, 0.0035143297402685943}, 
   {-0.0035143297402669025, 0., -0.0036434823232283386, 
    0.0036434823232264824}, {-0.003514329740265141, 0.0036434823232283386, 
    0., -0.0036434823232284405}, {-0.0035143297402685943, 
    -0.0036434823232264824, 0.0036434823232284405, 0.}}}, {0, 0}, 
 {{-1.5745853369195135, -1.5745731629241835}, {-0.7873249620681805, 
   -0.3936786266193505, 0.000016145585260252115}, 
  {-1.5745977346136786, -1.5745855606183485}, {{2, 1.8656036751378557*^-6}, 
   {3, 1.6214573580852591*^-6}, {4, 1.408075830592291*^-6}, 
   {5, 1.223585294986805*^-6}, {6, 1.0629892407084708*^-6}, 
   {7, 9.239774450822344*^-7}}, {{2, 0.00012804185248476525}, 
   {3, 0.00012833118587114527}, {4, 0.00012858147257354164}, 
   {5, 0.00012879929968531625}, {6, 0.0001289881373485148}, 
   {7, 0.0001291525829607136}}, {2.33937584332826*^-15, 0.9997830378625058}}}
