{5, 40, {{{-0.5248234401276521, 0, -0.00002011102392814346, 
    0.00002011102392801143}, {0, 0.9998068063106488, 0.000017132381621716444, 
    0.000017132381621859474}, {-0.00002011102392831938, 
    0.000017132381622060546, -4.6646468833974695*^-6, 
    0.00025782813643365115}, {0.000020111023927993848, 
    0.000017132381622045055, 0.0002578281364336564, -4.664646883592301*^-6}}, 
  {{-0.5248234401276527, 0.00002011102392829685, 0, 
    -0.000020111023928026086}, {0.0000201110239282547, -4.664646882718*^-6, 
    0.00001713238162206499, 0.00025782813643372975}, 
   {0, 0.000017132381621743054, 0.9998068063106504, 0.000017132381622149207}, 
   {-0.000020111023928003382, 0.0002578281364336643, 0.000017132381621893467, 
    -4.664646884141449*^-6}}, 
  {{-0.5248234401276552, -0.000020111023928330032, 0.000020111023928190014, 
    0}, {-0.000020111023928209712, -4.6646468833920485*^-6, 
    0.00025782813643472315, 0.000017132381622335652}, 
   {0.000020111023928327748, 0.00025782813643371663, -4.664646882618362*^-6, 
    0.000017132381622075654}, {0, 0.000017132381622013942, 
    0.00001713238162217969, 0.9998068063106516}}}, 
 {{{0, 0.007203524883088548, 0.007203524883088522, 0.00720352488308866}, 
   {-0.007203524883088548, 0, -0.008763635331410908, 0.00876363533140994}, 
   {-0.007203524883088522, 0.008763635331410908, 0, -0.00876363533140995}, 
   {-0.00720352488308866, -0.00876363533140994, 0.00876363533140995, 0}}, 
  {{0, 0.007203524883088425, 0.007203524883088529, 0.007203524883088731}, 
   {-0.007203524883088425, 0, -0.008763635331410731, 0.008763635331410013}, 
   {-0.007203524883088529, 0.008763635331410731, 0, -0.008763635331409968}, 
   {-0.007203524883088731, -0.008763635331410013, 0.008763635331409968, 0}}}, 
 {0, 0}, {{-1.573074127856107, -1.5718264407469988}, 
  {-6.298430604085809, -1.5749311884951103, -1.574284113547794}, 
  {-1.5744569244933122, -1.5732092373842042}, {{2, 0.0014922988455755432}, 
   {3, 0.0003247194149972356}, {4, 0.0000711398371435884}}, 
  {{2, 0.001490026178387681}, {3, 0.001547621272382992}, 
   {4, 0.0015601104483216827}}, {4.530079102339942*^-13, 0.9988413975767321}}}
{5, 40, {{{-0.5248234401276521, 0, -0.00002011102392814346, 
    0.00002011102392801143}, {0, 0.9998068063106488, 0.000017132381621716444, 
    0.000017132381621859474}, {-0.00002011102392831938, 
    0.000017132381622060546, -4.6646468833974695*^-6, 
    0.00025782813643365115}, {0.000020111023927993848, 
    0.000017132381622045055, 0.0002578281364336564, -4.664646883592301*^-6}}, 
  {{-0.5248234401276527, 0.00002011102392829685, 0, 
    -0.000020111023928026086}, {0.0000201110239282547, -4.664646882718*^-6, 
    0.00001713238162206499, 0.00025782813643372975}, 
   {0, 0.000017132381621743054, 0.9998068063106504, 0.000017132381622149207}, 
   {-0.000020111023928003382, 0.0002578281364336643, 0.000017132381621893467, 
    -4.664646884141449*^-6}}, 
  {{-0.5248234401276552, -0.000020111023928330032, 0.000020111023928190014, 
    0}, {-0.000020111023928209712, -4.6646468833920485*^-6, 
    0.00025782813643472315, 0.000017132381622335652}, 
   {0.000020111023928327748, 0.00025782813643371663, -4.664646882618362*^-6, 
    0.000017132381622075654}, {0, 0.000017132381622013942, 
    0.00001713238162217969, 0.9998068063106516}}}, 
 {{{0, 0.007203524883088548, 0.007203524883088522, 0.00720352488308866}, 
   {-0.007203524883088548, 0, -0.008763635331410908, 0.00876363533140994}, 
   {-0.007203524883088522, 0.008763635331410908, 0, -0.00876363533140995}, 
   {-0.00720352488308866, -0.00876363533140994, 0.00876363533140995, 0}}, 
  {{0, 0.007203524883088425, 0.007203524883088529, 0.007203524883088731}, 
   {-0.007203524883088425, 0, -0.008763635331410731, 0.008763635331410013}, 
   {-0.007203524883088529, 0.008763635331410731, 0, -0.008763635331409968}, 
   {-0.007203524883088731, -0.008763635331410013, 0.008763635331409968, 0}}}, 
 {0, 0}, {{-1.573074127856107, -1.5718264407469988}, 
  {-6.298430604085809, -1.5749311884951103, -1.574284113547794}, 
  {-1.5744569244933122, -1.5732092373842042}, {{2, 0.0014922988455755432}, 
   {3, 0.0003247194149972356}, {4, 0.0000711398371435884}}, 
  {{2, 0.001490026178387681}, {3, 0.001547621272382992}, 
   {4, 0.0015601104483216827}}, {4.530079102339942*^-13, 0.9988413975767321}}}
