{26, 28, {{{-0.5246902935015345, 0, -0.00008305651912476325, 
    0.00008305651912826265}, {0, 0.9991406890466394, 0.0000693570972771562, 
    0.0000693570972843552}, {-0.00008305651913197929, 0.00006935709727682996, 
    -0.000027154480082601865, 0.0061594526892911035}, 
   {0.00008305651912870202, 0.000069357097269531, 0.006159452689290609, 
    -0.00002715448007976559}}, {{-0.5246902935015345, 0.00008305651912391795, 
    0, -0.00008305651912875441}, {0.00008305651913289544, 
    -0.000027154480083640964, 0.00006935709727635487, 0.0061594526892897496}, 
   {0, 0.00006935709727766144, 0.9991406890466394, 0.00006935709728242428}, 
   {-0.0000830565191282373, 0.0061594526892922215, 0.00006935709727152645, 
    -0.00002715448007983845}}, {{-0.5246902935015355, -0.0000830565191329748, 
    0.00008305651913170746, 0}, {-0.00008305651912362833, 
    -0.000027154480081648634, 0.006159452689293494, 0.00006935709728473933}, 
   {0.00008305651912483681, 0.0061594526892900766, -0.000027154480082308696, 
    0.0000693570972823508}, {0, 0.0000693570972695374, 
    0.00006935709727192273, 0.9991406890466393}}}, 
 {{{0., -0.007289511336501067, -0.007289511336501051, -0.007289511336501089}, 
   {0.007289511336501067, 0., 0.008856219472075471, -0.00885621947207519}, 
   {0.007289511336501051, -0.008856219472075471, 0., 0.008856219472075225}, 
   {0.007289511336501089, 0.00885621947207519, -0.008856219472075225, 0.}}, 
  {{0., -0.007289511336501073, -0.007289511336501079, 
    -0.0072895113365010564}, {0.007289511336501073, 0., 0.008856219472075292, 
    -0.008856219472075233}, {0.007289511336501079, -0.008856219472075292, 0., 
    0.008856219472075126}, {0.0072895113365010564, 0.008856219472075233, 
    -0.008856219472075126, 0.}}}, {0, 0}, 
 {{-1.5741402554819124, -1.5754028358816294}, 
  {-0.794041596350185, -0.39340351581478467, -0.0036172823603078386}, 
  {-1.5727419941776233, -1.5740045745773403}, {{2, 0.000604947038323568}, 
   {3, 0.00019615130341548055}, {4, 0.00019023233769861802}, 
   {5, 0.00018378946411575295}, {6, 0.0001774842669167117}, 
   {7, 0.0001714439415711139}, {8, 0.00016568322456672353}, 
   {9, 0.00016018998435835246}, {10, 0.00015495046881268838}, 
   {11, 0.0001499484621267557}, {12, 0.00014517100015739443}, 
   {13, 0.00014060384189641065}, {14, 0.0001362358444783416}, 
   {15, 0.00013205467892207778}, {16, 0.00012805077287869702}, 
   {17, 0.00012421341856267386}, {18, 0.00012053435868193425}, 
   {19, 0.0001170042570890345}, {20, 0.00011361596090317654}, 
   {21, 0.00011036129964363262}, {22, 0.00010723405217172039}, 
   {23, 0.00010422704313853628}, {24, 0.00010133484096685411}, 
   {25, 0.0000985511235216301}}, {{2, 0.0015492638871609358}, 
   {3, 0.001561110748972898}, {4, 0.0015637397779929563}, 
   {5, 0.0015644592807295692}, {6, 0.0015646553728442018}, 
   {7, 0.0015648367426742504}, {8, 0.0015649188386766043}, 
   {9, 0.0015650696541676624}, {10, 0.0015651479367036068}, 
   {11, 0.0015652923368116942}, {12, 0.001565371388313983}, 
   {13, 0.0015655104741349912}, {14, 0.001565589957456649}, 
   {15, 0.0015657237966358764}, {16, 0.0015658032473558126}, 
   {17, 0.001565931908960019}, {18, 0.001566010944312589}, 
   {19, 0.001566134534232577}, {20, 0.0015662128467537168}, 
   {21, 0.0015663314985753748}, {22, 0.0015664088427083914}, 
   {23, 0.0015665227090104835}, {24, 0.0015665988899366296}, 
   {25, 0.0015667081355741866}}, {4.824921182591123*^-13, 
   0.9948551978271636}}}
{3, 28, {{{-0.5248676800842921, 0, -3.457235424371299*^-6, 
    3.4572354253131165*^-6}, {0, 0.9999668197725635, 2.9456553863825728*^-6, 
    2.9456553859556123*^-6}, {-3.457235424206258*^-6, 2.9456553844651307*^-6, 
    -3.3089082446605134*^-7, 0.00005232061005708325}, 
   {3.457235423994088*^-6, 2.9456553851413493*^-6, 0.000052320610060679166, 
    -3.3089082638812495*^-7}}, {{-0.5248676800842922, 3.457235424083372*^-6, 
    0, -3.45723542529269*^-6}, {3.457235424469315*^-6, 
    -3.308908235553215*^-7, 2.945655384469398*^-6, 0.00005232061005939916}, 
   {0, 2.945655386353909*^-6, 0.9999668197725634, 2.945655384908827*^-6}, 
   {-3.4572354240049766*^-6, 0.00005232061005872626, 2.945655386109311*^-6, 
    -3.3089082757120636*^-7}}, 
  {{-0.5248676800842922, -3.4572354241317927*^-6, 3.4572354244207995*^-6, 0}, 
   {-3.457235424259334*^-6, -3.3089082629271516*^-7, 0.00005232061005543489, 
    2.9456553853992166*^-6}, {3.457235424001799*^-6, 0.00005232061006097327, 
    -3.308908277377398*^-7, 2.945655386464708*^-6}, 
   {0, 2.9456553859957523*^-6, 2.9456553849590246*^-6, 0.9999668197725651}}}, 
 {{{0., -0.0014927318906562967, -0.001492731890656289, 
    -0.001492731890656315}, {0.0014927318906562967, 0., 0.001816315210131167, 
    -0.0018163152101313075}, {0.001492731890656289, -0.001816315210131167, 
    0., 0.0018163152101314528}, {0.001492731890656315, 0.0018163152101313075, 
    -0.0018163152101314528, 0.}}, 
  {{0., -0.0014927318906563097, -0.001492731890656305, 
    -0.0014927318906563184}, {0.0014927318906563097, 0., 
    0.0018163152101312672, -0.0018163152101312145}, 
   {0.001492731890656305, -0.0018163152101312672, 0., 0.0018163152101315382}, 
   {0.0014927318906563184, 0.0018163152101312145, -0.0018163152101315382, 
    0.}}}, {0, 0}, {{-1.5748160280590415, -1.575074576806711}, 
  {-0.792154616708782, -0.3936459130084573, -0.0024313953459336735}, 
  {-1.5745294561738814, -1.5747880049215508}, {{2, 0.00003743977568331945}}, 
  {{2, 0.00032358331947501893}}, {3.590437067360121*^-17, 
   0.9998009351485657}}}
