{5, 28, {{{-0.5248463055873089, 0, -0.00001281445405228093, 
    0.000012814454052541716}, {0, 0.9998761122469625, 
    0.000010990215492754027, 0.000010990215492345418}, 
   {-0.000012814454052359408, 0.000010990215492067246, 
    -2.5713190158413446*^-6, 0.00020941715372104934}, 
   {0.000012814454052106568, 0.00001099021549251448, 0.00020941715372170414, 
    -2.57131901477102*^-6}}, {{-0.5248463055873087, 0.000012814454052376626, 
    0, -0.000012814454052547412}, {0.000012814454052278743, 
    -2.5713190159159377*^-6, 0.000010990215492071735, 
    0.00020941715372095731}, {0, 0.000010990215492734512, 0.9998761122469626, 
    0.00001099021549253206}, {-0.000012814454052107698, 
    0.00020941715372182346, 0.000010990215492305535, -2.57131901593155*^-6}}, 
  {{-0.5248463055873093, -0.000012814454052374512, 0.000012814454052253449, 
    0}, {-0.000012814454052096726, -2.571319016305383*^-6, 
    0.00020941715372173368, 0.000010990215492819852}, 
   {0.000012814454052230293, 0.00020941715372064284, -2.5713190154597054*^-6, 
    0.000010990215492565284}, {0, 0.000010990215492341068, 
    0.00001099021549263739, 0.9998761122469628}}}, 
 {{{0., -0.0028840217589972262, -0.002884021758997245, 
    -0.0028840217589972262}, {0.0028840217589972262, 0., 
    0.003508967903589007, -0.0035089679035891184}, 
   {0.002884021758997245, -0.003508967903589007, 0., 0.0035089679035890066}, 
   {0.0028840217589972262, 0.0035089679035891184, -0.0035089679035890066, 
    0.}}, {{0., -0.0028840217589972306, -0.0028840217589972193, 
    -0.002884021758997238}, {0.0028840217589972306, 0., 
    0.0035089679035890087, -0.0035089679035891054}, 
   {0.0028840217589972193, -0.0035089679035890087, 0., 
    0.0035089679035890387}, {0.002884021758997238, 0.0035089679035891054, 
    -0.0035089679035890387, 0.}}}, {0, 0}, 
 {{-1.574568614306648, -1.5747684251953151}, {-0.7883751804041627, 
   -0.39361664787018297, -0.0005709423318983609}, 
  {-1.5743471546484906, -1.5745469655371578}, {{2, 0.0005983636999954134}, 
   {3, 0.00013027946721662614}, {4, 0.00004227457174129994}}, 
  {{2, 0.0006108660558657741}, {3, 0.000622450266826255}, 
   {4, 0.0006249461445918165}}, {1.866707939132069*^-15, 0.9992569036663809}}}
{3, 28, {{{-0.5248742540793396, 0, -5.62569286802862*^-7, 
    5.625692875748713*^-7}, {0, 0.9999947017813633, 4.704736680357906*^-7, 
    4.704736698243264*^-7}, {-5.62569286617665*^-7, 4.7047366836310065*^-7, 
    -4.596624710549724*^-8, 4.97967819943515*^-6}, 
   {5.625692865449341*^-7, 4.704736672520178*^-7, 4.979678200350257*^-6, 
    -4.5966248540980914*^-8}}, {{-0.52487425407934, 5.625692872420259*^-7, 0, 
    -5.625692875604182*^-7}, {5.625692861309279*^-7, -4.5966247169682006*^-8, 
    4.7047366836143634*^-7, 4.979678200454147*^-6}, 
   {0, 4.704736680326406*^-7, 0.9999947017813645, 4.7047366833972514*^-7}, 
   {-5.625692865413345*^-7, 4.979678200229888*^-6, 4.704736687124097*^-7, 
    -4.5966248640727514*^-8}}, {{-0.5248742540793405, -5.625692872139348*^-7, 
    5.625692867673281*^-7, 0}, {-5.625692860059558*^-7, 
    -4.596624884976169*^-8, 4.979678200401063*^-6, 4.704736673988306*^-7}, 
   {5.625692864898586*^-7, 4.9796782014907285*^-6, -4.5966249889728417*^-8, 
    4.7047366889312*^-7}, {0, 4.704736699244221*^-7, 4.7047366843806095*^-7, 
    0.999994701781368}}}, 
 {{{0., -0.0005965156515776286, -0.0005965156515776292, 
    -0.0005965156515776794}, {0.0005965156515776286, 0., 
    0.0007258402681683309, -0.0007258402681668346}, 
   {0.0005965156515776292, -0.0007258402681683309, 0., 0.000725840268166471}, 
   {0.0005965156515776794, 0.0007258402681668346, -0.000725840268166471, 
    0.}}, {{0., -0.0005965156515776482, -0.0005965156515776496, 
    -0.0005965156515776776}, {0.0005965156515776482, 0., 
    0.0007258402681686603, -0.0007258402681665191}, 
   {0.0005965156515776496, -0.0007258402681686603, 0., 
    0.0007258402681665106}, {0.0005965156515776776, 0.0007258402681665191, 
    -0.0007258402681665106, 0.}}}, {0, 0}, 
 {{-1.5746568148517675, -1.57469814266841}, {-0.7880864450229305, 
   -0.3936549163722758, -0.0003883061391894427}, 
  {-1.5746110070989936, -1.574652334915636}, {{2, 0.00003739787945610342}}, 
  {{2, 0.00012932461658956895}}, {1.462333233162995*^-19, 
   0.9999682111092553}}}
