{100, 20, {{{-0.0029095805900596233, 0, 0, 0}, {0, 0.0029095805900595543, 0, 
    0}, {0, 0, 0, 0.002909580590059548}, {0, 0, 0.0029095805900595482, 0}}, 
  {{-0.0029095805900596263, 0, 0, 0}, {0, 0, 0, 0.002909580590059546}, 
   {0, 0, 0.0029095805900595496, 0}, {0, 0.0029095805900595487, 0, 0}}, 
  {{-0.0029095805900597807, 0, 0, 0}, {0, 0, 0.002909580590059715, 0}, 
   {0, 0.002909580590059716, 0, 0}, {0, 0, 0, 0.002909580590059716}}}, 
 {{{0, 0.5773429376361074, 0.5773429376361079, 0.5773429376361048}, 
   {-0.5773429376361074, 0, -0.5773429376361048, 0.5773429376361079}, 
   {-0.5773429376361079, 0.5773429376361048, 0, -0.5773429376361076}, 
   {-0.5773429376361048, -0.5773429376361079, 0.5773429376361076, 0}}, 
  {{0, 0.5773429376361077, 0.5773429376361081, 0.5773429376361041}, 
   {-0.5773429376361077, 0, -0.5773429376361046, 0.5773429376361079}, 
   {-0.5773429376361081, 0.5773429376361046, 0, -0.5773429376361074}, 
   {-0.5773429376361041, -0.5773429376361079, 0.5773429376361074, 0}}}, 
 {0, 0}, {{-0.9000012697548173, -0.8000025396171369}, 
  {-1.0499993952058568, -0.9999873014036833, 0.4749876038007549}, 
  {-0.999999999892498, -0.9000012697548175}, {{2, 0.024105086727679133}, 
   {3, 0.02158543755008628}, {4, 0.02026652251500774}, 
   {5, 0.020607180064927372}, {6, 0.02402322095570566}, 
   {7, 0.039537957533734285}, {8, 0.06776756254007266}, 
   {9, 0.1480584203896318}, {10, 0.19230034560515685}, 
   {11, 0.11128368551515533}, {12, 0.05942347095117939}, 
   {13, 0.037473093366396704}, {14, 0.030458901159744478}, 
   {15, 0.025292312547607998}, {16, 0.021558550953193922}, 
   {17, 0.018542162102572313}, {18, 0.016170451279737097}, 
   {19, 0.01421920907319138}, {20, 0.012620803761919513}, 
   {21, 0.01128717681414279}, {22, 0.010165574030979146}, 
   {23, 0.00921109247597307}, {24, 0.008391460388015831}, 
   {25, 0.0076811561470822715}, {26, 0.007060614843379803}, 
   {27, 0.006514392178943854}, {28, 0.006030285118409084}, 
   {29, 0.00559852354525045}, {30, 0.005211229231573369}, 
   {31, 0.004861991493247592}, {32, 0.004545553582584461}, 
   {33, 0.004257572343915814}, {34, 0.003994433875803435}, 
   {35, 0.0037531108115787942}, {36, 0.0035310509070823753}, 
   {37, 0.003326089395386908}, {38, 0.00313637952950839}, 
   {39, 0.0029603371536022285}, {40, 0.0027965961759399416}, 
   {41, 0.002643972575175166}, {42, 0.0025014351320412007}, 
   {43, 0.0023680814965229696}, {44, 0.0022431185142588045}, 
   {45, 0.00212584597321077}, {46, 0.0020156431123862506}, 
   {47, 0.0019119573729423078}, {48, 0.0018142949790017834}, 
   {49, 0.0017222130185873402}, {50, 0.0016353127600129622}, 
   {51, 0.001553233990126187}, {52, 0.0014756502011585397}, 
   {53, 0.0014022644850003457}, {54, 0.001332806019356994}, 
   {55, 0.0012670270508133782}, {56, 0.0012047002964577364}, 
   {57, 0.0011456166991370247}, {58, 0.0010895834824036568}, 
   {59, 0.0010364224601493478}, {60, 0.0009859685632734524}, 
   {61, 0.0009380685517885595}, {62, 0.0008925798857678212}, 
   {63, 0.0008493697326907475}, {64, 0.0008083140921973375}, 
   {65, 0.000769297022145541}, {66, 0.0007322099522795548}, 
   {67, 0.000696951073843247}, {68, 0.000663424795178242}, 
   {69, 0.000631541254784351}, {70, 0.0006012158845369511}, 
   {71, 0.0005723690167862248}, {72, 0.0005449255299384177}, 
   {73, 0.0005188145278640192}, {74, 0.0004939690491126483}, 
   {75, 0.0004703258024550596}, {76, 0.00044782492573867266}, 
   {77, 0.0004264097654367565}, {78, 0.0004060266746146752}, 
   {79, 0.0003866248273282696}, {80, 0.0003681560477208634}, 
   {81, 0.0003505746523032368}, {82, 0.00033383730408757806}, 
   {83, 0.00031790287740832753}, {84, 0.00030273233240347367}, 
   {85, 0.00028828859824986224}, {86, 0.0002745364643528918}, 
   {87, 0.00026144247878122535}, {88, 0.0002489748533177514}, 
   {89, 0.00023710337456610102}, {90, 0.0002257993206145007}, 
   {91, 0.00021503538280925275}, {92, 0.00020478559223922367}, 
   {93, 0.00019502525057050026}, {94, 0.00018573086490855607}, 
   {95, 0.00017688008639545928}, {96, 0.0001684516522771455}, 
   {97, 0.00016042533120133942}, {98, 0.00015278187152741474}, 
   {99, 0.00014550295244926837}}, {{2, 0.009218174667450653}, 
   {3, 0.012943817572669596}, {4, 0.016334349813887653}, 
   {5, 0.019788877976784823}, {6, 0.024084782382591166}, 
   {7, 0.03099561530440405}, {8, 0.04475273539269664}, 
   {9, 0.07120712894813938}, {10, 0.05958573161573959}, 
   {11, 0.021446227427581267}, {12, 0.006153292174956998}, 
   {13, 0.0013641464760319928}, {14, 0.0003000996217217833}, 
   {15, 0.000045065750778542725}, {16, 9.480340577738833*^-6}, 
   {17, 4.5252793773320477*^-7}, {18, 3.2436357956984924*^-7}, 
   {19, 5.3861459348159*^-8}, {20, 2.350808251764628*^-8}, 
   {21, 7.264096453981257*^-9}, {22, 2.425627310120859*^-9}, 
   {23, 7.883050508657636*^-10}, {24, 2.5577155208604075*^-10}, 
   {25, 8.244083193886809*^-11}, {26, 2.6434669268364054*^-11}, 
   {27, 8.457679001594443*^-12}, {28, 2.900809222457686*^-12}, 
   {29, 6.493972026788697*^-12}, {30, 2.304452924780283*^-13}, 
   {31, 5.737632591262809*^-13}, {32, 2.2463512531582332*^-14}, 
   {33, 5.105175541568011*^-14}, {34, 2.220446049250313*^-15}, 
   {35, 4.551914400963142*^-15}, {36, 5.181040781584063*^-16}, 
   {37, 7.956598343146955*^-16}, {38, 2.0724163126336253*^-15}, 
   {39, 1.6653345369377348*^-16}, {40, 7.031412489292658*^-16}, 
   {41, 8.326672684688674*^-16}, {42, 1.9798977272481957*^-15}, 
   {43, 7.031412489292658*^-16}, {44, 8.141635513917814*^-16}, 
   {45, 3.2936616397212975*^-15}, {46, 2.6830389761774614*^-15}, 
   {47, 1.6468308198606487*^-15}, {48, 1.6653345369377348*^-16}, 
   {49, 5.921189464667501*^-16}, {50, 4.625929269271485*^-16}, 
   {51, 3.0901207518733522*^-15}, {52, 7.586524001605236*^-16}, 
   {53, 6.29126380620922*^-16}, {54, 7.771561172376096*^-16}, 
   {55, 9.25185853854297*^-16}, {56, 1.0547118733938987*^-15}, 
   {57, 2.5720166737149457*^-15}, {58, 2.4054832200211722*^-15}, 
   {59, 1.2952601953960158*^-16}, {60, 3.700743415417188*^-17}, 
   {61, 5.551115123125783*^-17}, {62, 5.551115123125783*^-17}, 
   {63, 1.1102230246251565*^-16}, {64, 1.6653345369377348*^-16}, 
   {65, 1.1102230246251565*^-16}, {66, 7.401486830834377*^-17}, 
   {67, 1.2952601953960158*^-16}, {68, 7.401486830834377*^-17}, 
   {69, 1.1102230246251565*^-16}, {70, 7.401486830834377*^-17}, 
   {71, 1.1102230246251565*^-16}, {72, 1.1102230246251565*^-16}, 
   {73, 5.551115123125783*^-17}, {74, 1.6653345369377348*^-16}, 
   {75, 1.2952601953960158*^-16}, {76, 9.25185853854297*^-17}, 
   {77, 9.25185853854297*^-17}, {78, 1.2952601953960158*^-16}, 
   {79, 1.6653345369377348*^-16}, {80, 5.551115123125783*^-17}, 
   {81, 1.4802973661668753*^-16}, {82, 9.25185853854297*^-17}, 
   {83, 1.1102230246251565*^-16}, {84, 2.0354088784794536*^-16}, 
   {85, 9.25185853854297*^-17}, {86, 1.4802973661668753*^-16}, 
   {87, 1.4802973661668753*^-16}, {88, 7.401486830834377*^-17}, 
   {89, 1.2952601953960158*^-16}, {90, 1.850371707708594*^-16}, 
   {91, 5.551115123125783*^-17}, {92, 5.551115123125783*^-17}, 
   {93, 3.700743415417188*^-17}, {94, 9.25185853854297*^-17}, 
   {95, 1.4802973661668753*^-16}, {96, 1.4802973661668753*^-16}, 
   {97, 9.25185853854297*^-17}, {98, 1.2952601953960158*^-16}, 
   {99, 1.6653345369377348*^-16}}, {0.03703421521035643, 
   6.06711665172225*^-16}}}
