{5, 20, {{{-0.5247007563134716, 0, -0.00008100693453167483, 
    0.0000810069345317626}, {0, 0.9992245468110531, 0.00006858626858852102, 
    0.00006858626858878871}, {-0.00008100693453190377, 0.0000685862685888614, 
    -0.000018605125595495906, 0.0010375465672626887}, 
   {0.00008100693453197518, 0.00006858626858866814, 0.0010375465672614772, 
    -0.00001860512559602673}}, {{-0.5247007563134722, 0.0000810069345316899, 
    0, -0.00008100693453173602}, {0.0000810069345318658, 
    -0.000018605125596330742, 0.0000685862685888182, 0.001037546567262267}, 
   {0, 0.00006858626858854069, 0.9992245468110528, 0.00006858626858887638}, 
   {-0.0000810069345319696, 0.0010375465672618554, 0.0000685862685886624, 
    -0.000018605125595669812}}, 
  {{-0.5247007563134715, -0.00008100693453181468, 0.00008100693453161356, 0}, 
   {-0.00008100693453162363, -0.00001860512559591007, 0.0010375465672632584, 
    0.00006858626858885093}, {0.0000810069345317836, 0.0010375465672613068, 
    -0.000018605125596510286, 0.00006858626858880184}, 
   {0, 0.0000685862685888627, 0.00006858626858880286, 0.9992245468110532}}}, 
 {{{0, 0.014426959571285999, 0.014426959571286004, 0.01442695957128614}, 
   {-0.014426959571285999, 0, -0.017547392901407943, 0.017547392901407492}, 
   {-0.014426959571286004, 0.017547392901407943, 0, -0.017547392901407603}, 
   {-0.01442695957128614, -0.017547392901407492, 0.017547392901407603, 0}}, 
  {{0, 0.01442695957128606, 0.01442695957128606, 0.014426959571286146}, 
   {-0.01442695957128606, 0, -0.01754739290140791, 0.017547392901407763}, 
   {-0.01442695957128606, 0.01754739290140791, 0, -0.01754739290140747}, 
   {-0.014426959571286146, -0.017547392901407763, 0.01754739290140747, 0}}}, 
 {0, 0}, {{-1.5685083924084091, -1.5635107470131675}, 
  {-6.298611281764261, -1.5759518657630065, -1.573353775119124}, 
  {-1.5740465127105912, -1.5690488673153495}, {{2, 0.0029891122849885366}, 
   {3, 0.0006562892262393406}, {4, 0.0002805511293837809}}, 
  {{2, 0.0029804555031370168}, {3, 0.003095490077779968}, 
   {4, 0.003120433330121629}}, {2.919278995801846*^-11, 0.9953562914604352}}}
{5, 20, {{{-0.5247007563134716, 0, -0.00008100693453167483, 
    0.0000810069345317626}, {0, 0.9992245468110531, 0.00006858626858852102, 
    0.00006858626858878871}, {-0.00008100693453190377, 0.0000685862685888614, 
    -0.000018605125595495906, 0.0010375465672626887}, 
   {0.00008100693453197518, 0.00006858626858866814, 0.0010375465672614772, 
    -0.00001860512559602673}}, {{-0.5247007563134722, 0.0000810069345316899, 
    0, -0.00008100693453173602}, {0.0000810069345318658, 
    -0.000018605125596330742, 0.0000685862685888182, 0.001037546567262267}, 
   {0, 0.00006858626858854069, 0.9992245468110528, 0.00006858626858887638}, 
   {-0.0000810069345319696, 0.0010375465672618554, 0.0000685862685886624, 
    -0.000018605125595669812}}, 
  {{-0.5247007563134715, -0.00008100693453181468, 0.00008100693453161356, 0}, 
   {-0.00008100693453162363, -0.00001860512559591007, 0.0010375465672632584, 
    0.00006858626858885093}, {0.0000810069345317836, 0.0010375465672613068, 
    -0.000018605125596510286, 0.00006858626858880184}, 
   {0, 0.0000685862685888627, 0.00006858626858880286, 0.9992245468110532}}}, 
 {{{0, 0.014426959571285999, 0.014426959571286004, 0.01442695957128614}, 
   {-0.014426959571285999, 0, -0.017547392901407943, 0.017547392901407492}, 
   {-0.014426959571286004, 0.017547392901407943, 0, -0.017547392901407603}, 
   {-0.01442695957128614, -0.017547392901407492, 0.017547392901407603, 0}}, 
  {{0, 0.01442695957128606, 0.01442695957128606, 0.014426959571286146}, 
   {-0.01442695957128606, 0, -0.01754739290140791, 0.017547392901407763}, 
   {-0.01442695957128606, 0.01754739290140791, 0, -0.01754739290140747}, 
   {-0.014426959571286146, -0.017547392901407763, 0.01754739290140747, 0}}}, 
 {0, 0}, {{-1.5685083924084091, -1.5635107470131675}, 
  {-6.298611281764261, -1.5759518657630065, -1.573353775119124}, 
  {-1.5740465127105912, -1.5690488673153495}, {{2, 0.0029891122849885366}, 
   {3, 0.0006562892262393406}, {4, 0.0002805511293837809}}, 
  {{2, 0.0029804555031370168}, {3, 0.003095490077779968}, 
   {4, 0.003120433330121629}}, {2.919278995801846*^-11, 0.9953562914604352}}}
