{3, 28, {{{-0.5248303678327689, 0, -0.0000198468744097679, 
    0.000019846874410241235}, {0, 0.9998080647348427, 0.00001697967607235622, 
    0.000016979676072386714}, {-0.000019846874410466888, 
    0.000016979676072333914, -2.6760392834654367*^-6, 0.0005410050058562964}, 
   {0.000019846874409951455, 0.000016979676071835316, 0.0005410050058589172, 
    -2.6760392855844015*^-6}}, 
  {{-0.5248303678327688, 0.000019846874409883048, 0, 
    -0.00001984687441017439}, {0.000019846874410373772, 
    -2.6760392822320483*^-6, 0.000016979676072436276, 0.0005410050058565299}, 
   {0, 0.00001697967607224204, 0.9998080647348427, 0.00001697967607271237}, 
   {-0.00001984687441001412, 0.0005410050058587488, 0.000016979676071560322, 
    -2.676039286664267*^-6}}, {{-0.5248303678327693, -0.00001984687441039683, 
    0.00001984687441029854, 0}, {-0.000019846874409678534, 
    -2.6760392849989323*^-6, 0.0005410050058576356, 0.000016979676072640106}, 
   {0.000019846874409723454, 0.0005410050058565056, -2.676039284749132*^-6, 
    0.00001697967607259408}, {0, 0.000016979676071946637, 
    0.000016979676072006383, 0.999808064734844}}}, 
 {{{0., -0.003586481855603689, -0.0035864818556036984, 
    -0.003586481855603716}, {0.003586481855603689, 0., 0.0043631602818619076, 
    -0.004363160281861738}, {0.0035864818556036984, -0.0043631602818619076, 
    0., 0.004363160281861655}, {0.003586481855603716, 0.004363160281861738, 
    -0.004363160281861655, 0.}}, {{0., -0.003586481855603719, 
    -0.003586481855603713, -0.003586481855603712}, 
   {0.003586481855603719, 0., 0.00436316028186184, -0.004363160281861761}, 
   {0.003586481855603713, -0.00436316028186184, 0., 0.004363160281861664}, 
   {0.003586481855603712, 0.004363160281861761, -0.004363160281861664, 0.}}}, 
 {0, 0}, {{-1.5757183641978108, -1.57720923670845}, 
  {-0.8155355144697706, -0.3935948418887637, -0.014172915346121584}, 
  {-1.5740660621077212, -1.5755569346183604}, {{2, 0.000055066467586486014}}, 
  {{2, 0.0007766784262580531}}, {6.899331352843075*^-15, 0.9988489408548545}}}
