{3, 28, {{{-0.5248642348119091, 0, -4.969941326563602*^-6, 
    4.969941326586331*^-6}, {0, 0.9999522022057008, 4.242578382502514*^-6, 
    4.242578382600351*^-6}, {-4.969941326667543*^-6, 4.242578382032344*^-6, 
    -5.056733339611069*^-7, 0.00008492903155351661}, 
   {4.969941326796297*^-6, 4.2425783819738195*^-6, 0.00008492903155687522, 
    -5.056733361555321*^-7}}, {{-0.5248642348119094, 4.969941326569758*^-6, 
    0, -4.969941326563676*^-6}, {4.969941326658124*^-6, 
    -5.05673332699963*^-7, 4.242578382036022*^-6, 0.00008492903155576837}, 
   {0, 4.242578382456442*^-6, 0.9999522022057007, 4.242578382617122*^-6}, 
   {-4.96994132681605*^-6, 0.00008492903155533484, 4.242578381853124*^-6, 
    -5.056733363706378*^-7}}, {{-0.52486423481191, -4.969941326649195*^-6, 
    4.9699413266617545*^-6, 0}, {-4.9699413263993335*^-6, 
    -5.056733356238394*^-7, 0.00008492903155266796, 4.242578382266881*^-6}, 
   {4.969941326416519*^-6, 0.00008492903155727224, -5.056733371477939*^-7, 
    4.242578382290967*^-6}, {0, 4.2425783825990805*^-6, 
    4.242578382667435*^-6, 0.9999522022057026}}}, 
 {{{0., -0.001791549099804559, -0.0017915490998045608, 
    -0.001791549099804549}, {0.001791549099804559, 0., 0.002179878316495564, 
    -0.0021798783164951926}, {0.0017915490998045608, -0.002179878316495564, 
    0., 0.0021798783164952897}, {0.001791549099804549, 0.0021798783164951926, 
    -0.0021798783164952897, 0.}}, 
  {{0., -0.0017915490998045465, -0.001791549099804547, 
    -0.001791549099804547}, {0.0017915490998045465, 0., 
    0.0021798783164951414, -0.0021798783164952477}, 
   {0.001791549099804547, -0.0021798783164951414, 0., 0.0021798783164953474}, 
   {0.001791549099804547, 0.0021798783164952477, -0.0021798783164953474, 
    0.}}}, {0, 0}, {{-1.5748994378098808, -1.5752718042976954}, 
  {-0.794291652032843, -0.393641195117434, -0.003504630898987504}, 
  {-1.5744867149660646, -1.5748590814538792}, {{2, 0.000037469725076058266}}, 
  {{2, 0.0003883292166907455}}, {1.0729846487990937*^-16, 
   0.9997132475014613}}}
