{50, 28, {{{-0.5248093633322288, 0, -0.000029170292266560204, 
    0.00002917029242265642}, {0, 0.9997081014839975, 0.00002484202062900102, 
    0.00002484202078260032}, {-0.000029170292589317382, 
    0.00002484202060695778, -9.909016341741114*^-6, 0.002415205717511493}, 
   {0.000029170292432930156, 0.000024842020453785547, 0.0024152057175114115, 
    -9.909016340633493*^-6}}, {{-0.5248093633322288, 0.00002917029233154779, 
    0, -0.000029170292432343562}, {0.000029170292524310978, 
    -9.909016341454885*^-6, 0.000024842020629440393, 0.0024152057175117784}, 
   {0, 0.00002484202060654741, 0.9997081014839975, 0.000024842020848412447}, 
   {-0.000029170292423228996, 0.002415205717511793, 0.000024842020387861182, 
    -9.90901634148611*^-6}}, {{-0.5248093633322294, -0.00002917029252475173, 
    0.000029170292589694667, 0}, {-0.00002917029233093755, 
    -9.909016340704617*^-6, 0.002415205717513454, 0.000024842020783529266}, 
   {0.000029170292266002565, 0.002415205717513927, -9.909016340348131*^-6, 
    0.000024842020848540847}, {0, 0.00002484202045313237, 
    0.00002484202038809491, 0.9997081014839984}}}, 
 {{{0., -0.004346446969871721, -0.004346446969872276, -0.004346446969872629}, 
   {0.004346446969871721, 0., 0.005285289310854574, -0.005285289310853916}, 
   {0.004346446969872276, -0.005285289310854574, 0., 0.005285289310853824}, 
   {0.004346446969872629, 0.005285289310853916, -0.005285289310853824, 0.}}, 
  {{0., -0.004346446969872678, -0.004346446969872126, -0.004346446969871839}, 
   {0.004346446969872678, 0., 0.005285289310853909, -0.005285289310854212}, 
   {0.004346446969872126, -0.005285289310853909, 0., 0.00528528931085442}, 
   {0.004346446969871839, 0.005285289310854212, -0.00528528931085442, 0.}}}, 
 {0, 0}, {{-1.574476887596504, -1.5749285836155575}, 
  {-0.7897138720550086, -0.3935660796176572, -0.0012908564098471076}, 
  {-1.5739764078984044, -1.574428103917458}, {{2, 0.000598706382640167}, 
   {3, 0.0001311054182327985}, {4, 0.00006437863306235918}, 
   {5, 0.00006173815094514179}, {6, 0.000059117710505118956}, 
   {7, 0.00005659626581330703}, {8, 0.000054186958357138344}, 
   {9, 0.00005188703035816826}, {10, 0.00004969233476486692}, 
   {11, 0.000047596989479892346}, {12, 0.00004559660262347517}, 
   {13, 0.000043685794086566155}, {14, 0.000041860653659767056}, 
   {15, 0.00004011638972097899}, {16, 0.00003844953990573153}, 
   {17, 0.00003685583274686552}, {18, 0.00003533219469887671}, 
   {19, 0.000033874809519481106}, {20, 0.000032480941192231235}, 
   {21, 0.00003114717286547891}, {22, 0.00002987106250381148}, 
   {23, 0.000028649544704490663}, {24, 0.000027480434353486637}, 
   {25, 0.00002636097619484242}, {26, 0.000025289210381526823}, 
   {27, 0.00002426265609397748}, {28, 0.00002327955162046997}, 
   {29, 0.000022337659594487847}, {30, 0.000021435393098570392}, 
   {31, 0.00002057073125547211}, {32, 0.000019742241796294902}, 
   {33, 0.000018948096788652148}, {34, 0.000018187001167708095}, 
   {35, 0.000017457299330861983}, {36, 0.000016757818260322403}, 
   {37, 0.000016087056580545503}, {38, 0.000015443950109752993}, 
   {39, 0.00001482713575878293}, {40, 0.000014235646638493214}, 
   {41, 0.000013668243875543558}, {42, 0.000013124047746875672}, 
   {43, 0.000012601931143842258}, {44, 0.00001210109261106469}, 
   {45, 0.000011620505758022648}, {46, 0.000011159439547608115}, 
   {47, 0.000010716958490994064}, {48, 0.000010292395034343198}, 
   {49, 9.88489584126959*^-6}}, {{2, 0.000923663963436604}, 
   {3, 0.0009352941181965604}, {4, 0.0009377864145949108}, 
   {5, 0.0009383891158459476}, {6, 0.0009384830410421464}, 
   {7, 0.0009385587183573158}, {8, 0.0009385418123699072}, 
   {9, 0.0009385886886533682}, {10, 0.0009385689546224102}, 
   {11, 0.0009386109097893661}, {12, 0.0009385931836021225}, 
   {13, 0.0009386316245024635}, {14, 0.0009386158913822592}, 
   {15, 0.0009386511427616998}, {16, 0.0009386371871948357}, 
   {17, 0.0009386695049041834}, {18, 0.000938657127087475}, 
   {19, 0.0009386867466953872}, {20, 0.0009386757695972702}, 
   {21, 0.0009387029094476017}, {22, 0.0009386931764034822}, 
   {23, 0.000938718038591453}, {24, 0.0009387094108290676}, 
   {25, 0.0009387321821193244}, {26, 0.0009387245365995614}, 
   {27, 0.0009387453893557932}, {28, 0.000938738616898375}, 
   {29, 0.0009387577100082168}, {30, 0.0009387517136605381}, 
   {31, 0.0009387691934414686}, {32, 0.0009387638870551982}, 
   {33, 0.0009387798881309798}, {34, 0.0009387751951168664}, 
   {35, 0.0009387898412574654}, {36, 0.0009387856934934592}, 
   {37, 0.0009387990984142151}, {38, 0.0009387954352862907}, 
   {39, 0.000938807703403532}, {40, 0.0009388044709611636}, 
   {41, 0.0009388156981033856}, {42, 0.0009388128483150973}, 
   {43, 0.000938823122389538}, {44, 0.0009388206124852786}, 
   {45, 0.000938830014100492}, {46, 0.0009388278059902275}, 
   {47, 0.0009388364090361567}, {48, 0.0009388344687949492}, 
   {49, 0.0009388423409819309}}, {2.1797796337770573*^-14, 
   0.9982498864778272}}}
