{16, 28, {{{-0.5247578554452128, 0, -0.00005196499831985496, 
    0.00005196499832017668}, {0, 0.9994886134165031, 0.000044179575807298094, 
    0.000044179575807523554}, {-0.00005196499832064954, 
    0.00004417957580702168, -0.000021269970359416926, 0.00254838993780202}, 
   {0.000051964998320121766, 0.0000441795758062565, 0.002548389937801102, 
    -0.000021269970358443746}}, 
  {{-0.524757855445213, 0.000051964998319981335, 0, -0.00005196499832013917}, 
   {0.00005196499832053517, -0.000021269970359383966, 
    0.000044179575807088464, 0.002548389937801283}, 
   {0, 0.00004417957580726622, 0.9994886134165031, 0.00004417957580775674}, 
   {-0.000051964998320161116, 0.0025483899378016704, 0.00004417957580604905, 
    -0.00002126997035822864}}, 
  {{-0.5247578554452137, -0.000051964998320468155, 0.000051964998320607896, 
    0}, {-0.00005196499831990306, -0.000021269970358264202, 
    0.002548389937802456, 0.00004417957580752648}, 
   {0.00005196499831976612, 0.002548389937802278, -0.000021269970358339663, 
    0.000044179575807675905}, {0, 0.00004417957580656257, 
    0.00004417957580644081, 0.9994886134165046}}}, 
 {{{0., -0.0057972205660836, -0.005797220566083595, -0.005797220566083583}, 
   {0.0057972205660836, 0., 0.007048844237114453, -0.007048844237114679}, 
   {0.005797220566083595, -0.007048844237114453, 0., 0.007048844237114644}, 
   {0.005797220566083583, 0.007048844237114679, -0.007048844237114644, 0.}}, 
  {{0., -0.005797220566083604, -0.00579722056608361, -0.005797220566083592}, 
   {0.005797220566083604, 0., 0.007048844237114329, -0.007048844237114719}, 
   {0.00579722056608361, -0.007048844237114329, 0., 0.0070488442371147075}, 
   {0.005797220566083592, 0.007048844237114719, -0.0070488442371147075, 
    0.}}}, {0, 0}, {{-1.5743726136989904, -1.5751759001440402}, 
  {-0.7915867741280271, -0.39349575551623445, -0.002297631547779122}, 
  {-1.573482612222332, -1.5742858986673818}, {{2, 0.0006017472097455939}, 
   {3, 0.0001606158727401086}, {4, 0.00015461386088788773}, 
   {5, 0.00014828853879899013}, {6, 0.00014215225686383553}, 
   {7, 0.0001362951493824472}, {8, 0.00013072673419998538}, 
   {9, 0.00012543023329198658}, {10, 0.00012039362061095401}, 
   {11, 0.00011559791315186082}, {12, 0.0001110320495395392}, 
   {13, 0.00010667936078754669}, {14, 0.0001025304596194228}, 
   {15, 0.00009857082568199291}}, {{2, 0.0012360565629629774}, 
   {3, 0.001247894909891809}, {4, 0.0012503068203004643}, 
   {5, 0.0012510642096896754}, {6, 0.001251077022546797}, 
   {7, 0.0012512936198786112}, {8, 0.0012512054780121394}, 
   {9, 0.0012513833112654709}, {10, 0.0012513017176935437}, 
   {11, 0.0012514654135318778}, {12, 0.0012513940745654368}, 
   {13, 0.001251545591842118}, {14, 0.0012514834702356654}, 
   {15, 0.001251623671030991}}, {1.2266127728260998*^-13, 
   0.9969356005688961}}}
{3, 28, {{{-0.5248704982347923, 0, -2.2186896633462755*^-6, 
    2.218689663889724*^-6}, {0, 0.9999787734920087, 1.8846656380968176*^-6, 
    1.8846656388789119*^-6}, {-2.218689663195437*^-6, 1.8846656397111387*^-6, 
    -1.9933758226009513*^-7, 0.000029063772258262414}, 
   {2.2186896638126425*^-6, 1.8846656397719895*^-6, 0.000029063772259151893, 
    -1.9933758347440156*^-7}}, {{-0.5248704982347928, 2.2186896633739667*^-6, 
    0, -2.2186896638734374*^-6}, {2.2186896631224716*^-6, 
    -1.9933758185590456*^-7, 1.8846656397274703*^-6, 0.00002906377225902452}, 
   {0, 1.8846656380795017*^-6, 0.9999787734920089, 1.8846656400211244*^-6}, 
   {-2.2186896638221936*^-6, 0.000029063772258628677, 1.88466563858315*^-6, 
    -1.99337584688708*^-7}}, {{-0.5248704982347917, -2.2186896633910183*^-6, 
    2.2186896633672497*^-6, 0}, {-2.2186896629429374*^-6, 
    -1.9933758320031525*^-7, 0.000029063772256262094, 
    1.8846656399890824*^-6}, {2.2186896630194796*^-6, 
    0.000029063772260299602, -1.9933758518830835*^-7, 
    1.8846656388629908*^-6}, {0, 1.8846656389351803*^-6, 
    1.8846656400913627*^-6, 0.9999787734920108}}}, 
 {{{0., -0.0011939630897679265, -0.0011939630897679116, 
    -0.0011939630897679302}, {0.0011939630897679265, 0., 
    0.0014527964862673629, -0.0014527964862678072}, 
   {0.0011939630897679116, -0.0014527964862673629, 0., 
    0.0014527964862679906}, {0.0011939630897679302, 0.0014527964862678072, 
    -0.0014527964862679906, 0.}}, 
  {{0., -0.0011939630897679092, -0.0011939630897679113, 
    -0.0011939630897679259}, {0.0011939630897679092, 0., 
    0.0014527964862671256, -0.0014527964862679553}, 
   {0.0011939630897679113, -0.0014527964862671256, 0., 
    0.0014527964862679965}, {0.0011939630897679259, 0.0014527964862679553, 
    -0.0014527964862679965, 0.}}}, {0, 0}, 
 {{-1.5747477882231888, -1.5749132286018972}, {-0.7904092990418214, 
   -0.3936497724233685, -0.0015548770975422066}, 
  {-1.5745644153407443, -1.5747298557194527}, {{2, 0.00003741880036045109}}, 
  {{2, 0.0002588333964997872}}, {9.40218267332923*^-18, 0.9998726477103353}}}
