{3, 28, {{{-0.5248501324454409, 0, -0.000011159422279637313, 
    0.000011159422279918125}, {0, 0.9998923006209568, 9.54905750267775*^-6, 
    9.549057502634564*^-6}, {-0.00001115942228013627, 9.549057502364869*^-6, 
    -1.3307090184107306*^-6, 0.00025093393489802516}, 
   {0.0000111594222798685, 9.549057502761633*^-6, 0.00025093393489986017, 
    -1.330709019713508*^-6}}, {{-0.5248501324454407, 0.000011159422279825947, 
    0, -0.000011159422279874977}, {0.000011159422279958975, 
    -1.3307090159422191*^-6, 9.549057502431988*^-6, 0.0002509339348986247}, 
   {0, 9.549057502645379*^-6, 0.9998923006209567, 9.54905750304159*^-6}, 
   {-0.000011159422279903456, 0.000250933934899429, 9.54905750235731*^-6, 
    -1.3307090214187411*^-6}}, 
  {{-0.5248501324454413, -0.000011159422280051251, 0.000011159422279882573, 
    0}, {-0.000011159422279542764, -1.3307090202235167*^-6, 
    0.0002509339348985612, 9.549057503297994*^-6}, 
   {0.000011159422279690945, 0.00025093393489810723, -1.3307090193925841*^-6, 
    9.549057503028145*^-6}, {0, 9.549057502502474*^-6, 9.549057502762273*^-6, 
    0.9998923006209577}}}, 
 {{{0., -0.002688460703206517, -0.0026884607032065105, 
    -0.0026884607032064993}, {0.002688460703206517, 0., 0.003270995696606924, 
    -0.003270995696607073}, {0.0026884607032065105, -0.003270995696606924, 
    0., 0.0032709956966071657}, {0.0026884607032064993, 0.003270995696607073, 
    -0.0032709956966071657, 0.}}, 
  {{0., -0.002688460703206524, -0.002688460703206521, 
    -0.0026884607032065023}, {0.002688460703206524, 0., 
    0.0032709956966070547, -0.0032709956966070998}, 
   {0.002688460703206521, -0.0032709956966070547, 0., 0.003270995696607119}, 
   {0.0026884607032065023, 0.0032709956966070998, -0.003270995696607119, 
    0.}}}, {0, 0}, {{-1.575240681794895, -1.5760788608906742}, 
  {-0.80308227082909, -0.39362188805436626, -0.007919247360178738}, 
  {-1.5743116944805977, -1.575149873576377}, {{2, 0.00003762511688157853}}, 
  {{2, 0.0005825349934005603}}, {1.224841341701557*^-15, 0.9993539776881034}}}
