{3, 20, {{{-0.5248819597265656, 0, -8.736339837305922*^-7, 
    8.736339829707069*^-7}, {0, 0.9999942840450234, 5.077471832291236*^-7, 
    5.077469300512129*^-7}, {-8.736339836827824*^-7, 5.07747183205119*^-7, 
    -3.1049524781140425*^-7, 2.9394045847050388*^-6}, 
   {8.736339829503101*^-7, 5.077469321368752*^-7, 2.93940458504395*^-6, 
    -3.104952490009909*^-7}}, {{-0.5248819597265656, 8.73633983738237*^-7, 0, 
    -8.736339829812334*^-7}, {8.736339836819044*^-7, -3.104952474948172*^-7, 
    5.077471832122341*^-7, 2.939404583792772*^-6}, 
   {0, 5.077471832238956*^-7, 0.9999942840450233, 5.077469307017165*^-7}, 
   {-8.736339829471496*^-7, 2.93940458538724*^-6, 5.077469314937873*^-7, 
    -3.1049524836044423*^-7}}, {{-0.524881959726567, -8.736339821223322*^-7, 
    8.736339821086186*^-7, 0}, {-8.736339820731813*^-7, 
    -3.104952485226409*^-7, 2.9394045874095332*^-6, 5.077474366584167*^-7}, 
   {8.736339820521231*^-7, 2.9394045885313013*^-6, -3.1049524851223254*^-7, 
    5.077474360400417*^-7}, {0, 5.077474345043901*^-7, 5.077474350775347*^-7, 
    0.9999942840450269}}}, 
 {{{0, 0.0012391473837711545, 0.001239147383771134, 0.0012391473837710303}, 
   {-0.0012391473837711545, 0, -0.0015079135300228087, 
    0.0015079135300240646}, {-0.001239147383771134, 0.0015079135300228087, 0, 
    -0.0015079135300244888}, {-0.0012391473837710303, -0.0015079135300240646, 
    0.0015079135300244888, 0}}, {{0, 0.0012391473837711246, 
    0.0012391473837711161, 0.0012391473837710205}, 
   {-0.0012391473837711246, 0, -0.0015079135300231877, 
    0.0015079135300248609}, {-0.0012391473837711161, 0.0015079135300231877, 
    0, -0.0015079135300250142}, {-0.0012391473837710205, 
    -0.0015079135300248609, 0.0015079135300250142, 0}}}, {0, 0}, 
 {{-1.5746406265269763, -1.5746397680204849}, {-0.7873332435296777, 
   -0.39366487940651285, -1.7423583260067765*^-6}, 
  {-1.574641578136791, -1.5746407196302996}, {{2, 0.000765769535044513}}, 
  {{2, 0.0002687661462529741}}, {1.1755974302547233*^-17, 
   0.9999657047602255}}}
