{8, 28, {{{-0.5247228034560726, 0, -0.00006794986353855172, 
    0.00006794986355037237}, {0, 0.9993165632666512, 0.00005724606098685982, 
    0.000057246060996787645}, {-0.00006794986356109647, 
    0.000057246060983281956, -0.000022016370363626622, 0.004300221764221576}, 
   {0.00006794986354856902, 0.00005724606097306606, 0.004300221764222732, 
    -0.00002201637036296656}}, {{-0.5247228034560725, 0.00006794986353904087, 
    0, -0.00006794986354846042}, {0.00006794986356054234, 
    -0.000022016370363704685, 0.00005724606098688628, 0.004300221764221617}, 
   {0, 0.000057246060983215385, 0.9993165632666514, 0.00005724606100091651}, 
   {-0.0000679498635504635, 0.00430022176422285, 0.00005724606096886895, 
    -0.000022016370362698545}}, 
  {{-0.524722803456073, -0.00006794986356070318, 0.00006794986356117505, 0}, 
   {-0.0000679498635386907, -0.00002201637036377494, 0.004300221764224014, 
    0.00005724606099697814}, {0.00006794986353828054, 0.004300221764224534, 
    -0.000022016370364197346, 0.00005724606100136223}, 
   {0, 0.00005724606097323823, 0.000057246060968863076, 
    0.9993165632666525}}}, 
 {{{0., -0.0066115576332929984, -0.006611557633292974, 
    -0.006611557633293096}, {0.0066115576332929984, 0., 0.008035642265403634, 
    -0.008035642265403587}, {0.006611557633292974, -0.008035642265403634, 0., 
    0.00803564226540358}, {0.006611557633293096, 0.008035642265403587, 
    -0.00803564226540358, 0.}}, {{0., -0.006611557633293067, 
    -0.00661155763329307, -0.006611557633292966}, 
   {0.006611557633293067, 0., 0.008035642265403462, -0.008035642265403625}, 
   {0.00661155763329307, -0.008035642265403462, 0., 0.00803564226540366}, 
   {0.006611557633292966, 0.008035642265403625, -0.00803564226540366, 0.}}}, 
 {0, 0}, {{-1.578262387579845, -1.5833010712245805}, 
  {-0.8864767134498373, -0.39344790370896787, -0.04979045301595075}, 
  {-1.5726810548089496, -1.5777197384536852}, {{2, 0.00011537133236656826}, 
   {3, 0.00011146926124884797}, {4, 0.00010766491972382611}, 
   {5, 0.0001040188268669872}, {6, 0.00010052603660575497}, 
   {7, 0.00009717861859388083}}, {{2, 0.0014236847492894028}, 
   {3, 0.0014239607190488564}, {4, 0.0014240034652329369}, 
   {5, 0.001424029660078069}, {6, 0.0014240588813125357}, 
   {7, 0.0014240846321105628}}, {2.692300713238368*^-13, 0.9959063795052379}}}
