{3, 20, {{{-0.5248738760725811, 0, -4.152492331969439*^-6, 
    4.1524923326101705*^-6}, {0, 0.9999599394623095, 3.550841073665807*^-6, 
    3.5508410733891525*^-6}, {-4.152492332206326*^-6, 3.550841072814993*^-6, 
    -4.674766539841668*^-7, 0.00019654801889699053}, 
   {4.1524923324202725*^-6, 3.550841073182551*^-6, 0.00019654801889925673, 
    -4.67476653826307*^-7}}, {{-0.5248738760725818, 4.15249233215065*^-6, 0, 
    -4.1524923326312456*^-6}, {4.152492331986663*^-6, -4.674766542096809*^-7, 
    3.5508410728513578*^-6, 0.0001965480188969392}, 
   {0, 3.5508410735703973*^-6, 0.9999599394623085, 3.5508410732172396*^-6}, 
   {-4.152492332380072*^-6, 0.0001965480188989368, 3.5508410732965214*^-6, 
    -4.674766558576682*^-7}}, {{-0.5248738760725823, -4.15249233254827*^-6, 
    4.152492332392819*^-6, 0}, {-4.152492331405117*^-6, 
    -4.6747665466764787*^-7, 0.0001965480188950801, 3.5508410740106647*^-6}, 
   {4.152492331581851*^-6, 0.0001965480189004209, -4.6747665485846746*^-7, 
    3.5508410744611574*^-6}, {0, 3.550841072932385*^-6, 
    3.5508410724417796*^-6, 0.999959939462308}}}, 
 {{{0., 0.0032778259398386156, 0.003277825939838358, 0.003277825939838362}, 
   {-0.0032778259398386156, 0., -0.003988516321753751, 0.003988516321752609}, 
   {-0.003277825939838358, 0.003988516321753751, 0., -0.003988516321752978}, 
   {-0.003277825939838362, -0.003988516321752609, 0.003988516321752978, 0.}}, 
  {{0., 0.0032778259398385814, 0.0032778259398383094, 0.00327782593983849}, 
   {-0.0032778259398385814, 0., -0.003988516321754126, 0.003988516321752495}, 
   {-0.0032778259398383094, 0.003988516321754126, 0., -0.003988516321753359}, 
   {-0.00327782593983849, -0.003988516321752495, 0.003988516321753359, 0.}}}, 
 {0, 0}, {{-1.5745794257352017, -1.5745680710130696}, 
  {-0.7873252253235856, -0.393679265733506, 0.000016653071713168544}, 
  {-1.574592011409184, -1.574580656687052}, {{2, 0.000026761733760835224}}, 
  {{2, 0.0007106903819147671}}, {4.025948746063638*^-15, 0.9997596608452667}}}
