{25, 28, {{{-0.5246249740494799, 0, -0.0001150150507711606, 
    0.00011501505494886865}, {0, 0.9986238541914634, 0.00009367388709528358, 
    0.00009367390578865508}, {-0.00011501506203202166, 
    0.00009367389002279663, -0.00003432019837721137, 0.012673180287306816}, 
   {0.00011501505785458184, 0.00009367387132883163, 0.012673180287272828, 
    -0.000034320198375250265}}, {{-0.52462497404948, 0.00011501504775138459, 
    0, -0.0001150150576052395}, {0.0001150150650519108, 
    -0.00003432019837879344, 0.00009367388666924915, 0.012673180287311679}, 
   {0, 0.0000936738904488406, 0.9986238541914634, 0.00009367390453027918}, 
   {-0.00011501505519821322, 0.012673180287268866, 0.00009367387258730613, 
    -0.00003432019837468214}}, 
  {{-0.5246249740494804, -0.00011501506517313785, 0.00011501506215975112, 0}, 
   {-0.00011501504762996965, -0.00003432019837544542, 0.01267318028728209, 
    0.00009367390601577202}, {0.00011501505064329528, 0.012673180287293764, 
    -0.00003432019837637523, 0.00009367390473054376}, 
   {0, 0.00009367387110214382, 0.00009367387238737131, 0.9986238541914634}}}, 
 {{{0., -0.008510847955543712, -0.00851084795555061, -0.008510847955522594}, 
   {0.008510847955543712, 0., 0.010330166182929444, -0.010330166182882211}, 
   {0.00851084795555061, -0.010330166182929444, 0., 0.010330166182882624}, 
   {0.008510847955522594, 0.010330166182882211, -0.010330166182882624, 0.}}, 
  {{0., -0.008510847955534211, -0.008510847955527309, -0.008510847955555376}, 
   {0.008510847955534211, 0., 0.010330166182866782, -0.010330166182914135}, 
   {0.008510847955527309, -0.010330166182866782, 0., 0.010330166182913648}, 
   {0.008510847955555376, 0.010330166182914135, -0.010330166182913648, 0.}}}, 
 {0, 0}, {{-1.580181428171644, -1.5884365119733581}, 
  {-0.9551440851945464, -0.3933139219719307, -0.08425812062534249}, 
  {-1.5710440219205528, -1.579299105722267}, {{2, 0.00012864421232268095}, 
   {3, 0.00012681113967068225}, {4, 0.00012494113877900732}, 
   {5, 0.0001231345132366047}, {6, 0.0001213965480946922}, 
   {7, 0.00011972269035164483}, {8, 0.00011811240220094103}, 
   {9, 0.00011656128374807652}, {10, 0.0001150688655718532}, 
   {11, 0.00011363118568843457}, {12, 0.00011224784698500231}, 
   {13, 0.00011091527932122029}, {14, 0.00010963314551848229}, 
   {15, 0.00010839822588962905}, {16, 0.00010721023316487104}, 
   {17, 0.00010606626170796968}, {18, 0.00010496606609332153}, 
   {19, 0.00010390702265732077}, {20, 0.00010288892135356179}, 
   {21, 0.00010190939216520034}, {22, 0.00010096825526108646}, 
   {23, 0.00010006336922029936}, {24, 0.00009919458032722067}}, 
  {{2, 0.0018158702594890603}, {3, 0.0018163869124950718}, 
   {4, 0.0018164763573364873}, {5, 0.0018166864633352652}, 
   {6, 0.001816765606192716}, {7, 0.0018169681951720838}, 
   {8, 0.001817052600549809}, {9, 0.0018172493377092334}, 
   {10, 0.0018173385580989884}, {11, 0.0018175299546446882}, 
   {12, 0.0018176235392838146}, {13, 0.001817810069230172}, 
   {14, 0.0018179076202357288}, {15, 0.0018180897265970399}, 
   {16, 0.00181819089377304}, {17, 0.0018183689908549364}, 
   {18, 0.0018184734669135201}, {19, 0.0018186479425167223}, 
   {20, 0.0018187554588515577}, {21, 0.0018189266763873756}, 
   {22, 0.0018190369993325774}, {23, 0.0018192052998422898}, 
   {24, 0.0018193182273591722}}, {1.2151890537486069*^-12, 
   0.9917714797395683}}}
