{4, 28, {{{-0.5248307087055837, 0, -0.000020477924568623817, 
    0.000020477924568757553}, {0, 0.9998100048187089, 
    0.000016860423834639905, 0.000016860423834648907}, 
   {-0.00002047792456840558, 0.000016860423834289257, -8.802295755571538*^-6, 
    0.0001884319761808918}, {0.0000204779245687584, 0.00001686042383444221, 
    0.00018843197618015337, -8.80229575490909*^-6}}, 
  {{-0.5248307087055841, 0.000020477924568562858, 0, 
    -0.000020477924568772695}, {0.000020477924568468366, 
    -8.802295755338651*^-6, 0.00001686042383428792, 0.00018843197618014534}, 
   {0, 0.000016860423834624404, 0.9998100048187104, 0.00001686042383494822}, 
   {-0.000020477924568775514, 0.00018843197618111804, 
    0.000016860423834169083, -8.802295755422134*^-6}}, 
  {{-0.5248307087055848, -0.000020477924568470548, 0.000020477924568535854, 
    0}, {-0.000020477924568411917, -8.802295755169949*^-6, 
    0.00018843197618226602, 0.000016860423834466097}, 
   {0.000020477924568316175, 0.00018843197618049166, -8.802295756227263*^-6, 
    0.000016860423834194725}, {0, 0.00001686042383459466, 
    0.000016860423834930346, 0.999810004818713}}}, 
 {{{0, 0.00714426584500663, 0.007144265845006556, 0.0071442658450066344}, 
   {-0.00714426584500663, 0, -0.008692302207055917, 0.008692302207055927}, 
   {-0.007144265845006556, 0.008692302207055917, 0, -0.00869230220705564}, 
   {-0.0071442658450066344, -0.008692302207055927, 0.00869230220705564, 0}}, 
  {{0, 0.007144265845006643, 0.0071442658450066795, 0.007144265845006631}, 
   {-0.007144265845006643, 0, -0.008692302207055705, 0.008692302207056003}, 
   {-0.0071442658450066795, 0.008692302207055705, 0, -0.008692302207055719}, 
   {-0.007144265845006631, -0.008692302207056003, 0.008692302207055719, 0}}}, 
 {0, 0}, {{-1.5731086786605717, -1.5718712555179395}, 
  {-6.29852009921604, -1.574945473007005, -1.574314576601015}, 
  {-1.5744801656847565, -1.5732427425421243}, {{2, 0.0014921463946526306}, 
   {3, 0.00032467884647939885}}, {{2, 0.0014904314427986597}, 
   {3, 0.0015480363620491895}}, {4.3132924252213854*^-13, 
   0.9988605702476481}}}
