{5, 28, {{{-0.5248682234472938, 0, -3.207843333521721*^-6, 
    3.2078433335677907*^-6}, {0, 0.9999691257228209, 2.7411756615940096*^-6, 
    2.741175661124887*^-6}, {-3.2078433333030934*^-6, 2.741175661523561*^-6, 
    -7.478086457377714*^-7, 0.0000411744766298562}, 
   {3.2078433334242513*^-6, 2.741175661262906*^-6, 0.000041174476630440203, 
    -7.478086439189138*^-7}}, {{-0.5248682234472938, 3.207843333191486*^-6, 
    0, -3.2078433335764186*^-6}, {3.2078433336590242*^-6, 
    -7.478086454897059*^-7, 2.7411756615216357*^-6, 0.00004117447662994593}, 
   {0, 2.7411756615899227*^-6, 0.9999691257228205, 2.741175661004673*^-6}, 
   {-3.2078433334227605*^-6, 0.00004117447663012381, 2.741175661354792*^-6, 
    -7.478086455348087*^-7}}, {{-0.5248682234472941, -3.2078433331772353*^-6, 
    3.20784333347389*^-6, 0}, {-3.207843333565906*^-6, 
    -7.478086456701172*^-7, 0.00004117447663081659, 2.7411756614692467*^-6}, 
   {3.207843333230745*^-6, 0.00004117447662979852, -7.478086446188748*^-7, 
    2.741175661554879*^-6}, {0, 2.7411756611818925*^-6, 
    2.7411756611502126*^-6, 0.9999691257228215}}}, 
 {{{0., -0.0014399513930672596, -0.0014399513930672392, 
    -0.0014399513930671982}, {0.0014399513930672596, 0., 
    0.0017521041769266213, -0.001752104176926944}, 
   {0.0014399513930672392, -0.0017521041769266213, 0., 
    0.0017521041769270333}, {0.0014399513930671982, 0.001752104176926944, 
    -0.0017521041769270333, 0.}}, 
  {{0., -0.001439951393067259, -0.0014399513930672355, 
    -0.0014399513930671978}, {0.001439951393067259, 0., 0.001752104176926594, 
    -0.0017521041769270381}, {0.0014399513930672355, -0.001752104176926594, 
    0., 0.0017521041769268933}, {0.0014399513930671978, 
    0.0017521041769270381, -0.0017521041769268933, 0.}}}, {0, 0}, 
 {{-1.5746121573203484, -1.574662038699813}, {-0.7875784528673471, 
   -0.3936466570489858, -0.0001425693846877074}, 
  {-1.5745568692960703, -1.5746067506755348}, {{2, 0.0005966137840673885}, 
   {3, 0.00012948858334504076}, {4, 0.000028134809367434156}}, 
  {{2, 0.00029812420520348363}, {3, 0.00030965217982666473}, 
   {4, 0.00031215278385962245}}, {2.893074049562165*^-17, 
   0.9998147686346519}}}
{3, 28, {{{-0.5248751920421688, 0, -1.4452357671547664*^-7, 
    1.4452357708777583*^-7}, {0, 0.9999986793523414, 1.1727360041626553*^-7, 
    1.1727359988242193*^-7}, {-1.4452357721479133*^-7, 
    1.1727359999311095*^-7, -1.2776087294011362*^-8, 9.917687207433074*^-7}, 
   {1.445235764483881*^-7, 1.1727359975019482*^-7, 9.917687218631335*^-7, 
    -1.2776088877813896*^-8}}, {{-0.5248751920421693, 1.4452357695987068*^-7, 
    0, -1.4452357708498385*^-7}, {1.4452357699638484*^-7, 
    -1.2776087644425504*^-8, 1.1727359999455533*^-7, 9.917687207628963*^-7}, 
   {0, 1.1727360042235247*^-7, 0.9999986793523414, 1.172735994440195*^-7}, 
   {-1.4452357644707667*^-7, 9.917687219077514*^-7, 1.1727360017755882*^-7, 
    -1.2776087465748986*^-8}}, 
  {{-0.5248751920421696, -1.4452357694547726*^-7, 1.445235766822325*^-7, 0}, 
   {-1.4452357693114269*^-7, -1.2776087378145451*^-8, 9.91768721232591*^-7, 
    1.1727359986307252*^-7}, {1.4452357714181172*^-7, 9.917687209275398*^-7, 
    -1.2776088714749889*^-8, 1.1727360030606495*^-7}, 
   {0, 1.1727359995033653*^-7, 1.1727359951845465*^-7, 0.9999986793523428}}}, 
 {{{0., -0.00029781747609419794, -0.00029781747609420255, 
    -0.0002978174760942053}, {0.00029781747609419794, 0., 
    0.000362385322029351, -0.0003623853220295775}, 
   {0.00029781747609420255, -0.000362385322029351, 0., 
    0.00036238532202947194}, {0.0002978174760942053, 0.0003623853220295775, 
    -0.00036238532202947194, 0.}}, 
  {{0., -0.00029781747609420955, -0.0002978174760941968, 
    -0.0002978174760942054}, {0.00029781747609420955, 0., 
    0.00036238532202948257, -0.0003623853220295932}, 
   {0.0002978174760941968, -0.00036238532202948257, 0., 
    0.0003623853220293834}, {0.0002978174760942054, 0.0003623853220295932, 
    -0.0003623853220293834, 0.}}}, {0, 0}, 
 {{-1.574634079386675, -1.5746443960866736}, {-0.7875064778563691, 
   -0.3936562010517197, -0.00009703787646481166}, 
  {-1.5746226443387785, -1.574632961038777}, {{2, 0.000037285366649539254}}, 
  {{2, 0.00006456784593527367}}, {2.2647673364028183*^-21, 
   0.999992076140213}}}
{3, 28, {{{-0.524875191173447, 0, -1.2200144814768786*^-7, 
    1.2200145592739458*^-7}, {0, 0.9999909684048518, 8.789204106510705*^-8, 
    8.789204548279722*^-8}, {-1.2200146391398478*^-7, 8.789203970952907*^-8, 
    0.000014945602466025568, 0.0019650175264545695}, 
   {1.2200145419119232*^-7, 8.789202896622396*^-8, 0.0019650175264534523, 
    0.000014945602467918151}}, {{-0.5248751911734473, 1.2200144851325167*^-7, 
    0, -1.2200145462510173*^-7}, {1.22001463413344*^-7, 
    0.00001494560246845418, 8.78920422199992*^-8, 0.0019650175264550413}, 
   {0, 8.789203854401174*^-8, 0.9999909684048531, 8.78920480674776*^-8}, 
   {-1.2200145547503454*^-7, 0.0019650175264546814, 8.789202581340639*^-8, 
    0.000014945602469673691}}, 
  {{-0.5248751911734473, -1.2200146341009523*^-7, 1.2200146371652795*^-7, 0}, 
   {-1.2200144846903107*^-7, 0.00001494560247015421, 0.001965017526457354, 
    8.789204535388558*^-8}, {1.220014482926191*^-7, 0.0019650175264582415, 
    0.000014945602469423891, 8.789204806306964*^-8}, 
   {0, 8.789202944245976*^-8, 8.789202613175695*^-8, 0.9999909684048487}}}, 
 {{{0., -0.0002985931471685313, -0.00029859314716852877, 
    -0.00029859314716849835}, {0.0002985931471685313, 0., 
    0.0003631452965233553, -0.0003631452965233674}, 
   {0.00029859314716852877, -0.0003631452965233553, 0., 
    0.00036314529652345124}, {0.00029859314716849835, 0.0003631452965233674, 
    -0.00036314529652345124, 0.}}, 
  {{0., -0.00029859314716849624, -0.0002985931471684993, 
    -0.00029859314716850594}, {0.00029859314716849624, 0., 
    0.00036314529652335426, -0.00036314529652310354}, 
   {0.0002985931471684993, -0.00036314529652335426, 0., 
    0.00036314529652320415}, {0.00029859314716850594, 0.00036314529652310354, 
    -0.00036314529652320415, 0.}}}, {0, 0}, 
 {{-1.5746219631832865, -1.5746323067533199}, {-0.7875066648894306, 
   -0.39365606226108746, -0.00009727018362781781}, 
  {-1.5746105015372285, -1.5746208451072619}, {{2, 0.00009114390866005141}}, 
  {{2, 0.00006455214935479599}}, {2.2934144323490743*^-21, 
   0.9999458116526383}}}
