{12, 28, {{{-0.5246609179587253, 0, -0.00009703061833087832, 
    0.00009703061865202209}, {0, 0.9989563977935685, 0.00008030089912145063, 
    0.00008030089937007164}, {-0.00009703061892689823, 
    0.00008030089900580269, -0.000032798218286419004, 0.008274773408991036}, 
   {0.00009703061860579327, 0.00008030089875677164, 0.008274773408992742, 
    -0.00003279821828519342}}, {{-0.5246609179587252, 0.00009703061834605215, 
    0, -0.00009703061859967987}, {0.00009703061891167474, 
    -0.00003279821828548746, 0.00008030089911480014, 0.008274773408991817}, 
   {0, 0.00008030089901243801, 0.9989563977935686, 0.0000803008994968083}, 
   {-0.00009703061865813268, 0.008274773408991472, 0.00008030089862991384, 
    -0.00003279821828452989}}, {{-0.5246609179587256, -0.0000970306189145974, 
    0.00009703061893036831, 0}, {-0.00009703061834297083, 
    -0.000032798218285366026, 0.008274773408990774, 0.00008030089937369807}, 
   {0.00009703061832721412, 0.008274773408991652, -0.000032798218285307046, 
    0.00008030089949993814}, {0, 0.00008030089875353552, 
    0.00008030089862718243, 0.9989563977935696}}}, 
 {{{0., -0.007856203556592733, -0.007856203556592441, -0.007856203556596124}, 
   {0.007856203556592733, 0., 0.009541149261435747, -0.009541149261433672}, 
   {0.007856203556592441, -0.009541149261435747, 0., 0.009541149261433825}, 
   {0.007856203556596124, 0.009541149261433672, -0.009541149261433825, 0.}}, 
  {{0., -0.007856203556594788, -0.007856203556595078, -0.007856203556591435}, 
   {0.007856203556594788, 0., 0.009541149261433034, -0.009541149261435154}, 
   {0.007856203556595078, -0.009541149261433034, 0., 0.009541149261435075}, 
   {0.007856203556591435, 0.009541149261435154, -0.009541149261435075, 0.}}}, 
 {0, 0}, {{-1.5796011205359186, -1.586676939267523}, 
  {-0.9297122679877209, -0.3933633661386403, -0.07149276785522013}, 
  {-1.5717665147964317, -1.5788423335280362}, {{2, 0.00012237567962269155}, 
   {3, 0.0001195632819013118}, {4, 0.0001167649445555979}, 
   {5, 0.00011406313760375496}, {6, 0.00011146104714341437}, 
   {7, 0.00010895127211264007}, {8, 0.00010653220162106652}, 
   {9, 0.00010419696189004762}, {10, 0.00010194416978848153}, 
   {11, 0.00009976766824110542}}, {{2, 0.0016838135342599789}, 
   {3, 0.0016842861475024281}, {4, 0.0016842843574778326}, 
   {5, 0.0016844655097165277}, {6, 0.0016844567966937615}, 
   {7, 0.0016846272773991234}, {8, 0.0016846258985175016}, 
   {9, 0.0016847873957980596}, {10, 0.0016847925501596397}, 
   {11, 0.0016849457048406509}}, {7.544042735821193*^-13, 
   0.9937547006308178}}}
