{36, 28, {{{-0.5248462014774107, 0, -0.000012833007089331266, 
    0.000012833007090581839}, {0, 0.9998741817758585, 
    0.000011022725501417125, 0.000011022725504462812}, 
   {-0.000012833007091395986, 0.000011022725501709372, 
    -4.5669659841946625*^-6, 0.0008940000934858427}, 
   {0.000012833007090670387, 0.00001102272549862498, 0.0008940000934863809, 
    -4.566965985676116*^-6}}, {{-0.5248462014774106, 0.000012833007088945496, 
    0, -0.000012833007090676105}, {0.00001283300709171833, 
    -4.566965984404564*^-6, 0.00001102272550195863, 0.0008940000934849627}, 
   {0, 0.000011022725501164045, 0.9998741817758583, 0.000011022725503327117}, 
   {-0.000012833007090552447, 0.0008940000934867976, 0.000011022725499784157, 
    -4.5669659851921285*^-6}}, 
  {{-0.5248462014774109, -0.000012833007091740366, 0.000012833007091313138, 
    0}, {-0.000012833007088736201, -4.5669659839934346*^-6, 
    0.0008940000934876342, 0.000011022725504943168}, 
   {0.000012833007089206792, 0.0008940000934856981, -4.566965984220683*^-6, 
    0.000011022725503619435}, {0, 0.00001102272549854193, 
    0.000011022725499830726, 0.9998741817758607}}}, 
 {{{0., -0.002890368616895091, -0.002890368616895086, -0.002890368616895054}, 
   {0.002890368616895091, 0., 0.0035161025314500074, -0.0035161025314505057}, 
   {0.002890368616895086, -0.0035161025314500074, 0., 0.0035161025314504853}, 
   {0.002890368616895054, 0.0035161025314505057, -0.0035161025314504853, 
    0.}}, {{0., -0.0028903686168950623, -0.002890368616895085, 
    -0.0028903686168950645}, {0.0028903686168950623, 0., 
    0.0035161025314499337, -0.003516102531450453}, 
   {0.002890368616895085, -0.0035161025314499337, 0., 0.0035161025314504584}, 
   {0.0028903686168950645, 0.003516102531450453, -0.0035161025314504584, 
    0.}}}, {0, 0}, {{-1.5745658120852875, -1.5747660626971722}, 
  {-0.7883767531919454, -0.3936165058368445, -0.0005718707591282346}, 
  {-1.5743438854147642, -1.574544136026649}, {{2, 0.0005970877555851713}, 
   {3, 0.0001299887780184597}, {4, 0.00004105685226555225}, 
   {5, 0.00003924532875062477}, {6, 0.000037453530605367595}, 
   {7, 0.000035733351515065135}, {8, 0.0000340927779923067}, 
   {9, 0.000032530027713449606}, {10, 0.00003104179435246281}, 
   {11, 0.000029624232012610092}, {12, 0.00002827391387924755}, 
   {13, 0.00002698730869111056}, {14, 0.00002576134365976136}, 
   {15, 0.000024592863110705124}, {16, 0.000023479125585312193}, 
   {17, 0.000022417309923692124}, {18, 0.000021404966338560752}, 
   {19, 0.000020439568443079525}, {20, 0.000019518923093606597}, 
   {21, 0.0000186407641738943}, {22, 0.000017803124944430933}, 
   {23, 0.0000170039696615941}, {24, 0.000016241531832829792}, 
   {25, 0.000015513980108563087}, {26, 0.00001481972553388439}, 
   {27, 0.00001415711850332802}, {28, 0.00001352472782650588}, 
   {29, 0.000012921065836625587}, {30, 0.000012344841836818099}, 
   {31, 0.000011794712731325215}, {32, 0.000011269513186466795}, 
   {33, 0.000010768029402296654}, {34, 0.000010289208115701345}, 
   {35, 9.831951354627748*^-6}}, {{2, 0.0006109030425433863}, 
   {3, 0.0006224565120019467}, {4, 0.0006249529752110762}, 
   {5, 0.0006255153026208428}, {6, 0.000625624173835046}, 
   {7, 0.0006256662142289184}, {8, 0.000625663417412483}, 
   {9, 0.0006256796004125558}, {10, 0.0006256723704218747}, 
   {11, 0.0006256861166392994}, {12, 0.0006256794184615795}, 
   {13, 0.0006256919308353223}, {14, 0.0006256859176821739}, 
   {15, 0.0006256973445634592}, {16, 0.0006256919522106234}, 
   {17, 0.0006257023856379412}, {18, 0.0006256975478775525}, 
   {19, 0.0006257070709402759}, {20, 0.0006257027286908917}, 
   {21, 0.0006257114180767366}, {22, 0.0006257075189105544}, 
   {23, 0.0006257154453590114}, {24, 0.0006257119427031999}, 
   {25, 0.0006257191713689434}, {26, 0.0006257160237980668}, 
   {27, 0.0006257226146105247}, {28, 0.0006257197852328953}, 
   {29, 0.0006257257932500284}, {30, 0.0006257232491750693}, 
   {31, 0.0006257287249267752}, {32, 0.0006257264368011298}, 
   {33, 0.0006257314266193609}, {34, 0.0006257293682220136}, 
   {35, 0.0006257339145552335}}, {1.8895969752981767*^-15, 
   0.9992453280687073}}}
