{3, 20, {{{-0.0001373504145558913, 0, 0, 0}, {0, 0.00013735049790796156, 0, 
    0}, {0, 0, 0, 0.0001373504970777272}, {0, 0, 0.0001373504970777274, 0}}, 
  {{-0.00013735041455580928, 0, 0, 0}, {0, 0, 0, 0.00013735049707776632}, 
   {0, 0, 0.00013735049790799115, 0}, {0, 0.0001373504970777796, 0, 0}}, 
  {{-0.0001373504145900907, 0, 0, 0}, {0, 0, 0.00013735049702717745, 0}, 
   {0, 0.0001373504970271743, 0, 0}, {0, 0, 0, 0.00013735049797318401}}}, 
 {{{0, 0.5773502528522143, 0.5773502528521813, 0.5773502528514187}, 
   {-0.5773502528522143, 0, -0.5773502528513892, 0.5773502528521518}, 
   {-0.5773502528521813, 0.5773502528513892, 0, -0.5773502528521848}, 
   {-0.5773502528514187, -0.5773502528521518, 0.5773502528521848, 0}}, 
  {{0, 0.5773502528522129, 0.5773502528521721, 0.5773502528514294}, 
   {-0.5773502528522129, 0, -0.5773502528513996, 0.5773502528521426}, 
   {-0.5773502528521721, 0.5773502528513996, 0, -0.5773502528521833}, 
   {-0.5773502528514294, -0.5773502528521426, 0.5773502528521833, 0}}}, 
 {0, 0}, {{-0.9992000000226722, -0.9984000000453103}, 
  {-2.0007999575477493, -0.9999999717022696, -0.00040000707160503524}, 
  {-1.000000000000034, -0.9992000000226721}, {{2, 0.00013746076768168697}}, 
  {{2, 2.9568939889183334*^-14}}, {0.03703703074864719, 
   6.71400142533437*^-24}}}
