{11, 28, {{{-0.5246774801868479, 0, -0.00008909879047019502, 
    0.00008909879052437794}, {0, 0.9990634659877933, 0.00007410850735375691, 
    0.00007410850756031759}, {-0.00008909879060176284, 
    0.00007410850738379104, -0.000026776020511196097, 0.007045564153080813}, 
   {0.00008909879054792131, 0.00007410850717748906, 0.007045564153080763, 
    -0.000026776020509404995}}, 
  {{-0.5246774801868477, 0.00008909879044461489, 0, -0.00008909879054637743}, 
   {0.00008909879062736189, -0.000026776020511256812, 0.00007410850735076083, 
    0.007045564153080223}, {0, 0.00007410850738682443, 0.9990634659877933, 
    0.00007410850755091189}, {-0.00008909879052593777, 0.007045564153080943, 
    0.00007410850718693042, -0.000026776020509766685}}, 
  {{-0.5246774801868485, -0.00008909879062820285, 0.00008909879060245425, 0}, 
   {-0.00008909879044358046, -0.00002677602051116574, 0.007045564153080513, 
    0.00007410850756179167}, {0.00008909879046930651, 0.007045564153080376, 
    -0.00002677602051093242, 0.0000741085075526446}, 
   {0, 0.0000741085071763732, 0.00007410850718554805, 0.9990634659877947}}}, 
 {{{0., -0.007541435746739296, -0.00754143574673936, -0.007541435746739051}, 
   {0.007541435746739296, 0., 0.009160742802755304, -0.009160742802755376}, 
   {0.00754143574673936, -0.009160742802755304, 0., 0.009160742802755393}, 
   {0.007541435746739051, 0.009160742802755376, -0.009160742802755393, 0.}}, 
  {{0., -0.007541435746739169, -0.0075414357467390915, 
    -0.007541435746739449}, {0.007541435746739169, 0., 0.009160742802754716, 
    -0.009160742802755738}, {0.0075414357467390915, -0.009160742802754716, 
    0., 0.009160742802755691}, {0.007541435746739449, 0.009160742802755738, 
    -0.009160742802755691, 0.}}}, {0, 0}, 
 {{-1.5792600003406947, -1.5857910752783777}, {-0.9180003718126916, 
   -0.39338600812116, -0.0656141777851858}, {-1.5720277448794917, 
   -1.5785588198171747}, {{2, 0.00012122477076877136}, 
   {3, 0.0001180305715925865}, {4, 0.00011487513446691716}, 
   {5, 0.00011183490894544745}, {6, 0.00010891045329391221}, 
   {7, 0.00010609445476332698}, {8, 0.00010338328611787795}, 
   {9, 0.00010077021987397322}, {10, 0.00009825208617985238}}, 
  {{2, 0.0016184935612507158}, {3, 0.0016189003696881368}, 
   {4, 0.0016189155077539115}, {5, 0.0016190429262203378}, 
   {6, 0.001619048507853805}, {7, 0.0016191686643338477}, 
   {8, 0.0016191787776090832}, {9, 0.0016192929825137369}, 
   {10, 0.0016193070560161335}}, {5.909954540599592*^-13, 
   0.9943939359490339}}}
