{6, 28, {{{-0.5247619440784819, 0, -0.00005011106969828967, 
    0.00005011106970036581}, {0, 0.9995072408100985, 0.00004262861014061773, 
    0.00004262861014172551}, {-0.000050111069702472874, 
    0.00004262861013919379, -0.000012513492501980625, 0.0024149475515712147}, 
   {0.00005011106970012071, 0.00004262861013780314, 0.002414947551572457, 
    -0.0000125134925026988}}, {{-0.5247619440784818, 0.00005011106969829993, 
    0, -0.000050111069700010624}, {0.000050111069702438166, 
    -0.000012513492502173179, 0.00004262861013985738, 0.0024149475515713994}, 
   {0, 0.00004262861013995008, 0.9995072408100985, 0.00004262861014276755}, 
   {-0.0000501110697004729, 0.0024149475515726814, 0.00004262861013672077, 
    -0.00001251349250216971}}, 
  {{-0.5247619440784823, -0.00005011106970235674, 0.000050111069702537154, 
    0}, {-0.00005011106969816891, -0.00001251349250195894, 
    0.002414947551573051, 0.00004262861014249486}, 
   {0.00005011106969804222, 0.0024149475515733566, -0.000012513492502724821, 
    0.0000426286101430126}, {0, 0.00004262861013737542, 0.00004262861013684, 
    0.9995072408100993}}}, 
 {{{0., -0.005695159471442775, -0.005695159471442763, -0.005695159471442791}, 
   {0.005695159471442775, 0., 0.006924885522312589, -0.006924885522312756}, 
   {0.005695159471442763, -0.006924885522312589, 0., 0.0069248855223127265}, 
   {0.005695159471442791, 0.006924885522312756, -0.0069248855223127265, 0.}}, 
  {{0., -0.00569515947144279, -0.005695159471442773, -0.005695159471442781}, 
   {0.00569515947144279, 0., 0.006924885522312582, -0.006924885522312644}, 
   {0.005695159471442773, -0.006924885522312582, 0., 0.00692488552231274}, 
   {0.005695159471442781, 0.006924885522312644, -0.00692488552231274, 0.}}}, 
 {0, 0}, {{-1.577355829061759, -1.5811042651752232}, 
  {-0.8600159762645931, -0.3935013387105746, -0.03650664942172199}, 
  {-1.573202702828391, -1.5769511389418551}, {{2, 0.00010883835384310932}, 
   {3, 0.00010457784427659721}, {4, 0.00010045754953148583}, 
   {5, 0.00009652571765634112}}, {{2, 0.0012295601446323837}, 
   {3, 0.0012296942210483696}, {4, 0.0012298128080365947}, 
   {5, 0.001229726050869894}}, {1.102746250880828*^-13, 0.9970470846428121}}}
