{3, 28, {{{-0.5247951637593645, 0, -0.00003538871755791604, 
    0.000035388717558625156}, {0, 0.9996567926168751, 0.00003019452722882721, 
    0.000030194527229059526}, {-0.00003538871755914941, 
    0.000030194527228379785, -5.388676243788665*^-6, 0.0011624814890640988}, 
   {0.00003538871755827762, 0.00003019452722766077, 0.0011624814890662289, 
    -5.3886762447132724*^-6}}, {{-0.5247951637593647, 0.00003538871755783251, 
    0, -0.00003538871755850713}, {0.000035388717559246926, 
    -5.388676242595175*^-6, 0.000030194527228610558, 0.0011624814890648838}, 
   {0, 0.000030194527228600746, 0.9996567926168751, 0.000030194527229263302}, 
   {-0.00003538871755840569, 0.001162481489065824, 0.000030194527227405555, 
    -5.388676244583168*^-6}}, 
  {{-0.5247951637593649, -0.000035388717559051674, 0.00003538871755919906, 
    0}, {-0.000035388717557814234, -5.388676244747967*^-6, 
    0.0011624814890659712, 0.000030194527229245955}, 
   {0.000035388717557680084, 0.0011624814890656289, -5.388676244971746*^-6, 
    0.00003019452722955765}, {0, 0.00003019452722782451, 
    0.00003019452722753189, 0.9996567926168762}}}, 
 {{{0., -0.0047866717290481284, -0.00478667172904812, -0.004786671729048132}, 
   {0.0047866717290481284, 0., 0.0058220923962535795, -0.005822092396253698}, 
   {0.00478667172904812, -0.0058220923962535795, 0., 0.005822092396253771}, 
   {0.004786671729048132, 0.005822092396253698, -0.005822092396253771, 0.}}, 
  {{0., -0.004786671729048127, -0.00478667172904812, -0.004786671729048139}, 
   {0.004786671729048127, 0., 0.005822092396253621, -0.005822092396253691}, 
   {0.00478667172904812, -0.005822092396253621, 0., 0.00582209239625376}, 
   {0.004786671729048139, 0.005822092396253691, -0.00582209239625376, 0.}}}, 
 {0, 0}, {{-1.5765669299951652, -1.5792199727580012}, 
  {-0.8381533067471377, -0.3935467073405947, -0.02552994603297415}, 
  {-1.5736269430398793, -1.5762799858027152}, {{2, 0.00008995919992426261}}, 
  {{2, 0.0010354206672055593}}, {3.894704930004087*^-14, 0.9979425217625416}}}
