{3, 20, {{{-0.5248832543103099, 0, -3.641205000171333*^-8, 
    3.6412163441104654*^-8}, {0, 0.9999997724217108, 2.0215673437162186*^-8, 
    2.0215135290399442*^-8}, {-3.6412049953561754*^-8, 2.021567344823327*^-8, 
    -1.3472544190939323*^-8, 1.0376043928028952*^-7}, 
   {3.641216344094288*^-8, 2.0215135250903427*^-8, 1.0376043927765747*^-7, 
    -1.347254411938198*^-8}}, {{-0.5248832543103102, 3.641204999817146*^-8, 
    0, -3.641216344052753*^-8}, {3.641204995947218*^-8, 
    -1.347254418963828*^-8, 2.0215673463139102*^-8, 1.0376043928101255*^-7}, 
   {0, 2.021567345355373*^-8, 0.9999997724217107, 2.021513526912772*^-8}, 
   {-3.641216344023326*^-8, 1.0376043927713035*^-7, 2.0215135275962063*^-8, 
    -1.3472544123285107*^-8}}, 
  {{-0.5248832543103112, -3.6412046676034806*^-8, 3.6412046680839435*^-8, 0}, 
   {-3.641204664542676*^-8, -1.3472544158413258*^-8, 1.0376044237968358*^-7, 
    2.0216211663104062*^-8}, {3.641204662207864*^-8, 1.0376044240460805*^-7, 
    -1.3472544052595126*^-8, 2.021621165957428*^-8}, 
   {0, 2.0216211648368167*^-8, 2.0216211592789214*^-8, 0.9999997724217119}}}, 
 {{{0, 0.00024725440094944723, 0.0002472544009494162, 0.0002472544009495017}, 
   {-0.00024725440094944723, 0, -0.0003008827400401057, 
    0.0003008827400402665}, {-0.0002472544009494162, 0.0003008827400401057, 
    0, -0.0003008827400402898}, {-0.0002472544009495017, 
    -0.0003008827400402665, 0.0003008827400402898, 0}}, 
  {{0, 0.0002472544009494035, 0.00024725440094944186, 
    0.00024725440094950865}, {-0.0002472544009494035, 0, 
    -0.0003008827400401233, 0.00030088274004027747}, 
   {-0.00024725440094944186, 0.0003008827400401233, 0, 
    -0.0003008827400402916}, {-0.00024725440094950865, 
    -0.00030088274004027747, 0.0003008827400402916, 0}}}, {0, 0}, 
 {{-1.5746495023276132, -1.574649416676175}, {-0.7873254053061556, 
   -0.3936625764844578, -1.2616861999603657*^-7}, 
  {-1.574649597267751, -1.5746495116163128}, {{2, 0.00019088680952678206}}, 
  {{2, 0.00005362833909077253}}, {7.41965398492629*^-22, 0.9999986345310434}}}
