{6, 28, {{{-0.5247495718572203, 0, -0.000055721046030959755, 
    0.00005572104603249399}, {0, 0.999449256119664, 0.00004727555967975669, 
    0.00004727555968572208}, {-0.000055721046035101137, 
    0.000047275559680164136, -0.000022746924866947488, 
    0.0029436185062495326}, {0.0000557210460333606, 0.00004727555967363735, 
    0.0029436185062488487, -0.00002274692486762403}}, 
  {{-0.5247495718572202, 0.0000557210460302124, 0, -0.00005572104603309822}, 
   {0.00005572104603583795, -0.000022746924867979648, 0.00004727555967917892, 
    0.002943618506249992}, {0, 0.000047275559680723855, 0.999449256119664, 
    0.000047275559685253686}, {-0.00005572104603272813, 0.002943618506248615, 
    0.00004727555967404382, -0.000022746924867395046}}, 
  {{-0.5247495718572206, -0.000055721046035731404, 0.00005572104603500231, 
    0}, {-0.000055721046030155155, -0.000022746924867055908, 
    0.0029436185062502304, 0.00004727555968574978}, 
   {0.00005572104603088351, 0.0029436185062510292, -0.00002274692486825547, 
    0.00004727555968567144}, {0, 0.00004727555967392233, 
    0.00004727555967393855, 0.9994492561196655}}}, 
 {{{0., -0.005999262470756907, -0.005999262470756897, -0.005999262470756891}, 
   {0.005999262470756907, 0., 0.007293807158794484, -0.007293807158794693}, 
   {0.005999262470756897, -0.007293807158794484, 0., 0.0072938071587947025}, 
   {0.005999262470756891, 0.007293807158794693, -0.0072938071587947025, 0.}}, 
  {{0., -0.005999262470756887, -0.005999262470756881, -0.005999262470756915}, 
   {0.005999262470756887, 0., 0.007293807158794442, -0.007293807158794678}, 
   {0.005999262470756881, -0.007293807158794442, 0., 0.007293807158794745}, 
   {0.005999262470756915, 0.007293807158794678, -0.007293807158794745, 0.}}}, 
 {0, 0}, {{-1.5776460921389301, -1.581802503101848}, 
  {-0.8683016784709827, -0.39348444658312554, -0.040666392652365824}, 
  {-1.5730412377415433, -1.577197648704461}, {{2, 0.00010993732965372798}, 
   {3, 0.00010581784075882651}, {4, 0.0001018254390501845}, 
   {5, 0.0000980078080728029}}, {{2, 0.0012941403412597982}, 
   {3, 0.001294511562692454}, {4, 0.0012944211275927118}, 
   {5, 0.0012945446880377278}}, {1.5056556591478026*^-13, 
   0.9967000831606728}}}
{3, 28, {{{-0.524749538338147, 0, -0.000055777755436406286, 
    0.00005577775543850259}, {0, 0.9994468972983372, 0.000047281246500325885, 
    0.00004728124650794197}, {-0.00005577775544143963, 
    0.00004728124650108038, -0.000022332246297825792, 0.003128853363673444}, 
   {0.000055777755439203914, 0.0000472812464933968, 0.0031288533636732612, 
    -0.000022332246298847544}}, 
  {{-0.5247495383381469, 0.000055777755435569004, 0, 
    -0.00005577775543923406}, {0.00005577775544225968, 
    -0.000022332246298962036, 0.00004728124649989063, 0.0031288533636740228}, 
   {0, 0.000047281246501528645, 0.9994468972983371, 0.000047281246507263566}, 
   {-0.000055777755438441143, 0.0031288533636727573, 0.00004728124649401961, 
    -0.000022332246298634173}}, 
  {{-0.5247495383381466, -0.00005577775544222466, 0.00005577775544129032, 0}, 
   {-0.00005577775543544447, -0.00002233224629822391, 0.003128853363674576, 
    0.00004728124650793877}, {0.000055777755436388864, 0.0031288533636756963, 
    -0.000022332246299439085, 0.000047281246507966454}, 
   {0, 0.000047281246493766516, 0.00004728124649367307, 
    0.9994468972983374}}}, 
 {{{0., -0.006000737585521028, -0.0060007375855210265, 
    -0.006000737585521016}, {0.006000737585521028, 0., 0.007295303669312351, 
    -0.007295303669312245}, {0.0060007375855210265, -0.007295303669312351, 
    0., 0.007295303669312287}, {0.006000737585521016, 0.007295303669312245, 
    -0.007295303669312287, 0.}}, 
  {{0., -0.00600073758552102, -0.006000737585521002, -0.0060007375855210265}, 
   {0.00600073758552102, 0., 0.007295303669312368, -0.007295303669312246}, 
   {0.006000737585521002, -0.007295303669312368, 0., 0.007295303669312322}, 
   {0.0060007375855210265, 0.007295303669312246, -0.007295303669312322, 
    0.}}}, {0, 0}, {{-1.5776433533595027, -1.5818007863119066}, 
  {-0.8683244692657517, -0.39348439600464075, -0.0406778386282351}, 
  {-1.573037469560922, -1.5771949025133258}, {{2, 0.00009087369881001462}}, 
  {{2, 0.0012945660837912832}}, {1.5075101520614166*^-13, 
   0.9966859692462735}}}
