{3, 28, {{{-0.5248375864494451, 0, -0.0000166713570365797, 
    0.000016671357036779716}, {0, 0.999838876854783, 0.000014266713784122576, 
    0.000014266713784110745}, {-0.00001667135703715355, 
    0.00001426671378352598, -2.1652184236300304*^-6, 0.0004289626183395491}, 
   {0.00001667135703669655, 0.00001426671378380775, 0.000428962618342184, 
    -2.165218425587666*^-6}}, {{-0.524837586449445, 0.00001667135703656551, 
    0, -0.000016671357036721968}, {0.000016671357037136327, 
    -2.1652184224417448*^-6, 0.000014266713783614397, 0.0004289626183400992}, 
   {0, 0.000014266713784042725, 0.9998388768547829, 0.000014266713784274147}, 
   {-0.000016671357036753437, 0.00042896261834160943, 
    0.000014266713783675664, -2.165218426636306*^-6}}, 
  {{-0.5248375864494454, -0.000016671357036967286, 0.00001667135703701425, 
    0}, {-0.00001667135703654952, -2.1652184248070402*^-6, 
    0.0004289626183404685, 0.000014266713784499133}, 
   {0.00001667135703652933, 0.0004289626183397739, -2.165218424943216*^-6, 
    0.000014266713784550917}, {0, 0.000014266713783798813, 
    0.000014266713783737721, 0.9998388768547815}}}, 
 {{{0., -0.003286981467850155, -0.003286981467850158, -0.00328698146785015}, 
   {0.003286981467850155, 0., 0.0039989533023244515, -0.003998953302324446}, 
   {0.003286981467850158, -0.0039989533023244515, 0., 0.0039989533023245104}, 
   {0.00328698146785015, 0.003998953302324446, -0.0039989533023245104, 0.}}, 
  {{0., -0.003286981467850151, -0.00328698146785016, -0.0032869814678501497}, 
   {0.003286981467850151, 0., 0.0039989533023245885, -0.003998953302324519}, 
   {0.00328698146785016, -0.0039989533023245885, 0., 0.0039989533023244124}, 
   {0.0032869814678501497, 0.003998953302324519, -0.0039989533023244124, 
    0.}}}, {0, 0}, {{-1.575543989801163, -1.5767964979604479}, 
  {-0.8109679592989038, -0.3936047181488408, -0.011879261500611082}, 
  {-1.5741558327888796, -1.5754083409481645}, {{2, 0.00004738380466704249}}, 
  {{2, 0.0007119718344743341}}, {4.0895732950260514*^-15, 
   0.9990336504550665}}}
