{3, 28, {{{-0.5248225174890424, 0, -0.00002330430393520477, 
    0.000023304303935817248}, {0, 0.999774485191381, 0.00001992882434234981, 
    0.000019928824341892723}, {-0.000023304303935900386, 
    0.000019928824341285164, -3.252125324889818*^-6, 0.0006695496313471909}, 
   {0.000023304303935524005, 0.000019928824341104495, 0.0006695496313502504, 
    -3.2521253269723535*^-6}}, 
  {{-0.5248225174890424, 0.000023304303935240724, 0, 
    -0.000023304303935730302}, {0.000023304303935862032, 
    -3.2521253235679587*^-6, 0.00001992882434139849, 0.0006695496313478269}, 
   {0, 0.00001992882434219802, 0.9997744851913808, 0.00001992882434169563}, 
   {-0.00002330430393558853, 0.0006695496313499324, 0.000019928824341226756, 
    -3.2521253273409823*^-6}}, 
  {{-0.5248225174890429, -0.000023304303935909656, 0.000023304303935892573, 
    0}, {-0.00002330430393506152, -3.252125326410303*^-6, 
    0.0006695496313491037, 0.00001992882434203585}, 
   {0.000023304303935052188, 0.0006695496313482373, -3.2521253262862704*^-6, 
    0.000019928824342492782}, {0, 0.000019928824341295518, 
    0.00001992882434081939, 0.9997744851913818}}}, 
 {{{0., -0.0038861745982049205, -0.003886174598204919, 
    -0.003886174598204925}, {0.0038861745982049205, 0., 0.004727551243052316, 
    -0.004727551243052228}, {0.003886174598204919, -0.004727551243052316, 0., 
    0.004727551243052415}, {0.003886174598204925, 0.004727551243052228, 
    -0.004727551243052415, 0.}}, {{0., -0.0038861745982049327, 
    -0.0038861745982049336, -0.0038861745982049266}, 
   {0.0038861745982049327, 0., 0.004727551243052311, -0.004727551243052253}, 
   {0.0038861745982049336, -0.004727551243052311, 0., 0.004727551243052383}, 
   {0.0038861745982049266, 0.004727551243052253, -0.004727551243052383, 
    0.}}}, {0, 0}, {{-1.5759078672586855, -1.5776579407399904}, 
  {-0.8205291924943103, -0.39358410370555763, -0.016680492541597536}, 
  {-1.573968343854747, -1.575718417336052}, {{2, 0.00006317191279446186}}, 
  {{2, 0.0008413766448473913}}, {1.1163939384402002*^-14, 
   0.9986476737728798}}}
