{3, 28, {{{-0.5247847733953184, 0, -0.000039995693653843483, 
    0.00003999569365443914}, {0, 0.9996117619974738, 0.00003408972273862365, 
    0.00003408972273904413}, {-0.000039995693655404, 0.00003408972273813901, 
    -6.241252226519764*^-6, 0.0013653171737846217}, 
   {0.0000399956936547912, 0.00003408972273749182, 0.0013653171737864258, 
    -6.2412522274920765*^-6}}, 
  {{-0.5247847733953185, 0.000039995693653818804, 0, 
    -0.00003999569365428878}, {0.00003999569365542323, 
    -6.2412522257825065*^-6, 0.00003408972273840453, 0.0013653171737853373}, 
   {0, 0.00003408972273834913, 0.9996117619974737, 0.000034089722739423205}, 
   {-0.0000399956936549319, 0.0013653171737860268, 0.00003408972273702203, 
    -6.2412522272570214*^-6}}, 
  {{-0.5247847733953193, -0.00003999569365532182, 0.00003999569365541016, 0}, 
   {-0.00003999569365370687, -6.241252227160744*^-6, 0.0013653171737867831, 
    0.00003408972273935627}, {0.000039995693653615564, 0.0013653171737864384, 
    -6.241252227562333*^-6, 0.00003408972273955667}, 
   {0, 0.00003408972273745512, 0.000034089722737254936, 
    0.9996117619974749}}}, 
 {{{0., -0.005087405364917302, -0.005087405364917299, -0.005087405364917323}, 
   {0.005087405364917302, 0., 0.006187491616718431, -0.006187491616718606}, 
   {0.005087405364917299, -0.006187491616718431, 0., 0.006187491616718704}, 
   {0.005087405364917323, 0.006187491616718606, -0.006187491616718704, 0.}}, 
  {{0., -0.005087405364917291, -0.005087405364917298, -0.005087405364917315}, 
   {0.005087405364917291, 0., 0.006187491616718433, -0.00618749161671869}, 
   {0.005087405364917298, -0.006187491616718433, 0., 0.006187491616718749}, 
   {0.005087405364917315, 0.00618749161671869, -0.006187491616718749, 0.}}}, 
 {0, 0}, {{-1.5768167002435103, -1.57981265939756}, 
  {-0.8449412887927888, -0.39353251042751214, -0.028938133968882285}, 
  {-1.5734968221917196, -1.5764927813457694}, {{2, 0.00009971958265074499}}, 
  {{2, 0.0011000862518012974}}, {5.611613368430237*^-14, 0.9976728317460121}}}
