{3, 28, {{{-0.5248049168373758, 0, -0.00003107291568357328, 
    0.0000310729156841021}, {0, 0.9996988902004653, 0.000026536105892194283, 
    0.000026536105892922514}, {-0.0000310729156847074, 0.0000265361058927105, 
    -4.607034372473839*^-6, 0.0009794646202480348}, 
   {0.00003107291568408737, 0.000026536105891872952, 0.0009794646202502004, 
    -4.607034373675135*^-6}}, {{-0.5248049168373758, 0.00003107291568371907, 
    0, -0.00003107291568399585}, {0.00003107291568457939, 
    -4.607034371200552*^-6, 0.000026536105892898797, 0.000979464620248466}, 
   {0, 0.000026536105892012625, 0.9996988902004658, 0.000026536105893117423}, 
   {-0.00003107291568419955, 0.0009794646202500295, 0.000026536105891674188, 
    -4.607034374243257*^-6}}, 
  {{-0.5248049168373762, -0.000031072915684721126, 0.00003107291568461056, 
    0}, {-0.00003107291568340294, -4.607034374016876*^-6, 
    0.0009794646202498894, 0.00002653610589320465}, 
   {0.0000310729156834929, 0.0009794646202492458, -4.607034373799168*^-6, 
    0.000026536105893464568}, {0, 0.00002653610589196481, 
    0.00002653610589172714, 0.9996988902004662}}}, 
 {{{0., -0.004486241747516998, -0.004486241747517001, -0.004486241747516998}, 
   {0.004486241747516998, 0., 0.00545698931950332, -0.00545698931950312}, 
   {0.004486241747517001, -0.00545698931950332, 0., 0.005456989319503131}, 
   {0.004486241747516998, 0.00545698931950312, -0.005456989319503131, 0.}}, 
  {{0., -0.004486241747516997, -0.004486241747516992, -0.004486241747517007}, 
   {0.004486241747516997, 0., 0.005456989319503338, -0.005456989319503202}, 
   {0.004486241747516992, -0.005456989319503338, 0., 0.0054569893195032465}, 
   {0.004486241747517007, 0.005456989319503202, -0.0054569893195032465, 
    0.}}}, {0, 0}, {{-1.5763321774897892, -1.5786632970823096}, 
  {-0.8318287352317385, -0.393560037607219, -0.022354330008650225}, 
  {-1.5737488502798678, -1.5760799698723882}, {{2, 0.0000806189284142956}}, 
  {{2, 0.0009707475719862274}}, {2.640697307670368*^-14, 0.9981947006635734}}}
