{8, 28, {{{-0.5248681909781912, 0, -3.1902939001128994*^-6, 
    3.1902939001288617*^-6}, {0, 0.9999689814117698, 2.7533571800289235*^-6, 
    2.753357181178044*^-6}, {-3.190293900503806*^-6, 2.75335718034012*^-6, 
    -1.3563271080482137*^-6, 0.00007147419532773969}, 
   {3.1902939013453146*^-6, 2.7533571802789134*^-6, 0.00007147419532663331, 
    -1.3563271056213355*^-6}}, {{-0.5248681909781909, 3.1902939003836196*^-6, 
    0, -3.1902939001317793*^-6}, {3.1902939002258165*^-6, 
    -1.3563271060428733*^-6, 2.753357180327489*^-6, 0.00007147419532798048}, 
   {0, 2.7533571799972343*^-6, 0.9999689814117704, 2.753357180628776*^-6}, 
   {-3.190293901333788*^-6, 0.00007147419532581536, 2.7533571807760997*^-6, 
    -1.356327107487898*^-6}}, {{-0.5248681909781914, -3.1902939003437553*^-6, 
    3.1902939001182645*^-6, 0}, {-3.1902939001181303*^-6, 
    -1.356327108569498*^-6, 0.00007147419532709489, 2.753357180487614*^-6}, 
   {3.1902939003524945*^-6, 0.00007147419532825818, -1.3563271066552307*^-6, 
    2.7533571810678687*^-6}, {0, 2.7533571812535146*^-6, 
    2.753357180698253*^-6, 0.9999689814117699}}}, 
 {{{0., -0.0014431853867693475, -0.0014431853867693492, 
    -0.0014431853867692887}, {0.0014431853867693475, 0., 
    0.0017560276522371899, -0.0017560276522373217}, 
   {0.0014431853867693492, -0.0017560276522371899, 0., 
    0.0017560276522375017}, {0.0014431853867692887, 0.0017560276522373217, 
    -0.0017560276522375017, 0.}}, 
  {{0., -0.0014431853867693262, -0.0014431853867693468, 
    -0.0014431853867692965}, {0.0014431853867693262, 0., 
    0.0017560276522369663, -0.0017560276522374596}, 
   {0.0014431853867693468, -0.0017560276522369663, 0., 
    0.0017560276522374314}, {0.0014431853867692965, 0.0017560276522374596, 
    -0.0017560276522374314, 0.}}}, {0, 0}, 
 {{-1.5746119726841752, -1.5746619660924686}, {-0.7875786580462932, 
   -0.39364661275766555, -0.00014271626548106875}, 
  {-1.5745565606888972, -1.5746065540971905}, {{2, 0.0005966137840673885}, 
   {3, 0.00012948858334504076}, {4, 0.000028134809367434156}, 
   {5, 0.000010583930382707362}, {6, 0.000010094591537979937}, 
   {7, 9.621196782031975*^-6}}, {{2, 0.00029812420520348363}, 
   {3, 0.00030965217982666473}, {4, 0.00031215278385962245}, 
   {5, 0.0003126980620719788}, {6, 0.00031281458280756053}, 
   {7, 0.00031284226546798594}}, {2.932162957001128*^-17, 
   0.9998139029023155}}}
