{6, 28, {{{-0.5247736674940171, 0, -0.0000448483025759768, 
    0.000044848302576355486}, {0, 0.9995613234073939, 
    0.000038269536365678606, 0.00003826953636866244}, 
   {-0.000044848302577480684, 0.000038269536366726325, 
    -0.000021519401412931766, 0.0018923338550420358}, 
   {0.000044848302576794445, 0.0000382695363639853, 0.0018923338550402569, 
    -0.00002151940141364994}}, {{-0.5247736674940172, 0.00004484830257566409, 
    0, -0.00004484830257659261}, {0.00004484830257777131, 
    -0.00002151940141338106, 0.000038269536366364743, 0.001892333855041845}, 
   {0, 0.00003826953636607651, 0.9995613234073936, 0.00003826953636854517}, 
   {-0.000044848302576551666, 0.0018923338550406981, 0.00003826953636418264, 
    -0.00002151940141428832}}, 
  {{-0.5247736674940175, -0.000044848302577793416, 0.00004484830257750865, 
    0}, {-0.00004484830257550478, -0.00002151940141319978, 
    0.0018923338550428516, 0.00003826953636889988}, 
   {0.000044848302575777125, 0.0018923338550421954, -0.000021519401413760963, 
    0.000038269536368861905}, {0, 0.00003826953636418924, 
    0.00003826953636425296, 0.9995613234073948}}}, 
 {{{0., -0.005391464155196271, -0.005391464155196273, -0.005391464155196287}, 
   {0.005391464155196271, 0., 0.006556611028929096, -0.006556611028929158}, 
   {0.005391464155196273, -0.006556611028929096, 0., 0.006556611028929024}, 
   {0.005391464155196287, 0.006556611028929158, -0.006556611028929024, 0.}}, 
  {{0., -0.005391464155196276, -0.005391464155196276, -0.005391464155196283}, 
   {0.005391464155196276, 0., 0.006556611028929099, -0.006556611028929215}, 
   {0.005391464155196276, -0.006556611028929099, 0., 0.006556611028929174}, 
   {0.005391464155196283, 0.006556611028929215, -0.006556611028929174, 0.}}}, 
 {0, 0}, {{-1.57707937271006, -1.5804411570538957}, 
  {-0.8522336603522896, -0.39351734375198744, -0.03259948642415739}, 
  {-1.5733543315211795, -1.5767161158650151}, {{2, 0.00010991418834622709}, 
   {3, 0.00010542459624938213}, {4, 0.00010109915632965051}, 
   {5, 0.00009697509946562455}}, {{2, 0.0011647453113134568}, 
   {3, 0.001165136936423792}, {4, 0.0011649953416668622}, 
   {5, 0.0011651468737328497}}, {7.944682017039925*^-14, 0.9973708253138598}}}
