{8, 28, {{{-0.5247084092497015, 0, -0.0000745983061585702, 
    0.00007459830616946617}, {0, 0.9992416587803925, 0.00006261755982594759, 
    0.00006261755986609083}, {-0.00007459830618422138, 
    0.00006261755983211236, -0.000025503936619720655, 0.0050585156229450735}, 
   {0.0000745983061736641, 0.00006261755979137618, 0.00505851562294427, 
    -0.00002550393661885069}}, {{-0.5247084092497015, 0.00007459830615376241, 
    0, -0.00007459830617350039}, {0.00007459830618906213, 
    -0.00002550393661991668, 0.00006261755982580307, 0.005058515622944905}, 
   {0, 0.00006261755983225353, 0.9992416587803925, 0.0000626175598646112}, 
   {-0.00007459830616961063, 0.00505851562294477, 0.00006261755979276434, 
    -0.000025503936618626044}}, 
  {{-0.5247084092497019, -0.00007459830618903069, 0.00007459830618437282, 0}, 
   {-0.00007459830615362827, -0.000025503936619038908, 0.00505851562294683, 
    0.00006261755986635862}, {0.00007459830615821795, 0.005058515622946244, 
    -0.000025503936619181156, 0.00006261755986453356}, 
   {0, 0.00006261755979147994, 0.00006261755979331844, 0.999241658780393}}}, 
 {{{0., -0.00691928878571005, -0.006919288785710062, -0.006919288785709993}, 
   {0.00691928878571005, 0., 0.008408300773654748, -0.008408300773654372}, 
   {0.006919288785710062, -0.008408300773654748, 0., 0.008408300773654367}, 
   {0.006919288785709993, 0.008408300773654372, -0.008408300773654367, 0.}}, 
  {{0., -0.006919288785710041, -0.006919288785710018, -0.006919288785710091}, 
   {0.006919288785710041, 0., 0.008408300773654452, -0.008408300773654486}, 
   {0.006919288785710018, -0.008408300773654452, 0., 0.008408300773654547}, 
   {0.006919288785710091, 0.008408300773654486, -0.008408300773654547, 0.}}}, 
 {0, 0}, {{-1.5785880308513616, -1.5841009283267427}, 
  {-0.8963884381516676, -0.39342825411119586, -0.054765964964637925}, 
  {-1.5724819531602539, -1.577994850635635}, {{2, 0.00011546537028839666}, 
   {3, 0.00011183260381732348}, {4, 0.00010827569879930977}, 
   {5, 0.00010485971896486302}, {6, 0.00010158241683210726}, 
   {7, 0.00009843560058942023}}, {{2, 0.0014885078956701323}, 
   {3, 0.0014888523222398823}, {4, 0.0014888570586029713}, 
   {5, 0.0014889396158474116}, {6, 0.0014889345049822725}, 
   {7, 0.001489011987944453}}, {3.533860737178552*^-13, 0.995458570186237}}}
