{3, 28, {{{-0.5248140342594647, 0, -0.000027045589612875677, 
    0.00002704558961322764}, {0, 0.9997381062847146, 0.000023114258465483495, 
    0.000023114258465787722}, {-0.000027045589613592396, 
    0.00002311425846543251, -3.895278762369378*^-6, 0.0008154287320400755}, 
   {0.000027045589613147656, 0.000023114258465050993, 0.0008154287320429709, 
    -3.895278763868179*^-6}}, {{-0.5248140342594646, 0.000027045589612710753, 
    0, -0.000027045589613136197}, {0.000027045589613729605, 
    -3.8952787608098616*^-6, 0.000023114258465598095, 0.0008154287320407627}, 
   {0, 0.000023114258465328034, 0.9997381062847144, 0.000023114258466126956}, 
   {-0.000027045589613230828, 0.0008154287320424739, 0.000023114258464707064, 
    -3.895278764515231*^-6}}, {{-0.524814034259465, -0.00002704558961352457, 
    0.0000270455896137426, 0}, {-0.000027045589612762473, 
    -3.895278763899404*^-6, 0.000815428732041599, 0.000023114258466213204}, 
   {0.000027045589612597355, 0.0008154287320416263, -3.895278763377252*^-6, 
    0.00002311425846625776}, {0, 0.00002311425846505426, 
    0.000023114258465061527, 0.9997381062847147}}}, 
 {{{0., -0.004186085524114092, -0.0041860855241140854, 
    -0.004186085524114086}, {0.004186085524114092, 0., 0.005092151862767423, 
    -0.005092151862767041}, {0.0041860855241140854, -0.005092151862767423, 
    0., 0.005092151862766994}, {0.004186085524114086, 0.005092151862767041, 
    -0.005092151862766994, 0.}}, {{0., -0.004186085524114084, 
    -0.004186085524114075, -0.004186085524114097}, 
   {0.004186085524114084, 0., 0.005092151862767285, -0.005092151862767062}, 
   {0.004186085524114075, -0.005092151862767285, 0., 0.0050921518627670154}, 
   {0.004186085524114097, 0.005092151862767062, -0.0050921518627670154, 
    0.}}}, {0, 0}, {{-1.5761124798101669, -1.5781426233976934}, 
  {-0.8259572613003004, -0.3935725026446212, -0.019406128005529044}, 
  {-1.57386262681194, -1.5758927703994665}, {{2, 0.00007169059703511938}}, 
  {{2, 0.0009060663386530501}}, {1.743444322506678*^-14, 0.9984296661738726}}}
