{70, 28, {{{-0.5247572864710282, 0, -0.00005272300619431227, 
    0.00005272302668710392}, {0, 0.9994497387272229, 0.000044311119368828085, 
    0.00004431133321012605}, {-0.00005272305912650877, 
    0.00004431111725746264, -0.000017218485438078024, 0.0049970488970428805}, 
   {0.000052723038633401115, 0.00004431090341358156, 0.004997048897068245, 
    -0.000017218485432130524}}, 
  {{-0.5247572864710283, 0.00005272293565175142, 0, -0.0000527230374511819}, 
   {0.000052723129669055654, -0.000017218485436525446, 
    0.00004431111779028415, 0.004997048897189428}, 
   {0, 0.00004431111883412668, 0.999449738727223, 0.00004431121914920237}, 
   {-0.00005272302786937299, 0.0049970488969219694, 0.00004431101747530681, 
    -0.000017218485430403607}}, 
  {{-0.5247572864710286, -0.000052723130267844095, 0.000052723059709290196, 
    0}, {-0.00005272293505274578, -0.000017218485435982478, 
    0.0049970488971326325, 0.000044311333729370964}, 
   {0.000052723005611253774, 0.004997048896980372, -0.000017218485435760433, 
    0.00004431122021104878}, {0, 0.00004431090289777422, 
    0.00004431101641568559, 0.9994497387272243}}}, 
 {{{0., -0.005819871534094578, -0.005819871533489798, -0.005819871533769607}, 
   {0.005819871534094578, 0., 0.007072760342363637, -0.007072760342540307}, 
   {0.005819871533489798, -0.007072760342363637, 0., 0.007072760343193123}, 
   {0.005819871533769607, 0.007072760342540307, -0.007072760343193123, 0.}}, 
  {{0., -0.005819871533474949, -0.005819871534079009, -0.005819871533800017}, 
   {0.005819871533474949, 0., 0.0070727603430338236, -0.0070727603428587795}, 
   {0.005819871534079009, -0.0070727603430338236, 0., 0.007072760342204654}, 
   {0.005819871533800017, 0.0070727603428587795, -0.007072760342204654, 
    0.}}}, {0, 0}, {{-1.5743136363452404, -1.575120061400443}, 
  {-0.7916041295543212, -0.3934947852537868, -0.0023072795233738397}, 
  {-1.5734204086071062, -1.5742268336623089}, {{2, 0.0006015491419913838}, 
   {3, 0.00013292362012248989}, {4, 0.00008965294857624442}, 
   {5, 0.00008645493867239212}, {6, 0.00008325488872493788}, 
   {7, 0.000080161448994752}, {8, 0.00007719524499804481}, 
   {9, 0.00007435302205762318}, {10, 0.0000716314149124919}, 
   {11, 0.00006902279933037984}, {12, 0.00006652323969366658}, 
   {13, 0.0000641257449348607}, {14, 0.00006182683697335701}, 
   {15, 0.000059620286226348424}, {16, 0.000057503047068447645}, 
   {17, 0.000055469563836562773}, {18, 0.00005351716071276503}, 
   {19, 0.000051640871934531454}, {20, 0.00004983833738230088}, 
   {21, 0.00004810510886420986}, {22, 0.000046439096694708346}, 
   {23, 0.00004483630810833521}, {24, 0.000043294885935295756}, 
   {25, 0.00004181123926073026}, {26, 0.000040383711559671166}, 
   {27, 0.00003900906742050712}, {28, 0.00003768582408793242}, 
   {29, 0.000036411061421252715}, {30, 0.000035183447701885376}, 
   {31, 0.00003400034303096405}, {32, 0.00003286054743214563}, 
   {33, 0.00003176167065623535}, {34, 0.000030702628048747196}, 
   {35, 0.000029681252216117934}, {36, 0.000028696559801710125}, 
   {37, 0.000027746582742799696}, {38, 0.000026830426972729998}, 
   {39, 0.000025946303049194028}, {40, 0.00002509339587514984}, 
   {41, 0.00002427007635608363}, {42, 0.000023475599476266602}, 
   {43, 0.000022708480323208914}, {44, 0.000021968036283382363}, 
   {45, 0.0000212529123001029}, {46, 0.000020562481499246735}, 
   {47, 0.00001989550595936796}, {48, 0.000019251408754241903}, 
   {49, 0.000018629057776415638}, {50, 0.000018027920999318797}, 
   {51, 0.000017446962035037525}, {52, 0.000016885689337105096}, 
   {53, 0.000016343153222771536}, {54, 0.000015818898751868843}, 
   {55, 0.000015312054880059663}, {56, 0.000014822199861128788}, 
   {57, 0.000014348534064039485}, {58, 0.000013890665925575876}, 
   {59, 0.0000134478607399513}, {60, 0.000013019754460670552}, 
   {61, 0.000012605671478298913}, {62, 0.000012205272892962943}, 
   {63, 0.000011817936944590393}, {64, 0.0000114433477699568}, 
   {65, 0.00001108093272959073}, {66, 0.000010730397110443081}, 
   {67, 0.000010391213123804414}, {68, 0.000010063105518702542}, 
   {69, 9.745587526233633*^-6}}, {{2, 0.0012366506811621694}, 
   {3, 0.0012484190799775575}, {4, 0.0012509175291289065}, 
   {5, 0.0012515929346759934}, {6, 0.0012516745344717355}, 
   {7, 0.0012518118730484936}, {8, 0.0012517834913853148}, 
   {9, 0.001251887250755207}, {10, 0.0012518581972991083}, 
   {11, 0.0012519529915771823}, {12, 0.0012519279205332183}, 
   {13, 0.0012520154692336953}, {14, 0.0012519941152089307}, 
   {15, 0.0012520750112339704}, {16, 0.0012520569318451224}, 
   {17, 0.0012521316797041821}, {18, 0.0012521164744335354}, 
   {19, 0.0012521855411483022}, {20, 0.00125217285563696}, 
   {21, 0.0012522366747782564}, {22, 0.0012522261957249273}, 
   {23, 0.0012522851693194835}, {24, 0.0012522766196332545}, 
   {25, 0.0012523311200131042}, {26, 0.0012523242545731353}, 
   {27, 0.0012523746262231514}, {28, 0.001252369228174145}, 
   {29, 0.0012524157895491}, {30, 0.001252411667056227}, 
   {31, 0.0012524547123442572}, {32, 0.0012524516957463955}, 
   {33, 0.00125249149656012}, {34, 0.0012524894358488918}, 
   {35, 0.0012525262428524928}, {36, 0.0012525250054785482}, 
   {37, 0.0012525590498983505}, {38, 0.0012525585188037768}, 
   {39, 0.0012525900138816931}, {40, 0.0012525900857729227}, 
   {41, 0.0012526192281157149}, {42, 0.0012526198119301212}, 
   {43, 0.0012526467827740225}, {44, 0.001252647798319285}, 
   {45, 0.0012526727647095895}, {46, 0.0012526741414550218}, 
   {47, 0.0012526972573435478}, {48, 0.0012526989333454647}, 
   {49, 0.001252720340609629}, {50, 0.0012527222615552733}, 
   {51, 0.00125274209094286}, {52, 0.001252744209299076}, 
   {53, 0.0012527625813028274}, {54, 0.0012527648555576165}, 
   {55, 0.0012527818812239693}, {56, 0.001252784275210772}, 
   {57, 0.0012528000568868684}, {58, 0.0012528025391818425}, 
   {59, 0.0012528171712049422}, {60, 0.0012528197145897416}, 
   {61, 0.001252833283923036}, {62, 0.0012528358649056173}, 
   {63, 0.0012528484517242825}, {64, 0.001252851050111413}, 
   {65, 0.001252862728342536}, {66, 0.0012528653268585154}, 
   {67, 0.0012528761646779952}, {68, 0.0012528787486247796}, 
   {69, 0.0012528888089143942}}, {1.2517962746353242*^-13, 
   0.9967029708444957}}}
