{9, 32, {{{-0.5247892442453916, 0, -0.00004940806450655291, 
    0.000049408064506540326}, {0, 0.9997324529900214, 
    0.000011287314931788102, 0.000011287314931825222}, 
   {-0.00004940806450652306, 0.000011287314932157815, -3.991267947873155*^-6, 
    0.00012019358087289998}, {0.00004940806450655418, 
    0.000011287314931527768, 0.00012019358087300966, -3.99126794787142*^-6}}, 
  {{-0.5247892442453918, 0.00004940806450655236, 0, -0.00004940806450654017}, 
   {0.00004940806450652973, -3.991267947886165*^-6, 0.000011287314932154972, 
    0.00012019358087319168}, {0, 0.000011287314931791714, 0.9997324529900213, 
    0.000011287314931512638}, {-0.00004940806450655171, 
    0.00012019358087268758, 0.000011287314931836061, 
    -3.991267947894839*^-6}}, {{-0.5247892442453923, -0.00004940806450651052, 
    0.000049408064506511154, 0}, {-0.00004940806450646409, 
    -3.99126794834153*^-6, 0.00012019358087256928, 0.000011287314931532776}, 
   {0.00004940806450646519, 0.00012019358087352726, -3.991267948422195*^-6, 
    0.000011287314931846591}, {0, 0.000011287314931830054, 
    0.000011287314931521312, 0.9997324529900229}}}, 
 {{{0., 0.004813036411683922, 0.004813036411683928, 0.004813036411683938}, 
   {-0.004813036411683922, 0., -0.004962458847709629, 0.004962458847709596}, 
   {-0.004813036411683928, 0.004962458847709629, 0., -0.004962458847709581}, 
   {-0.004813036411683938, -0.004962458847709596, 0.004962458847709581, 0.}}, 
  {{0., 0.0048130364116839176, 0.004813036411683916, 0.004813036411683954}, 
   {-0.0048130364116839176, 0., -0.0049624588477095825, 0.00496245884770966}, 
   {-0.004813036411683916, 0.0049624588477095825, 0., -0.00496245884770963}, 
   {-0.004813036411683954, -0.00496245884770966, 0.00496245884770963, 0.}}}, 
 {0, 0}, {{-1.5734991530517457, -1.5729822947883147}, 
  {-6.298446811779678, -1.5740160113151769, -1.5752073945746623}, 
  {-1.5740240343399567, -1.5735071760765258}, {{2, 0.002294930743893501}, 
   {3, 0.0008987560069111857}, {4, 0.0003520105729405993}, 
   {5, 0.00013787568184157016}, {6, 0.00005400413081197222}, 
   {7, 0.00002115286534824963}, {8, 8.285382790233775*^-6}}, 
  {{2, 0.10850899696409129}, {3, 0.04813884319070938}, 
   {4, 0.02764150433134549}, {5, 0.020025684882664985}, 
   {6, 0.01710237706250213}, {7, 0.015966305216804352}, 
   {8, 0.01552267874630578}}, {1.493418441154761*^-14, 0.9983957912782186}}}
