{28, 32, {{{-0.5197878747143513, 0, -0.001161359881574293, 
    0.0011613598815743077}, {0, 0.9940484531242348, -0.002008857940660217, 
    -0.002008857940660398}, {-0.0011613598815743084, -0.00200885794066018, 
    0.0024652979834810574, 0.004803961622984444}, 
   {0.0011613598815743142, -0.0020088579406603345, 0.004803961622984413, 
    0.0024652979834809755}}, {{-0.5197878747143515, 0.00116135988157431, 0, 
    -0.0011613598815743286}, {0.0011613598815743273, 0.002465297983480546, 
    -0.002008857940660179, 0.004803961622984566}, 
   {0, -0.0020088579406602122, 0.9940484531242346, -0.002008857940660321}, 
   {-0.0011613598815743212, 0.004803961622984456, -0.002008857940660333, 
    0.002465297983480913}}, {{-0.5197878747143517, -0.0011613598815742765, 
    0.0011613598815742748, 0}, {-0.0011613598815743084, 
    0.0024652979834808367, 0.004803961622984737, -0.002008857940660298}, 
   {0.0011613598815742921, 0.004803961622984373, 0.002465297983480802, 
    -0.002008857940660292}, {0, -0.0020088579406604035, 
    -0.0020088579406606164, 0.9940484531242351}}}, 
 {{{0., 0.07614282967540606, 0.07614282967540603, 0.07614282967540639}, 
   {-0.07614282967540606, 0., -0.027399744683716344, 0.027399744683716355}, 
   {-0.07614282967540603, 0.027399744683716344, 0., -0.027399744683716455}, 
   {-0.07614282967540639, -0.027399744683716355, 0.027399744683716455, 0.}}, 
  {{0., 0.07614282967540603, 0.07614282967540606, 0.07614282967540656}, 
   {-0.07614282967540603, 0., -0.027399744683716545, 0.02739974468371671}, 
   {-0.07614282967540606, 0.027399744683716545, 0., -0.027399744683716774}, 
   {-0.07614282967540656, -0.02739974468371671, 0.027399744683716774, 0.}}}, 
 {0, 0}, {{-1.5450560375334597, -1.522635885096383}, 
  {-6.2982487128501985, -1.5674761899705378, -1.5816481664545614}, 
  {-1.5603000224940604, -1.5378798700569838}, {{2, 0.0038144280015827564}, 
   {3, 0.0030000917702137503}, {4, 0.002360763737523766}, 
   {5, 0.0018584315645739924}, {6, 0.001463473737911794}, 
   {7, 0.0011527641361057661}, {8, 0.0009082187039428785}, 
   {9, 0.0007156755716637014}, {10, 0.0005640303610815467}, 
   {11, 0.0004445667683753707}, {12, 0.0003504369081979153}, 
   {13, 0.0002762568766015716}, {14, 0.00021779126277900185}, 
   {15, 0.00017170655838551208}, {16, 0.0001353780954660433}, 
   {17, 0.00010673868309916956}, {18, 0.00008415980106789289}, 
   {19, 0.0000663582613524838}, {20, 0.000052322823167416654}, 
   {21, 0.00004125646126525162}, {22, 0.00003253092677164837}, 
   {23, 0.000025650969445872862}, {24, 0.00002022615852859122}, 
   {25, 0.000015948682990277185}, {26, 0.000012575859038202464}, 
   {27, 9.91634465216662*^-6}}, {{2, 0.28085648930302287}, 
   {3, 0.29066639323885934}, {4, 0.29775966615761984}, 
   {5, 0.30299601813008503}, {6, 0.30692129994377493}, 
   {7, 0.30989786913243667}, {8, 0.31217486679317547}, 
   {9, 0.31392843349035965}, {10, 0.3152858989083836}, 
   {11, 0.31634095776470617}, {12, 0.31716354026086313}, 
   {13, 0.31780643436561906}, {14, 0.31830984946718155}, 
   {15, 0.318704634626764}, {16, 0.31901459317430125}, 
   {17, 0.3192581753872965}, {18, 0.3194497338269049}, 
   {19, 0.3196004652551324}, {20, 0.31971912422510174}, 
   {21, 0.31981256797570823}, {22, 0.31988617519179896}, 
   {23, 0.31994416950460736}, {24, 0.31998987044991867}, 
   {25, 0.3200258888052313}, {26, 0.32005427904167516}, 
   {27, 0.32007665856049383}}, {4.2313514234218006*^-10, 0.9648178349893304}}}
