{3, 32, {{{-0.5139854047791073, 0, -6.58072926617314*^-6, 
    6.580729266169135*^-6}, {0, 0.9903386482740875, -0.005136617399906923, 
    -0.005136617399907353}, {-6.580729266120182*^-6, -0.005136617399906989, 
    0.006083597128608894, 0.009431174637568467}, 
   {6.580729266125208*^-6, -0.00513661739990739, 0.009431174637568424, 
    0.00608359712860915}}, {{-0.5139854047791074, 6.580729266151393*^-6, 0, 
    -6.580729266156239*^-6}, {6.580729266135664*^-6, 0.006083597128609063, 
    -0.00513661739990698, 0.00943117463756835}, {0, -0.005136617399906913, 
    0.9903386482740877, -0.005136617399907438}, {-6.580729266141064*^-6, 
    0.009431174637568245, -0.005136617399907431, 0.006083597128609036}}, 
  {{-0.5139854047791071, -6.580729266136187*^-6, 6.580729266131086*^-6, 0}, 
   {-6.580729266162406*^-6, 0.006083597128608664, 0.009431174637568821, 
    -0.005136617399907357}, {6.580729266164069*^-6, 0.009431174637568783, 
    0.006083597128608592, -0.005136617399907409}, 
   {0, -0.005136617399907437, -0.0051366173999075355, 0.9903386482740879}}}, 
 {{{0., 0.05571407848174155, 0.05571407848174156, 0.05571407848174159}, 
   {-0.05571407848174155, 0., -0.00004949762752948225, 
    0.000049497627529397556}, {-0.05571407848174156, 0.00004949762752948225, 
    0., -0.00004949762752932107}, {-0.05571407848174159, 
    -0.000049497627529397556, 0.00004949762752932107, 0.}}, 
  {{0., 0.055714078481741536, 0.055714078481741536, 0.055714078481741695}, 
   {-0.055714078481741536, 0., -0.000049497627529312135, 
    0.000049497627529384566}, {-0.055714078481741536, 
    0.000049497627529312135, 0., -0.0000494976275294611}, 
   {-0.055714078481741695, -0.000049497627529384566, 0.0000494976275294611, 
    0.}}}, {0, 0}, {{-1.5074211242396856, -1.4784712398515083}, 
  {-6.29839925273186, -1.5363710086278617, -1.6128286177380684}, 
  {-1.5219089262946341, -1.492959041906457}, {{2, 0.00003842009845825278}}, 
  {{2, 0.4995557888699028}}, {1.4706397473859195*^-26, 0.9434141094447954}}}
