{3, 32, {{{-0.5228518333937843, 0, -0.0012216595725942575, 
    0.0012216595725942612}, {0, 0.9936914524059893, 0.0001984523909776578, 
    0.00019845239097772015}, {-0.0012216595725942326, 0.00019845239097781501, 
    -6.2674414795160435*^-6, 0.0029298183622947544}, 
   {0.0012216595725942595, 0.00019845239097773912, 0.0029298183622946195, 
    -6.267441479450124*^-6}}, {{-0.5228518333937842, 0.001221659572594273, 0, 
    -0.0012216595725942588}, {0.0012216595725942285, -6.267441479529054*^-6, 
    0.0001984523909778121, 0.002929818362294709}, 
   {0, 0.0001984523909776553, 0.993691452405989, 0.00019845239097776162}, 
   {-0.0012216595725942512, 0.0029298183622946533, 0.00019845239097770337, 
    -6.267441479440583*^-6}}, {{-0.5228518333937845, -0.0012216595725942291, 
    0.0012216595725942048, 0}, {-0.0012216595725941697, 
    -6.267441479568085*^-6, 0.002929818362294728, 0.00019845239097774741}, 
   {0.0012216595725941712, 0.0029298183622946776, -6.267441479551605*^-6, 
    0.0001984523909777088}, {0, 0.00019845239097772486, 
    0.00019845239097774516, 0.9936914524059892}}}, 
 {{{0., 0.02399876377478724, 0.023998763774787234, 0.023998763774787255}, 
   {-0.02399876377478724, 0., -0.023878891687792458, 0.02387889168779237}, 
   {-0.023998763774787234, 0.023878891687792458, 0., -0.023878891687792385}, 
   {-0.023998763774787255, -0.02387889168779237, 0.023878891687792385, 0.}}, 
  {{0., 0.023998763774787227, 0.023998763774787216, 0.023998763774787307}, 
   {-0.023998763774787227, 0., -0.023878891687792357, 0.023878891687792517}, 
   {-0.023998763774787216, 0.023878891687792357, 0., -0.023878891687792517}, 
   {-0.023998763774787307, -0.023878891687792517, 0.023878891687792517, 
    0.}}}, {0, 0}, {{-1.5479178916897323, -1.5354477682367005}, 
  {-6.298200861031781, -1.5603880151427656, -1.5887124153731247}, 
  {-1.560356871461002, -1.5478867480079703}, {{2, 0.000028500139633763633}}, 
  {{2, 0.0024974637885462315}}, {1.853894405070564*^-10, 0.9627406834023059}}}
{9, 32, {{{-0.5228558997467925, 0, -0.0012203230762565839, 
    0.0012203230762565715}, {0, 0.9936952413907685, 0.00020029435891725394, 
    0.00020029435891722163}, {-0.0012203230762565455, 0.00020029435891726467, 
    -8.491991291579865*^-6, 0.0029261917173784256}, 
   {0.0012203230762565715, 0.00020029435891722846, 0.0029261917173784005, 
    -8.491991291458868*^-6}}, {{-0.5228558997467925, 0.0012203230762565806, 
    0, -0.0012203230762565672}, {0.0012203230762565425, 
    -8.491991291586804*^-6, 0.00020029435891726988, 0.0029261917173784065}, 
   {0, 0.00020029435891725904, 0.9936952413907685, 0.00020029435891723236}, 
   {-0.0012203230762565702, 0.0029261917173784117, 0.00020029435891719686, 
    -8.491991291492695*^-6}}, {{-0.5228558997467925, -0.0012203230762565436, 
    0.001220323076256541, 0}, {-0.0012203230762564952, -8.49199129172775*^-6, 
    0.0029261917173784165, 0.00020029435891724895}, 
   {0.001220323076256493, 0.0029261917173784547, -8.49199129171474*^-6, 
    0.0002002943589172349}, {0, 0.00020029435891720081, 
    0.00020029435891721635, 0.9936952413907687}}}, 
 {{{0., 0.023974567687236548, 0.023974567687236548, 0.023974567687236582}, 
   {-0.023974567687236548, 0., -0.023878242616298968, 0.023878242616298815}, 
   {-0.023974567687236548, 0.023878242616298968, 0., -0.0238782426162988}, 
   {-0.023974567687236582, -0.023878242616298815, 0.0238782426162988, 0.}}, 
  {{0., 0.02397456768723655, 0.023974567687236548, 0.023974567687236627}, 
   {-0.02397456768723655, 0., -0.023878242616298846, 0.023878242616298936}, 
   {-0.023974567687236548, 0.023878242616298846, 0., -0.023878242616298957}, 
   {-0.023974567687236627, -0.023878242616298936, 0.023878242616298957, 
    0.}}}, {0, 0}, {{-1.5479450474246614, -1.5354874966275243}, 
  {-6.298223061630481, -1.560402598221799, -1.5887089325934416}, 
  {-1.5603775722342632, -1.547920021437126}, {{2, 0.011490072564080734}, 
   {3, 0.004545186596421509}, {4, 0.0018026441914547886}, 
   {5, 0.0007157548284408982}, {6, 0.0002843302784995144}, 
   {7, 0.00011297032835951015}, {8, 0.000044888864816759744}}, 
  {{2, 0.08833886088937143}, {3, 0.02993878978599606}, 
   {4, 0.009991820600141461}, {5, 0.0025028433280665265}, 
   {6, 0.00040809504746805344}, {7, 0.0015548006023033828}, 
   {8, 0.0020089011029166748}}, {1.8535920723847646*^-10, 
   0.9627627094219141}}}
