{5, 20, {{{-0.5247522286943818, 0, -0.00002157384452139719, 
    0.000021573844521311947}, {0, 0.9990549236245757, 0.000146187090900981, 
    0.00014618709090005594}, {-0.000021573844521240878, 
    0.00014618709089994847, -0.00003880038251546534, 0.0010696342008266807}, 
   {0.00002157384452106942, 0.00014618709090017147, 0.001069634200826802, 
    -0.0000388003825149124}}, {{-0.5247522286943821, 0.000021573844521333147, 
    0, -0.000021573844521282277}, {0.00002157384452125293, 
    -0.00003880038251465436, 0.0001461870908999271, 0.0010696342008266661}, 
   {0, 0.00014618709090101804, 0.9990549236245764, 0.00014618709090012216}, 
   {-0.00002157384452106933, 0.0010696342008265725, 0.00014618709090013536, 
    -0.00003880038251480528}}, 
  {{-0.5247522286943831, -0.000021573844521273627, 0.000021573844521328373, 
    0}, {-0.000021573844521180464, -0.00003880038251479964, 
    0.0010696342008276727, 0.00014618709090048938}, 
   {0.000021573844521111407, 0.0010696342008267787, -0.000038800382515025156, 
    0.00014618709090044818}, {0, 0.00014618709090025484, 
    0.00014618709090027663, 0.9990549236245774}}}, 
 {{{0, 0.01222566420583264, 0.012225664205832605, 0.012225664205832617}, 
   {-0.01222566420583264, 0, -0.02037277362492634, 0.02037277362492635}, 
   {-0.012225664205832605, 0.02037277362492634, 0, -0.020372773624926368}, 
   {-0.012225664205832617, -0.02037277362492635, 0.020372773624926368, 0}}, 
  {{0, 0.012225664205832654, 0.01222566420583265, 0.01222566420583263}, 
   {-0.012225664205832654, 0, -0.02037277362492637, 0.020372773624926316}, 
   {-0.01222566420583265, 0.02037277362492637, 0, -0.02037277362492658}, 
   {-0.01222566420583263, -0.020372773624926316, 0.02037277362492658, 0}}}, 
 {0, 0}, {{-1.5689821995639426, -1.564747105251787}, 
  {-6.298612079162352, -1.5759602577170455, -1.5733457818641303}, 
  {-1.5746284146209675, -1.5703933203088118}, {{2, 0.003045328633485167}, 
   {3, 0.0006719337968656321}, {4, 0.00028914427255276624}}, 
  {{2, 0.007998279343549564}, {3, 0.008120843672045592}, 
   {4, 0.008147109419093754}}, {7.149916285582896*^-11, 0.9943429224174862}}}
{5, 20, {{{-0.5247522286943822, 0, -0.000021573844521307983, 
    0.000021573844521064048}, {0, 0.9990549236245747, 0.00014618709090070164, 
    0.00014618709090011503}, {-0.000021573844521296124, 0.000146187090900149, 
    -0.000038800382515946294, 0.0010696342008266434}, 
   {0.00002157384452104645, 0.00014618709090011975, 0.001069634200826338, 
    -0.00003880038251464612}}, {{-0.5247522286943823, 0.00002157384452136009, 
    0, -0.000021573844521065545}, {0.000021573844521175846, 
    -0.000038800382514758876, 0.0001461870909001638, 0.0010696342008268372}, 
   {0, 0.00014618709090070977, 0.999054923624576, 0.00014618709090006177}, 
   {-0.000021573844521038674, 0.001069634200826331, 0.00014618709090017857, 
    -0.00003880038251539335}}, 
  {{-0.5247522286943833, -0.000021573844521274085, 0.000021573844521259892, 
    0}, {-0.00002157384452117821, -0.000038800382515068524, 
    0.0010696342008273295, 0.00014618709090038288}, 
   {0.00002157384452120688, 0.0010696342008264807, -0.0000388003825144978, 
    0.00014618709090048727}, {0, 0.0001461870909002747, 
    0.00014618709090021058, 0.9990549236245777}}}, 
 {{{0, 0.012225664205832572, 0.012225664205832609, 0.012225664205832579}, 
   {-0.012225664205832572, 0, -0.02037277362492651, 0.020372773624926573}, 
   {-0.012225664205832609, 0.02037277362492651, 0, -0.020372773624926212}, 
   {-0.012225664205832579, -0.020372773624926573, 0.020372773624926212, 0}}, 
  {{0, 0.012225664205832692, 0.012225664205832655, 0.012225664205832609}, 
   {-0.012225664205832692, 0, -0.020372773624926243, 0.020372773624926357}, 
   {-0.012225664205832655, 0.020372773624926243, 0, -0.020372773624926344}, 
   {-0.012225664205832609, -0.020372773624926357, 0.020372773624926344, 0}}}, 
 {0, 0}, {{-1.5689821995639435, -1.5647471052517876}, 
  {-6.298612079162352, -1.575960257717046, -1.5733457818641299}, 
  {-1.5746284146209684, -1.5703933203088125}, {{2, 0.003045328633485122}, 
   {3, 0.0006719337968656633}, {4, 0.00028914427255231727}}, 
  {{2, 0.007998279343549589}, {3, 0.00812084367204561}, 
   {4, 0.008147109419093752}}, {7.149916285582866*^-11, 0.9943429224174842}}}
