{3, 28, {{{-0.5241093740365317, 0, -0.0005155317609371532, 
    0.0005155317609371426}, {0, 0.997107470449379, 0.00019999896315269758, 
    0.00019999896315278925}, {-0.000515531760937102, 0.00019999896315295583, 
    -0.00012908918333245575, 0.0012319321133235387}, 
   {0.0005155317609371476, 0.0001999989631527621, 0.0012319321133234396, 
    -0.00012908918333232045}}, {{-0.5241093740365319, 0.0005155317609371595, 
    0, -0.0005155317609371487}, {0.0005155317609371207, 
    -0.00012908918333245228, 0.00019999896315295648, 0.0012319321133235782}, 
   {0, 0.00019999896315269145, 0.997107470449379, 0.00019999896315278103}, 
   {-0.0005155317609371643, 0.0012319321133234442, 0.00019999896315278998, 
    -0.00012908918333237596}}, {{-0.5241093740365319, -0.0005155317609371194, 
    0.0005155317609371362, 0}, {-0.0005155317609370608, 
    -0.0001290891833325555, 0.001231932113323514, 0.00019999896315278851}, 
   {0.0005155317609370751, 0.0012319321133235927, -0.00012908918333251473, 
    0.00019999896315281348}, {0, 0.00019999896315277792, 
    0.00019999896315276588, 0.9971074704493794}}}, 
 {{{0., 0.014776591036862942, 0.014776591036862928, 0.01477659103686296}, 
   {-0.014776591036862942, 0., -0.01669377778739121, 0.016693777787391013}, 
   {-0.014776591036862928, 0.01669377778739121, 0., -0.016693777787391006}, 
   {-0.01477659103686296, -0.016693777787391013, 0.016693777787391006, 0.}}, 
  {{0., 0.01477659103686293, 0.014776591036862925, 0.01477659103686297}, 
   {-0.01477659103686293, 0., -0.01669377778739109, 0.016693777787391083}, 
   {-0.014776591036862925, 0.01669377778739109, 0., -0.016693777787391104}, 
   {-0.01477659103686297, -0.016693777787391083, 0.016693777787391104, 0.}}}, 
 {0, 0}, {{-1.56331639819343, -1.5581976369057284}, 
  {-6.2984430694935405, -1.5684351594811332, -1.580786375265637}, 
  {-1.568767225967084, -1.5636484646793825}, {{2, 0.00010429056246930371}}, 
  {{2, 0.06487243051341696}}, {2.164351381055886*^-11, 0.982769840632997}}}
