{3, 28, {{{-0.52171836697532, 0, -0.0021908639670987365, 
    0.0021908639670987287}, {0, 0.9881695110953892, 0.0008086640206192272, 
    0.0008086640206191394}, {-0.0021908639670987023, 0.000808664020619134, 
    -0.0004857550765858844, 0.005140001686673418}, 
   {0.002190863967098734, 0.0008086640206191435, 0.005140001686673487, 
    -0.00048575507658579504}}, {{-0.52171836697532, 0.0021908639670987443, 0, 
    -0.002190863967098727}, {0.0021908639670987, -0.00048575507658590866, 
    0.0008086640206191217, 0.005140001686673454}, 
   {0, 0.0008086640206192313, 0.9881695110953892, 0.0008086640206191168}, 
   {-0.002190863967098735, 0.005140001686673458, 0.0008086640206191577, 
    -0.00048575507658579764}}, {{-0.5217183669753201, -0.002190863967098688, 
    0.002190863967098672, 0}, {-0.0021908639670986368, 
    -0.0004857550765859694, 0.005140001686673454, 0.0008086640206191682}, 
   {0.002190863967098634, 0.005140001686673544, -0.0004857550765859364, 
    0.0008086640206192042}, {0, 0.0008086640206191229, 0.0008086640206190807, 
    0.9881695110953896}}}, 
 {{{0., 0.03003187753825971, 0.030031877538259706, 0.030031877538259737}, 
   {-0.03003187753825971, 0., -0.033752981774255925, 0.0337529817742558}, 
   {-0.030031877538259706, 0.033752981774255925, 0., -0.03375298177425581}, 
   {-0.030031877538259737, -0.0337529817742558, 0.03375298177425581, 0.}}, 
  {{0., 0.0300318775382597, 0.030031877538259703, 0.03003187753825977}, 
   {-0.0300318775382597, 0., -0.033752981774255814, 0.033752981774256}, 
   {-0.030031877538259703, 0.033752981774255814, 0., -0.033752981774256}, 
   {-0.03003187753825977, -0.033752981774256, 0.033752981774256, 0.}}}, 
 {0, 0}, {{-1.5285375967786994, -1.507730901681518}, 
  {-6.297665862224188, -1.54934429187588, -1.5994886392362142}, 
  {-1.5506333201952813, -1.5298266250980999}, {{2, 0.00020776896203059114}}, 
  {{2, 0.0619525740815837}}, {1.4786754735290445*^-9, 0.9310836500192081}}}
