{3, 28, {{{-0.5173661599323528, 0, -0.0054347468147355, 
    0.005434746814735447}, {0, 0.9722337960077005, 0.0018551197864692007, 
    0.0018551197864691768}, {-0.005434746814735438, 0.0018551197864690658, 
    -0.0009589379857982503, 0.012435097701189585}, 
   {0.005434746814735441, 0.0018551197864691373, 0.012435097701189618, 
    -0.0009589379857982729}}, {{-0.5173661599323527, 0.005434746814735487, 0, 
    -0.005434746814735441}, {0.005434746814735418, -0.0009589379857982503, 
    0.0018551197864690495, 0.012435097701189586}, 
   {0, 0.0018551197864692184, 0.9722337960077004, 0.0018551197864691657}, 
   {-0.005434746814735424, 0.012435097701189599, 0.0018551197864691213, 
    -0.0009589379857983249}}, {{-0.5173661599323527, -0.005434746814735427, 
    0.005434746814735431, 0}, {-0.005434746814735381, -0.0009589379857982312, 
    0.01243509770118963, 0.0018551197864691592}, 
   {0.005434746814735386, 0.012435097701189626, -0.0009589379857982694, 
    0.0018551197864691657}, {0, 0.0018551197864691206, 0.001855119786469113, 
    0.9722337960077003}}}, 
 {{{0., 0.04642647771684401, 0.046426477716844, 0.04642647771684405}, 
   {-0.04642647771684401, 0., -0.05168625528634008, 0.05168625528633983}, 
   {-0.046426477716844, 0.05168625528634008, 0., -0.05168625528633984}, 
   {-0.04642647771684405, -0.05168625528633983, 0.05168625528633984, 0.}}, 
  {{0., 0.04642647771684401, 0.046426477716843995, 0.04642647771684412}, 
   {-0.04642647771684401, 0., -0.05168625528633987, 0.051686255286340146}, 
   {-0.046426477716843995, 0.05168625528633987, 0., -0.05168625528634014}, 
   {-0.04642647771684412, -0.051686255286340146, 0.05168625528634014, 0.}}}, 
 {0, 0}, {{-1.4672210393572296, -1.4189732284240058}, 
  {-6.293959801393935, -1.515468850290453, -1.6315110504065147}, 
  {-1.518201910886516, -1.469954099953292}, {{2, 0.0003107334080008628}}, 
  {{2, 0.0566463129248727}}, {1.906559704081818*^-8, 0.844547890672154}}}
