{34, 40, {{{-0.4837650904587601, 0, -0.02338864182635852, 
    0.023388641826358397}, {0, 0.903218785272969, -0.004303140374542772, 
    -0.004303140374542826}, {-0.02338864182635844, -0.004303140374542943, 
    0.009452327127707771, 0.052865047836872375}, 
   {0.023388641826358393, -0.0043031403745429405, 0.05286504783687232, 
    0.009452327127707903}}, {{-0.4837650904587601, 0.02338864182635851, 0, 
    -0.02338864182635839}, {0.023388641826358435, 0.009452327127707758, 
    -0.0043031403745429405, 0.05286504783687235}, 
   {0, -0.004303140374542784, 0.9032187852729688, -0.0043031403745428}, 
   {-0.02338864182635838, 0.052865047836872334, -0.004303140374542965, 
    0.00945232712770791}}, {{-0.48376509045876015, -0.02338864182635836, 
    0.023388641826358345, 0}, {-0.02338864182635839, 0.009452327127707761, 
    0.05286504783687236, -0.004303140374542844}, 
   {0.023388641826358386, 0.0528650478368723, 0.0094523271277078, 
    -0.004303140374542867}, {0, -0.004303140374543071, -0.004303140374543064, 
    0.9032187852729687}}}, 
 {{{0., 0.21851388710674474, 0.2185138871067448, 0.21851388710674544}, 
   {-0.21851388710674474, 0., -0.17578415992997706, 0.17578415992997634}, 
   {-0.2185138871067448, 0.17578415992997706, 0., -0.17578415992997637}, 
   {-0.21851388710674544, -0.17578415992997634, 0.17578415992997637, 0.}}, 
  {{0., 0.2185138871067447, 0.21851388710674474, 0.2185138871067457}, 
   {-0.2185138871067447, 0., -0.17578415992997656, 0.17578415992997712}, 
   {-0.21851388710674474, 0.17578415992997656, 0., -0.1757841599299771}, 
   {-0.2185138871067457, -0.17578415992997712, 0.1757841599299771, 0.}}}, 
 {0, 0}, {{-1.2042871866057394, -0.9544922645510934}, 
  {-6.237344676426883, -1.4540821086603857, -1.6645902295530557}, 
  {-1.4296587893673587, -1.1798638673127126}, {{2, 0.0002335629611615042}, 
   {3, 0.0002120546464685069}, {4, 0.0001911885850309214}, 
   {5, 0.00017247858523572468}, {6, 0.00015561041884715188}, 
   {7, 0.0001404042017983942}, {8, 0.0001266937447748362}, 
   {9, 0.00011433011062539356}, {10, 0.00010317951665458902}, 
   {11, 0.00009312174268089057}, {12, 0.00008404870541761644}, 
   {13, 0.0000758631923936659}, {14, 0.00006847773532756007}, 
   {15, 0.00006181360631021815}, {16, 0.00005579992233117892}, 
   {17, 0.00005037284557340982}, {18, 0.00004547486851358418}, 
   {19, 0.00004105417424421498}, {20, 0.000037064063621139454}, 
   {21, 0.00003346244186080982}, {22, 0.00003021135809522235}, 
   {23, 0.00002727659215842615}, {24, 0.000024627283544659262}, 
   {25, 0.000022235598058639727}, {26, 0.00002007642818424582}, 
   {27, 0.000018127123645295118}, {28, 0.00001636724901860065}, 
   {29, 0.000014778365606565869}, {30, 0.000013343835076173871}, 
   {31, 0.000012048642641260265}, {32, 0.000010879237799299446}, 
   {33, 9.823390846264157*^-6}}, {{2, 0.0953421982152303}, 
   {3, 0.09559472397899889}, {4, 0.09581981668992923}, 
   {5, 0.0960224915674919}, {6, 0.09620494883701983}, 
   {7, 0.09636925850761383}, {8, 0.09651726477220358}, 
   {9, 0.09665061736502963}, {10, 0.09677079314783721}, 
   {11, 0.09687911532327967}, {12, 0.09697677030453718}, 
   {13, 0.09706482257451035}, {14, 0.09714422780123147}, 
   {15, 0.09721584443686085}, {16, 0.097280443994164}, 
   {17, 0.09733872016645613}, {18, 0.09739129693360107}, 
   {19, 0.0974387357769643}, {20, 0.09748154210958244}, 
   {21, 0.09752017101371499}, {22, 0.09755503236594446}, 
   {23, 0.09758649541974815}, {24, 0.09761489290668741}, 
   {25, 0.09764052470982254}, {26, 0.09766366115645153}, 
   {27, 0.09768454597165291}, {28, 0.0977033989292297}, 
   {29, 0.09772041823240925}, {30, 0.09773578265295602}, 
   {31, 0.09774965345411213}, {32, 0.09776217611995076}, 
   {33, 0.09777348191123111}}, {0.000029503832037816956, 0.5429474142565089}}}
