{37, 40, {{{-0.518239274832581, 0, -0.004246659000890092, 
    0.004246659000890057}, {0, 0.9794222703972622, 0.0006230776702432, 
    0.0006230776702431631}, {-0.004246659000890055, 0.0006230776702431831, 
    0.00009385435908618091, 0.00978380539558013}, 
   {0.004246659000890057, 0.0006230776702430842, 0.009783805395580117, 
    0.00009385435908629801}}, {{-0.518239274832581, 0.004246659000890085, 0, 
    -0.004246659000890055}, {0.004246659000890051, 0.00009385435908618785, 
    0.0006230776702431803, 0.009783805395580152}, 
   {0, 0.0006230776702431944, 0.9794222703972622, 0.000623077670243154}, 
   {-0.004246659000890058, 0.009783805395580087, 0.0006230776702431163, 
    0.00009385435908626505}}, {{-0.518239274832581, -0.00424665900089003, 
    0.004246659000890029, 0}, {-0.00424665900089, 0.00009385435908614709, 
    0.00978380539558012, 0.0006230776702431443}, 
   {0.0042466590008899945, 0.009783805395580197, 0.00009385435908615403, 
    0.0006230776702431586}, {0, 0.00062307767024313, 0.0006230776702430964, 
    0.9794222703972622}}}, 
 {{{0., 0.0871597718844051, 0.08715977188440507, 0.08715977188440543}, 
   {-0.0871597718844051, 0., -0.08622879911831627, 0.08622879911831581}, 
   {-0.08715977188440507, 0.08622879911831627, 0., -0.08622879911831585}, 
   {-0.08715977188440543, -0.08622879911831581, 0.08622879911831585, 0.}}, 
  {{0., 0.0871597718844051, 0.08715977188440506, 0.08715977188440552}, 
   {-0.0871597718844051, 0., -0.08622879911831595, 0.08622879911831632}, 
   {-0.08715977188440506, 0.08622879911831595, 0., -0.08622879911831634}, 
   {-0.08715977188440552, -0.08622879911831632, 0.08622879911831634, 0.}}}, 
 {0, 0}, {{-1.488148980755133, -1.430782222508771}, 
  {-6.295814571910277, -1.5455157390014964, -1.6023915469536423}, 
  {-1.5452093654965435, -1.4878426072501816}, {{2, 0.01390019282403188}, 
   {3, 0.011090338734143283}, {4, 0.008859703959030234}, 
   {5, 0.00708786025457149}, {6, 0.00567833851282782}, 
   {7, 0.004554981655628829}, {8, 0.0036580079900948026}, 
   {9, 0.002940533105802695}, {10, 0.0023657313656104545}, 
   {11, 0.0019046006249550523}, {12, 0.0015342296993289262}, 
   {13, 0.001236463131360041}, {14, 0.00099687238427007}, 
   {15, 0.0008039610069955627}, {16, 0.0006485480228898555}, 
   {17, 0.0005232873316971531}, {18, 0.0004222913455986521}, 
   {19, 0.0003408349283837292}, {20, 0.0002751215519724848}, 
   {21, 0.00022209792728784816}, {22, 0.00017930660010583022}, 
   {23, 0.00014476842223720698}, {24, 0.00011688863091800783}, 
   {25, 0.0000943816520043439}, {26, 0.00007621079945395459}, 
   {27, 0.00006153985727168354}, {28, 0.00004969416082538369}, 
   {29, 0.0000401292863620728}, {30, 0.00003240584334020247}, 
   {31, 0.000026169168196157888}, {32, 0.000021132958715544548}, 
   {33, 0.00001706607919989278}, {34, 0.000013781918757074796}, 
   {35, 0.000011129806515977614}, {36, 8.988084756939019*^-6}}, 
  {{2, 0.8531204291763684}, {3, 0.5000497812212166}, 
   {4, 0.32881287225180245}, {5, 0.22975372742567396}, 
   {6, 0.16648434210595828}, {7, 0.12346022961518018}, 
   {8, 0.09293070861292965}, {9, 0.07060124833668925}, 
   {10, 0.053902288899119806}, {11, 0.04120391004577676}, 
   {12, 0.03142388735318602}, {13, 0.023816987186803043}, 
   {14, 0.017854711655499136}, {15, 0.01315318909693156}, 
   {16, 0.009428093585299828}, {17, 0.006465436111814713}, 
   {18, 0.004102042940095153}, {19, 0.0022121495510215323}, 
   {20, 0.0006979726632820285}, {21, 0.0005170598487194249}, 
   {22, 0.0014932598324515298}, {23, 0.0022783571453322497}, 
   {24, 0.0029102700574788823}, {25, 0.0034192164233216725}, 
   {26, 0.0038293385832137133}, {27, 0.004159964553762376}, 
   {28, 0.0044265938437782456}, {29, 0.004641672565392427}, 
   {30, 0.0048152058545847904}, {31, 0.004955243701021572}, 
   {32, 0.0050682676328220235}, {33, 0.0051594993260907305}, 
   {34, 0.005233147450851393}, {35, 0.005292605472460072}, 
   {36, 0.005340610386887074}}, {4.1106833804323134*^-7, 0.8827136643217391}}}
