{18, 32, {{{-0.524499545691791, 0, -0.00023559850763430967, 
    0.00023559850763431442}, {0, 0.9987060595538526, 0.00006989498152763593, 
    0.00006989498152752268}, {-0.0002355985076342773, 0.0000698949815275359, 
    -0.000036220486560124224, 0.0005678437773636199}, 
   {0.0002355985076343027, 0.00006989498152754969, 0.0005678437773636048, 
    -0.00003622048656021833}}, {{-0.5244995456917909, 0.00023559850763430715, 
    0, -0.00023559850763431688}, {0.00023559850763429506, 
    -0.00003622048656024652, 0.00006989498152753406, 0.0005678437773635947}, 
   {0, 0.00006989498152762807, 0.9987060595538528, 0.00006989498152757222}, 
   {-0.00023559850763431184, 0.0005678437773636632, 0.00006989498152749623, 
    -0.00003622048656015675}}, {{-0.524499545691791, -0.00023559850763427238, 
    0.00023559850763428381, 0}, {-0.0002355985076342416, 
    -0.00003622048656038053, 0.0005678437773636699, 0.00006989498152754451}, 
   {0.00023559850763423066, 0.0005678437773636981, -0.00003622048656048982, 
    0.00006989498152750378}, {0, 0.00006989498152751502, 
    0.00006989498152757928, 0.9987060595538536}}}, 
 {{{0., 0.02056394568463268, 0.02056394568463267, 0.020563945684632778}, 
   {-0.02056394568463268, 0., -0.022048761818712147, 0.022048761818711855}, 
   {-0.02056394568463267, 0.022048761818712147, 0., -0.022048761818711946}, 
   {-0.020563945684632778, -0.022048761818711855, 0.022048761818711946, 0.}}, 
  {{0., 0.02056394568463268, 0.020563945684632684, 0.02056394568463281}, 
   {-0.02056394568463268, 0., -0.02204876181871203, 0.022048761818712053}, 
   {-0.020563945684632684, 0.02204876181871203, 0., -0.02204876181871211}, 
   {-0.02056394568463281, -0.022048761818712053, 0.02204876181871211, 0.}}}, 
 {0, 0}, {{-1.569169471260278, -1.565607691387291}, 
  {-6.298460345788043, -1.5727312511332656, -1.576498921760756}, 
  {-1.5728598399824711, -1.5692980601094841}, {{2, 0.0035395159439062423}, 
   {3, 0.002774580712910377}, {4, 0.0021750582989656774}, 
   {5, 0.0017051746206604487}, {6, 0.0013368765684198779}, 
   {7, 0.001048180920635796}, {8, 0.0008218656656242898}, 
   {9, 0.000644439379077686}, {10, 0.0005053323678186061}, 
   {11, 0.000396262944828734}, {12, 0.00031074128471004353}, 
   {13, 0.0002436810750394286}, {14, 0.00019109552635757782}, 
   {15, 0.00014985937287556594}, {16, 0.00011752249608660073}, 
   {17, 0.00009216394034729236}}, {{2, 0.8676251575301883}, 
   {3, 0.5172665151578327}, {4, 0.3472175235279371}, 
   {5, 0.24910120009110193}, {6, 0.18677533120156098}, 
   {7, 0.14473491652654868}, {8, 0.11521689472351085}, 
   {9, 0.09390256236449246}, {10, 0.07819861738353934}, 
   {11, 0.0664556081524239}, {12, 0.057576830107298194}, 
   {13, 0.05080736263260678}, {14, 0.045613155262775186}, 
   {15, 0.04160814897457193}, {16, 0.0385084439939847}, 
   {17, 0.036102413341543155}}, {1.148960864577311*^-10, 0.9922614282648964}}}
