{12, 32, {{{-0.5232095874989784, 0, -0.0009969872990331836, 
    0.000996987299033181}, {0, 0.9948294556024104, 0.00015804470915206236, 
    0.00015804470915189647}, {-0.000996987299033155, 0.00015804470915189723, 
    -1.7190465324014824*^-6, 0.0024009666065485822}, 
   {0.0009969872990331714, 0.00015804470915190764, 0.0024009666065486447, 
    -1.7190465322475257*^-6}}, {{-0.5232095874989784, 0.0009969872990331842, 
    0, -0.0009969872990331764}, {0.0009969872990331608, 
    -1.7190465324361769*^-6, 0.00015804470915188834, 0.002400966606548563}, 
   {0, 0.00015804470915206333, 0.9948294556024104, 0.00015804470915189672}, 
   {-0.00099698729903317, 0.002400966606548661, 0.00015804470915189355, 
    -1.719046532233648*^-6}}, {{-0.5232095874989784, -0.0009969872990331268, 
    0.0009969872990331279, 0}, {-0.0009969872990330986, 
    -1.7190465324348758*^-6, 0.00240096660654866, 0.00015804470915192287}, 
   {0.0009969872990330882, 0.002400966606548632, -1.719046532483448*^-6, 
    0.00015804470915191574}, {0, 0.00015804470915186346, 
    0.0001580447091518886, 0.9948294556024107}}}, 
 {{{0., 0.04353083848307845, 0.04353083848307847, 0.043530838483078614}, 
   {-0.04353083848307845, 0., -0.04320023823768269, 0.04320023823768265}, 
   {-0.04353083848307847, 0.04320023823768269, 0., -0.04320023823768271}, 
   {-0.043530838483078614, -0.04320023823768265, 0.04320023823768271, 0.}}, 
  {{0., 0.043530838483078454, 0.04353083848307847, 0.04353083848307866}, 
   {-0.043530838483078454, 0., -0.04320023823768254, 0.043200238237682966}, 
   {-0.04353083848307847, 0.04320023823768254, 0., -0.04320023823768297}, 
   {-0.04353083848307866, -0.043200238237682966, 0.04320023823768297, 0.}}}, 
 {0, 0}, {{-1.5521182042000763, -1.537038679410323}, 
  {-6.298775295775333, -1.567197728989831, -1.5821899188978357}, 
  {-1.5671404673476275, -1.5520609425578744}, {{2, 0.007864466292154898}, 
   {3, 0.006186272002845071}, {4, 0.0048674784059369244}, 
   {5, 0.0038310332892617857}, {6, 0.003016226800479721}, 
   {7, 0.00237540030782752}, {8, 0.0018711934252105544}, 
   {9, 0.0014743247407640464}, {10, 0.0011618357004038113}, 
   {11, 0.0009157134532726124}}, {{2, 0.7048568698736637}, 
   {3, 0.39520906026359276}, {4, 0.24498028083286988}, 
   {5, 0.1582731350785706}, {6, 0.10314352289964698}, 
   {7, 0.06590148902333816}, {8, 0.039699744714203566}, 
   {9, 0.020732810560198645}, {10, 0.006717543971827009}, 
   {11, 0.0037973107906510515}}, {6.500052300043686*^-9, 0.9693749976124253}}}
