{13, 25, {{{-0.522543411032188, 0, -0.0011600691326602752, 
    0.0011600691326601649}, {0, 0.9944352707783954, -0.00020617638991856843, 
    -0.00020617638991880886}, {-0.0011600691326602744, 
    -0.0002061763899187895, 0.0004237308896855802, 0.0029395154147832375}, 
   {0.0011600691326601805, -0.00020617638991879828, 0.0029395154147833138, 
    0.000423730889685529}}, {{-0.522543411032188, 0.0011600691326602796, 0, 
    -0.0011600691326601638}, {0.0011600691326602748, 0.0004237308896854605, 
    -0.0002061763899187778, 0.002939515414783239}, 
   {0, -0.0002061763899185608, 0.9944352707783957, -0.00020617638991879975}, 
   {-0.0011600691326601787, 0.002939515414783355, -0.00020617638991878468, 
    0.0004237308896855585}}, {{-0.5225434110321882, -0.0011600691326604125, 
    0.0011600691326604032, 0}, {-0.001160069132660399, 0.0004237308896847371, 
    0.0029395154147839877, -0.000206176389918517}, 
   {0.0011600691326603988, 0.0029395154147838914, 0.0004237308896846703, 
    -0.0002061763899184914}, {0, -0.00020617638991853369, 
    -0.00020617638991851168, 0.9944352707783957}}}, 
 {{{0., 0.05161942719406676, 0.051619427194066765, 0.0516194271940667}, 
   {-0.05161942719406676, 0., -0.04206699647054307, 0.042066996470542746}, 
   {-0.051619427194066765, 0.04206699647054307, 0., -0.04206699647054285}, 
   {-0.0516194271940667, -0.042066996470542746, 0.04206699647054285, 0.}}, 
  {{0., 0.051619427194066765, 0.05161942719406676, 0.0516194271940667}, 
   {-0.051619427194066765, 0., -0.042066996470543044, 0.04206699647054272}, 
   {-0.05161942719406676, 0.042066996470543044, 0., -0.04206699647054282}, 
   {-0.0516194271940667, -0.04206699647054272, 0.04206699647054282, 0.}}}, 
 {0, 0}, {{-1.549018997009767, -1.5311375028982213}, 
  {-1.5745878147184085, -0.7834502455606559, -0.003843661798548337}, 
  {-1.5652459615864196, -1.5473644674748739}, {{2, 0.012765617664380217}, 
   {3, 0.006079730752045535}, {4, 0.0029137344239254723}, 
   {5, 0.0014011546033441957}, {6, 0.0006749430205404208}, 
   {7, 0.0003253986467609202}, {8, 0.00015694360040970773}, 
   {9, 0.00007571089818935589}, {10, 0.00003652710261257963}, 
   {11, 0.000017623507932898463}, {12, 8.5031393397203*^-6}}, 
  {{2, 0.093175863091289}, {3, 0.0928490945179429}, {4, 0.09268445763940898}, 
   {5, 0.09260344685506852}, {6, 0.09256399870605675}, 
   {7, 0.09254488174456783}, {8, 0.09253563852175928}, 
   {9, 0.09253117419107089}, {10, 0.09252901911365909}, 
   {11, 0.09252797904882715}, {12, 0.09252747716242862}}, 
  {5.5417768017467044*^-9, 0.9670726858200082}}}
