{15, 40, {{{-0.520204629900626, 0, -0.0028833501486910033, 
    0.002883350148690982}, {0, 0.985770045987554, 0.0003739021414233114, 
    0.00037390214142327865}, {-0.0028833501486909643, 0.00037390214142326954, 
    0.00010280395916818959, 0.0067586348193115885}, 
   {0.002883350148690976, 0.0003739021414232314, 0.006758634819311547, 
    0.0001028039591681974}}, {{-0.5202046299006259, 0.0028833501486910133, 0, 
    -0.002883350148690984}, {0.002883350148690963, 0.00010280395916815316, 
    0.0003739021414232741, 0.0067586348193115755}, 
   {0, 0.00037390214142332006, 0.9857700459875538, 0.00037390214142328905}, 
   {-0.002883350148690974, 0.006758634819311543, 0.0003739021414232176, 
    0.00010280395916822949}}, {{-0.5202046299006258, -0.0028833501486909534, 
    0.002883350148690949, 0}, {-0.0028833501486909057, 
    0.00010280395916815316, 0.006758634819311608, 0.00037390214142325935}, 
   {0.002883350148690912, 0.0067586348193115695, 0.00010280395916814622, 
    0.00037390214142325046}, {0, 0.000373902141423237, 
    0.00037390214142325094, 0.9857700459875538}}}, 
 {{{0., 0.07303964078256805, 0.07303964078256805, 0.07303964078256833}, 
   {-0.07303964078256805, 0., -0.0714264123736148, 0.07142641237361444}, 
   {-0.07303964078256805, 0.0714264123736148, 0., -0.07142641237361444}, 
   {-0.07303964078256833, -0.07142641237361444, 0.07142641237361444, 0.}}, 
  {{0., 0.07303964078256804, 0.07303964078256803, 0.07303964078256844}, 
   {-0.07303964078256804, 0., -0.07142641237361447, 0.07142641237361488}, 
   {-0.07303964078256803, 0.07142641237361447, 0., -0.07142641237361486}, 
   {-0.07303964078256844, -0.07142641237361488, 0.07142641237361486, 0.}}}, 
 {0, 0}, {{-1.5139281151805377, -1.4734454371639023}, 
  {-6.29718630150599, -1.554410793197175, -1.59418235755582}, 
  {-1.5539637222262106, -1.5134810442095752}, {{2, 0.00014575200816643874}, 
   {3, 0.00011647175953506672}, {4, 0.0000930746158894491}, 
   {5, 0.0000743793771380008}, {6, 0.000059440468718488515}, 
   {7, 0.000047502737339305545}, {8, 0.00003796299123715041}, 
   {9, 0.000030339366820120173}, {10, 0.000024246889836140872}, 
   {11, 0.000019377971581260867}, {12, 0.000015486839150286036}, 
   {13, 0.000012377103356081554}, {14, 9.89183017746642*^-6}}, 
  {{2, 0.007546490767176915}, {3, 0.008304518912430111}, 
   {4, 0.008908466997759757}, {5, 0.009389964347493101}, 
   {6, 0.009774028404421828}, {7, 0.010080496551673528}, 
   {8, 0.010325123454470973}, {9, 0.010520437111984086}, 
   {10, 0.010676409765066211}, {11, 0.010800985697447425}, 
   {12, 0.01090049773468189}, {13, 0.010979996731940736}, 
   {14, 0.0110435127532728}}, {1.3278622389054807*^-7, 0.9176006324228143}}}
