{10, 32, {{{-0.5246448337537687, 0, -0.00013469887422261752, 
    0.0001346988742226094}, {0, 0.9992792923109646, 0.00002585474290304007, 
    0.000025854742902782206}, {-0.00013469887422257418, 
    0.00002585474290286787, -5.509102260854628*^-6, 0.000328406818403925}, 
   {0.00013469887422259483, 0.00002585474290282102, 0.00032840681840396, 
    -5.509102260839449*^-6}}, {{-0.5246448337537687, 0.0001346988742226031, 
    0, -0.0001346988742226047}, {0.00013469887422257773, 
    -5.509102260861133*^-6, 0.000025854742902871104, 0.0003284068184038766}, 
   {0, 0.00002585474290303564, 0.9992792923109647, 0.000025854742902806187}, 
   {-0.00013469887422259527, 0.00032840681840398564, 0.000025854742902776792, 
    -5.509102260853327*^-6}}, {{-0.5246448337537689, -0.00013469887422257616, 
    0.00013469887422258006, 0}, {-0.00013469887422252997, 
    -5.509102261155169*^-6, 0.00032840681840406484, 0.000025854742902820858}, 
   {0.00013469887422251699, 0.0003284068184040835, -5.509102261214149*^-6, 
    0.000025854742902791625}, {0, 0.000025854742902786285, 
    0.000025854742902807393, 0.9992792923109656}}}, 
 {{{0., 0.008019419676268152, 0.008019419676268156, 0.008019419676268168}, 
   {-0.008019419676268152, 0., -0.008100433438967833, 0.008100433438967821}, 
   {-0.008019419676268156, 0.008100433438967833, 0., -0.008100433438967831}, 
   {-0.008019419676268168, -0.008100433438967821, 0.008100433438967831, 0.}}, 
  {{0., 0.008019419676268161, 0.008019419676268156, 0.00801941967626818}, 
   {-0.008019419676268161, 0., -0.008100433438967799, 0.008100433438967828}, 
   {-0.008019419676268156, 0.008100433438967799, 0., -0.008100433438967911}, 
   {-0.00801941967626818, -0.008100433438967828, 0.008100433438967911, 0.}}}, 
 {0, 0}, {{-1.5715763035227392, -1.570159519205434}, 
  {-6.298444256711134, -1.5729930878400422, -1.5762290405155248}, 
  {-1.5730002441576523, -1.571583459840347}, {{2, 0.0038240119109529073}, 
   {3, 0.0014986772149347266}, {4, 0.0005875075126896279}, 
   {5, 0.00023033994625887289}, {6, 0.00009031204020382849}, 
   {7, 0.00003541035006721094}, {8, 0.000013884108854854416}, 
   {9, 5.443861482296031*^-6}}, {{2, 0.09638838642641175}, 
   {3, 0.0372182562047173}, {4, 0.0171198254619014}, 
   {5, 0.009646644810731818}, {6, 0.006775511226872516}, 
   {7, 0.00565863450912147}, {8, 0.005222066958070909}, 
   {9, 0.005051098830718305}}, {2.825202271065144*^-13, 0.9956835376764374}}}
