{13, 32, {{{-0.5128740658437322, 0, -0.008125369423178383, 
    0.00812536942317835}, {0, 0.9621801088723649, 0.0012908002748600973, 
    0.0012908002748600674}, {-0.00812536942317832, 0.0012908002748600006, 
    0.00018856701979283854, 0.0182120135570564}, 
   {0.008125369423178323, 0.0012908002748600578, 0.01821201355705633, 
    0.00018856701979281382}}, {{-0.5128740658437322, 0.008125369423178378, 0, 
    -0.008125369423178354}, {0.008125369423178302, 0.00018856701979285198, 
    0.0012908002748599832, 0.01821201355705636}, {0, 0.001290800274860115, 
    0.9621801088723647, 0.0012908002748601227}, {-0.008125369423178316, 
    0.018212013557056365, 0.0012908002748600186, 0.00018856701979275137}}, 
  {{-0.5128740658437321, -0.008125369423178304, 0.008125369423178293, 0}, 
   {-0.008125369423178283, 0.0001885670197927774, 0.018212013557056435, 
    0.0012908002748601198}, {0.008125369423178295, 0.018212013557056365, 
    0.00018856701979280688, 0.0012908002748600834}, 
   {0, 0.0012908002748600435, 0.0012908002748600444, 0.9621801088723647}}}, 
 {{{0., 0.05877456763876657, 0.05877456763876657, 0.05877456763876664}, 
   {-0.05877456763876657, 0., -0.058716551406249595, 0.0587165514062493}, 
   {-0.05877456763876657, 0.058716551406249595, 0., -0.0587165514062493}, 
   {-0.05877456763876664, -0.0587165514062493, 0.0587165514062493, 0.}}, 
  {{0., 0.058774567638766546, 0.05877456763876654, 0.05877456763876671}, 
   {-0.058774567638766546, 0., -0.05871655140624939, 0.058716551406249644}, 
   {-0.05877456763876654, 0.05871655140624939, 0., -0.058716551406249644}, 
   {-0.05877456763876671, -0.058716551406249644, 0.058716551406249644, 0.}}}, 
 {0, 0}, {{-1.419534646797109, -1.348274270656843}, 
  {-6.289512517247049, -1.4907950229373756, -1.6539612356861488}, 
  {-1.490759852465541, -1.4194994763252748}, {{2, 0.02870515171119145}, 
   {3, 0.012032434438052575}, {4, 0.00514977175060434}, 
   {5, 0.0022256673393345194}, {6, 0.0009661272422463174}, 
   {7, 0.0004201908092526935}, {8, 0.0001829050391858461}, 
   {9, 0.00007964617965233733}, {10, 0.00003468758401385663}, 
   {11, 0.000015108229800941952}, {12, 6.580613239395849*^-6}}, 
  {{2, 0.09437436772373997}, {3, 0.03510408121009863}, 
   {4, 0.014098515732446582}, {5, 0.005693104353620703}, 
   {6, 0.0021617391106491285}, {7, 0.0006473347185907959}, 
   {8, 7.860809228821664*^-6}, {9, 0.0002924106013037271}, 
   {10, 0.000416195045632016}, {11, 0.0004700824580626445}, 
   {12, 0.0004935487817936007}}, {4.097917790792991*^-8, 0.7934841334379571}}}
