{5, 28, {{{-0.5108443595857496, 0, -0.006040347708363642, 
    0.006040347708363618}, {0, 0.9752546499104588, -0.003532811253151044, 
    -0.0035328112531509757}, {-0.006040347708363625, -0.0035328112531510373, 
    0.00491725698450363, 0.015519447366554244}, {0.006040347708363623, 
    -0.003532811253151103, 0.015519447366554293, 0.004917256984503736}}, 
  {{-0.5108443595857497, 0.006040347708363637, 0, -0.006040347708363616}, 
   {0.006040347708363612, 0.0049172569845036575, -0.003532811253151024, 
    0.015519447366554296}, {0, -0.0035328112531510377, 0.975254649910459, 
    -0.003532811253151032}, {-0.006040347708363614, 0.015519447366554232, 
    -0.0035328112531510603, 0.004917256984503682}}, 
  {{-0.5108443595857499, -0.006040347708363586, 0.006040347708363595, 0}, 
   {-0.006040347708363605, 0.004917256984503584, 0.015519447366554294, 
    -0.003532811253151062}, {0.0060403477083636175, 0.015519447366554308, 
    0.004917256984503626, -0.0035328112531509996}, 
   {0, -0.0035328112531510833, -0.003532811253151147, 0.9752546499104591}}}, 
 {{{0., 0.06339713771930948, 0.0633971377193095, 0.06339713771930955}, 
   {-0.06339713771930948, 0., -0.03938476463733892, 0.0393847646373388}, 
   {-0.0633971377193095, 0.03938476463733892, 0., -0.03938476463733882}, 
   {-0.06339713771930955, -0.0393847646373388, 0.03938476463733882, 0.}}, 
  {{0., 0.06339713771930948, 0.06339713771930951, 0.06339713771930966}, 
   {-0.06339713771930948, 0., -0.03938476463733882, 0.039384764637339045}, 
   {-0.06339713771930951, 0.03938476463733882, 0., -0.03938476463733903}, 
   {-0.06339713771930966, -0.039384764637339045, 0.03938476463733903, 0.}}}, 
 {0, 0}, {{-1.4407833642620296, -1.3748991261114585}, 
  {-6.293520091277228, -1.5066676024126022, -1.6400924432260116}, 
  {-1.4941904073561192, -1.428306169205548}, {{2, 0.002390456447708328}, 
   {3, 0.0010207389211518147}, {4, 0.0004345936936652195}}, 
  {{2, 0.1922163965664976}, {3, 0.19023522944255106}, 
   {4, 0.18938057730843672}}, {3.7322396887270025*^-9, 0.8604154059840713}}}
