{3, 28, {{{-0.5233658198615672, 0, -0.0005457663738085418, 
    0.00054576637380852}, {0, 0.9974487348293195, -0.00039541015404524565, 
    -0.00039541015404522266}, {-0.0005457663738085322, 
    -0.0003954101540449282, 0.0005319898521321861, 0.0016281655229438774}, 
   {0.0005457663738085623, -0.00039541015404510145, 0.0016281655229437274, 
    0.0005319898521324341}}, {{-0.5233658198615672, 0.0005457663738085424, 0, 
    -0.0005457663738085209}, {0.0005457663738085042, 0.0005319898521322728, 
    -0.00039541015404492933, 0.0016281655229437855}, 
   {0, -0.00039541015404523155, 0.9974487348293193, -0.0003954101540451485}, 
   {-0.0005457663738085508, 0.001628165522943847, -0.0003954101540451882, 
    0.0005319898521323474}}, {{-0.5233658198615674, -0.0005457663738085167, 
    0.0005457663738085059, 0}, {-0.0005457663738084728, 
    0.0005319898521321054, 0.0016281655229441086, -0.0003954101540450997}, 
   {0.000545766373808495, 0.001628165522943716, 0.0005319898521321809, 
    -0.0003954101540451954}, {0, -0.0003954101540452397, 
    -0.00039541015404515793, 0.99744873482932}}}, 
 {{{0., 0.020741281084638897, 0.0207412810846389, 0.020741281084638918}, 
   {-0.020741281084638897, 0., -0.012449332468268636, 0.01244933246826863}, 
   {-0.0207412810846389, 0.012449332468268636, 0., -0.012449332468268598}, 
   {-0.020741281084638918, -0.01244933246826863, 0.012449332468268598, 0.}}, 
  {{0., 0.020741281084638918, 0.020741281084638907, 0.02074128108463895}, 
   {-0.020741281084638918, 0., -0.01244933246826855, 0.012449332468268695}, 
   {-0.020741281084638907, 0.01244933246826855, 0., -0.012449332468268688}, 
   {-0.02074128108463895, -0.012449332468268695, 0.012449332468268688, 0.}}}, 
 {0, 0}, {{-1.5601973363140524, -1.5530123457835203}, 
  {-6.298262063232624, -1.5673823268445854, -1.5817487047717265}, 
  {-1.5659461192148545, -1.5587611286843224}, {{2, 0.0007828221222986667}}, 
  {{2, 0.19988998226612278}}, {3.722857314833669*^-12, 0.9847897117989821}}}
