{6, 32, {{{-0.5248215078946139, 0, -0.00020239505355305865, 
    0.00020239505355293177}, {0, 0.9944842520525453, 0.0013476768340542702, 
    0.0013476768340541945}, {-0.00020239505355299582, 0.001347676834054178, 
    -0.0013371499637484792, 0.0014455144854407743}, 
   {0.00020239505355293047, 0.0013476768340541523, 0.0014455144854407104, 
    -0.0013371499637483183}}, {{-0.5248215078946138, 0.00020239505355306578, 
    0, -0.00020239505355293378}, {0.00020239505355298699, 
    -0.0013371499637484588, 0.0013476768340541844, 0.001445514485440756}, 
   {0, 0.0013476768340542585, 0.9944842520525452, 0.0013476768340542173}, 
   {-0.0002023950535529272, 0.0014455144854407347, 0.0013476768340541265, 
    -0.0013371499637483686}}, {{-0.5248215078946139, -0.00020239505355289626, 
    0.00020239505355290225, 0}, {-0.00020239505355270135, 
    -0.00133714996374853, 0.0014455144854408207, 0.001347676834054165}, 
   {0.00020239505355270062, 0.0014455144854408188, -0.0013371499637485074, 
    0.0013476768340541477}, {0, 0.001347676834054176, 0.0013476768340541987, 
    0.9944842520525454}}}, 
 {{{0., 0.0074814306427742495, 0.007481430642774233, 0.00748143064277435}, 
   {-0.0074814306427742495, 0., -0.05233221483931229, 0.05233221483931216}, 
   {-0.007481430642774233, 0.05233221483931229, 0., -0.05233221483931216}, 
   {-0.00748143064277435, -0.05233221483931216, 0.05233221483931216, 0.}}, 
  {{0., 0.007481430642774261, 0.007481430642774244, 0.007481430642774354}, 
   {-0.007481430642774261, 0., -0.052332214839312094, 0.052332214839312455}, 
   {-0.007481430642774244, 0.052332214839312094, 0., -0.052332214839312476}, 
   {-0.007481430642774354, -0.052332214839312455, 0.052332214839312476, 
    0.}}}, {0, 0}, {{-1.5633564460350633, -1.5607648024377452}, 
  {-6.298499180754157, -1.5659480896323799, -1.5833015007446987}, 
  {-1.573716473331152, -1.5711248297338338}, {{2, 0.0017971153043886685}, 
   {3, 0.0014172325354169582}, {4, 0.0011176687213926128}, 
   {5, 0.000881440471642736}}, {{2, 5.935978412720556}, 
   {3, 4.272407446257269}, {4, 3.46440169024995}, {5, 2.997473767925376}}, 
  {2.0540674180709384*^-8, 0.9673585221353417}}}
