{12, 32, {{{-0.5200330209792907, 0, -0.0030615610941313667, 
    0.003061561094131352}, {0, 0.9847584406376793, 0.0005110228500078229, 
    0.0005110228500078001}, {-0.0030615610941313346, 0.0005110228500078214, 
    -0.00001042158680221797, 0.007149148997064401}, 
   {0.003061561094131352, 0.0005110228500077921, 0.007149148997064376, 
    -0.000010421586802274348}}, {{-0.5200330209792907, 0.003061561094131374, 
    0, -0.0030615610941313585}, {0.0030615610941313437, 
    -0.00001042158680225223, 0.0005110228500078147, 0.007149148997064406}, 
   {0, 0.0005110228500078155, 0.9847584406376797, 0.0005110228500078216}, 
   {-0.0030615610941313624, 0.007149148997064404, 0.0005110228500077771, 
    -0.000010421586802256133}}, {{-0.5200330209792908, -0.003061561094131336, 
    0.0030615610941313407, 0}, {-0.0030615610941312774, 
    -0.000010421586802307307, 0.007149148997064448, 0.0005110228500078225}, 
   {0.003061561094131287, 0.007149148997064421, -0.000010421586802311644, 
    0.0005110228500078174}, {0, 0.0005110228500077875, 0.0005110228500078057, 
    0.9847584406376795}}}, 
 {{{0., 0.03719592584551657, 0.03719592584551658, 0.037195925845516606}, 
   {-0.03719592584551657, 0., -0.03720016545060535, 0.037200165450605165}, 
   {-0.03719592584551658, 0.03720016545060535, 0., -0.03720016545060516}, 
   {-0.037195925845516606, -0.037200165450605165, 0.03720016545060516, 0.}}, 
  {{0., 0.037195925845516564, 0.03719592584551657, 0.03719592584551668}, 
   {-0.037195925845516564, 0., -0.03720016545060523, 0.037200165450605366}, 
   {-0.03719592584551657, 0.03720016545060523, 0., -0.03720016545060536}, 
   {-0.03719592584551668, -0.037200165450605366, 0.03720016545060536, 0.}}}, 
 {0, 0}, {{-1.5108357237939782, -1.4812001164304416}, 
  {-6.297037976369811, -1.5404713311575198, -1.6080476570273858}, 
  {-1.5404730200961438, -1.5108374127326072}, {{2, 0.01793775976123744}, 
   {3, 0.007208653553265998}, {4, 0.0029172195691203745}, 
   {5, 0.0011842436604479062}, {6, 0.00048137745499914064}, 
   {7, 0.00019577931558280304}, {8, 0.00007964244676603172}, 
   {9, 0.0000324012547273933}, {10, 0.000013182419481588825}, 
   {11, 5.3633354982624*^-6}}, {{2, 0.0921047076640126}, 
   {3, 0.03324585978494539}, {4, 0.012944556812653388}, 
   {5, 0.00519281358380079}, {6, 0.002117655992065287}, 
   {7, 0.0008791902164837246}, {8, 0.00037738740344645167}, 
   {9, 0.00017356682751861323}, {10, 0.00009069712940653815}, 
   {11, 0.000056990180944596324}}, {2.6501425109001875*^-9, 
   0.9119652115163996}}}
