{41, 40, {{{-0.5140971655467816, 0, -0.006951812136565814, 
    0.0069518121365657725}, {0, 0.968023010335723, 0.0006412418398148993, 
    0.0006412418398148725}, {-0.006951812136565776, 0.0006412418398148026, 
    0.0006143050444524078, 0.01568831639142311}, 
   {0.006951812136565754, 0.0006412418398148122, 0.01568831639142308, 
    0.000614305044452429}}, {{-0.5140971655467815, 0.006951812136565811, 0, 
    -0.0069518121365657725}, {0.006951812136565767, 0.0006143050444524095, 
    0.0006412418398148, 0.015688316391423103}, {0, 0.0006412418398149024, 
    0.9680230103357229, 0.0006412418398148714}, {-0.006951812136565757, 
    0.01568831639142308, 0.0006412418398148071, 0.0006143050444524512}}, 
  {{-0.5140971655467814, -0.0069518121365657265, 0.006951812136565733, 0}, 
   {-0.0069518121365657, 0.0006143050444523766, 0.015688316391423103, 
    0.0006412418398148764}, {0.006951812136565713, 0.0156883163914231, 
    0.0006143050444523956, 0.0006412418398148588}, 
   {0, 0.0006412418398147974, 0.000641241839814811, 0.9680230103357228}}}, 
 {{{0., 0.11128948940677238, 0.11128948940677234, 0.11128948940677275}, 
   {-0.11128948940677238, 0., -0.10660367329374934, 0.10660367329374879}, 
   {-0.11128948940677234, 0.10660367329374934, 0., -0.10660367329374881}, 
   {-0.11128948940677275, -0.10660367329374879, 0.10660367329374881, 0.}}, 
  {{0., 0.11128948940677237, 0.1112894894067723, 0.11128948940677288}, 
   {-0.11128948940677237, 0., -0.10660367329374898, 0.10660367329374942}, 
   {-0.1112894894067723, 0.10660367329374898, 0., -0.10660367329374942}, 
   {-0.11128948940677288, -0.10660367329374942, 0.10660367329374942, 0.}}}, 
 {0, 0}, {{-1.4414605457498058, -1.3527913827493803}, 
  {-6.2918622579615135, -1.5301297087502344, -1.6158014202305224}, 
  {-1.5282630122862162, -1.4395938492857907}, {{2, 0.01700685946373518}, 
   {3, 0.013700381337533873}, {4, 0.01106178707811787}, 
   {5, 0.008953866893616075}, {6, 0.007265471197842072}, 
   {7, 0.005908761402210555}, {8, 0.004814997168525764}, 
   {9, 0.003930485560223906}, {10, 0.0032131949420168976}, 
   {11, 0.0026300841667569186}, {12, 0.002155049232863318}, 
   {13, 0.0017673602585384224}, {14, 0.0014504736103044813}, 
   {15, 0.0011911264827385026}, {16, 0.0009786430361102966}, 
   {17, 0.0008043991414840163}, {18, 0.000661406565860917}, 
   {19, 0.0005439876814896938}, {20, 0.0004475192954003643}, 
   {21, 0.00036822966961454207}, {22, 0.0003030367925584837}, 
   {23, 0.0002494188810748671}, {24, 0.0002053102403716256}, 
   {25, 0.00016901720159059885}, {26, 0.00013915004694145527}, 
   {27, 0.00011456772984969055}, {28, 0.00009433288033394716}, 
   {29, 0.00007767510976489089}, {30, 0.00006396103459395397}, 
   {31, 0.00005266975483583791}, {32, 0.00004337277148419583}, 
   {33, 0.000035717523456338385}, {34, 0.000029413880893183753}, 
   {35, 0.000024223056555444655}, {36, 0.000019948497386554354}, 
   {37, 0.00001642839921589534}, {38, 0.000013529553033062025}, 
   {39, 0.000011142284379914158}, {40, 9.176290611465077*^-6}}, 
  {{2, 0.8566242816622595}, {3, 0.49916955006873526}, 
   {4, 0.32584268988906384}, {5, 0.22541658821108307}, 
   {6, 0.1610723892773347}, {7, 0.11711425278562582}, 
   {8, 0.08573225865525075}, {9, 0.06260823327257203}, 
   {10, 0.045163840193080014}, {11, 0.031766634701243246}, 
   {12, 0.021334256713854333}, {13, 0.013121934442906644}, 
   {14, 0.006601414009874665}, {15, 0.001388518581701982}, 
   {16, 0.002802017508311031}, {17, 0.006185719338060857}, 
   {18, 0.00892779695952254}, {19, 0.011156433892793905}, 
   {20, 0.012972096233457653}, {21, 0.014454193392270687}, 
   {22, 0.015665934450126456}, {23, 0.0166579286816262}, 
   {24, 0.017470894882442984}, {25, 0.018137726931079345}, 
   {26, 0.018685086720203303}, {27, 0.0191346449464592}, 
   {28, 0.019504056010409207}, {29, 0.01980772973476106}, 
   {30, 0.02005744615517572}, {31, 0.020262847960613166}, 
   {32, 0.02043183675041383}, {33, 0.020570893133828472}, 
   {34, 0.02068533615316135}, {35, 0.020779534106910223}, 
   {36, 0.020857076268826324}, {37, 0.02092091302218427}, 
   {38, 0.02097347039972476}, {39, 0.02101674382686474}, 
   {40, 0.02105237492777203}}, {1.4676855480081656*^-6, 0.8228375166867942}}}
