{7, 32, {{{-0.5246413572340938, 0, -0.000130010740821001, 
    0.00013001074082100684}, {0, 0.9993196300071421, 0.000013384908644176766, 
    0.000013384908644232087}, {-0.00013001074082095898, 
    0.000013384908644298291, 7.255570505371092*^-6, 0.00032053664730209225}, 
   {0.00013001074082098025, 0.000013384908644200645, 0.0003205366473021824, 
    7.255570505337698*^-6}}, {{-0.5246413572340938, 0.0001300107408209893, 0, 
    -0.00013001074082100725}, {0.0001300107408209718, 7.255570505259202*^-6, 
    0.00001338490864430136, 0.0003205366473020967}, 
   {0, 0.000013384908644170714, 0.9993196300071421, 0.000013384908644235406}, 
   {-0.00013001074082097716, 0.0003205366473022132, 0.000013384908644197742, 
    7.2555705053767294*^-6}}, {{-0.5246413572340942, -0.00013001074082096096, 
    0.00013001074082097394, 0}, {-0.00013001074082092114, 
    7.255570505097439*^-6, 0.0003205366473021979, 0.000013384908644204711}, 
   {0.00013001074082090802, 0.00032053664730223824, 7.255570504988151*^-6, 
    0.000013384908644201248}, {0, 0.000013384908644237095, 
    0.000013384908644243615, 0.9993196300071427}}}, 
 {{{0., 0.008080895457438349, 0.008080895457438349, 0.00808089545743836}, 
   {-0.008080895457438349, 0., -0.007758587188130519, 0.007758587188130381}, 
   {-0.008080895457438349, 0.007758587188130519, 0., -0.007758587188130362}, 
   {-0.00808089545743836, -0.007758587188130381, 0.007758587188130362, 0.}}, 
  {{0., 0.008080895457438338, 0.008080895457438345, 0.008080895457438377}, 
   {-0.008080895457438338, 0., -0.007758587188130503, 0.007758587188130396}, 
   {-0.008080895457438345, 0.007758587188130503, 0., -0.007758587188130382}, 
   {-0.008080895457438377, -0.007758587188130396, 0.007758587188130382, 
    0.}}}, {0, 0}, {{-1.5716494714567464, -1.5702498193064542}, 
  {-6.298452841832794, -1.5730491236070412, -1.5761772973093557}, 
  {-1.5730212108921329, -1.5716215587418407}, {{2, 0.003866246245515405}, 
   {3, 0.00151515738056982}, {4, 0.0005939431980844408}, 
   {5, 0.0002328539835827377}, {6, 0.00009129424952552395}}, 
  {{2, 0.064926853998432}, {3, 0.008887883945785779}, 
   {4, 0.01014641113096636}, {5, 0.017223678023887513}, 
   {6, 0.019942608526834035}}, {2.181201911530222*^-13, 0.9959247172970643}}}
