{6, 32, {{{-0.5248615132080195, 0, -5.142534027445648*^-6, 
    5.142534027452226*^-6}, {0, 0.999972922749452, 5.821794407828711*^-7, 
    5.821794396855234*^-7}, {-5.142534027428954*^-6, 5.82179438437594*^-7, 
    2.275944024688649*^-7, 0.000012694936502281845}, 
   {5.142534027445373*^-6, 5.82179440017374*^-7, 0.000012694936502772816, 
    2.275944023868992*^-7}}, {{-0.5248615132080195, 5.142534027473383*^-6, 0, 
    -5.142534027455888*^-6}, {5.142534027447323*^-6, 2.2759440207464898*^-7, 
    5.821794384350576*^-7, 0.000012694936502279873}, 
   {0, 5.821794407828571*^-7, 0.9999729227494518, 5.821794397030708*^-7}, 
   {-5.142534027456313*^-6, 0.000012694936502790178, 5.821794400261875*^-7, 
    2.2759440224118244*^-7}}, {{-0.5248615132080203, -5.142534027444994*^-6, 
    5.142534027431257*^-6, 0}, {-5.142534027413205*^-6, 
    2.2759440203735243*^-7, 0.000012694936503098967, 5.821794400185128*^-7}, 
   {5.142534027398663*^-6, 0.000012694936502202292, 2.27594402268938*^-7, 
    5.821794400108362*^-7}, {0, 5.82179439689831*^-7, 5.821794396992*^-7, 
    0.9999729227494529}}}, 
 {{{0., 0.0016054692502547603, 0.0016054692502547607, 0.00160546925025477}, 
   {-0.0016054692502547603, 0., -0.001550290840549137, 
    0.0015502908405490763}, {-0.0016054692502547607, 0.001550290840549137, 
    0., -0.00155029084054898}, {-0.00160546925025477, -0.0015502908405490763, 
    0.00155029084054898, 0.}}, {{0., 0.0016054692502547718, 
    0.0016054692502547774, 0.001605469250254773}, 
   {-0.0016054692502547718, 0., -0.0015502908405493408, 
    0.0015502908405490442}, {-0.0016054692502547774, 0.0015502908405493408, 
    0., -0.0015502908405489384}, {-0.001605469250254773, 
    -0.0015502908405490442, 0.0015502908405489384, 0.}}}, {0, 0}, 
 {{-1.5744940217122818, -1.5744384066260544}, 
  {-6.298447630315299, -1.574549636798512, -1.5746741783591376}, 
  {-1.5745486810804195, -1.574493065994192}, {{2, 0.0007720196472878887}, 
   {3, 0.00030222819510268215}, {4, 0.00011831676933167154}, 
   {5, 0.00004631905216775879}}, {{2, 0.06495124819515793}, 
   {3, 0.008906072722986925}, {4, 0.010118592812007655}, 
   {5, 0.01718451153671321}}, {1.388286456235781*^-17, 0.999837547493979}}}
