{13, 32, {{{-0.5145932669190114, 0, -0.00700533669545148, 
    0.0070053366954514595}, {0, 0.9666923290521579, 0.0013373645638227968, 
    0.001337364563822821}, {-0.0070053366954514525, 0.0013373645638227565, 
    -0.00009866502676939264, 0.015794597914878278}, 
   {0.0070053366954514595, 0.0013373645638227894, 0.01579459791487825, 
    -0.00009866502676940045}}, {{-0.5145932669190114, 0.007005336695451472, 
    0, -0.007005336695451459}, {0.00700533669545143, -0.0000986650267693805, 
    0.00133736456382275, 0.01579459791487827}, {0, 0.0013373645638227942, 
    0.9666923290521579, 0.0013373645638228115}, {-0.007005336695451453, 
    0.01579459791487823, 0.0013373645638227946, -0.00009866502676939004}}, 
  {{-0.5145932669190114, -0.007005336695451434, 0.007005336695451428, 0}, 
   {-0.007005336695451385, -0.00009866502676943514, 0.01579459791487827, 
    0.0013373645638228336}, {0.007005336695451394, 0.01579459791487829, 
    -0.00009866502676947331, 0.0013373645638228423}, 
   {0, 0.0013373645638227686, 0.00133736456382274, 0.9666923290521579}}}, 
 {{{0., 0.05436389920824685, 0.05436389920824686, 0.054363899208246906}, 
   {-0.05436389920824685, 0., -0.05537232880241431, 0.05537232880241405}, 
   {-0.05436389920824686, 0.05537232880241431, 0., -0.05537232880241406}, 
   {-0.054363899208246906, -0.05537232880241405, 0.05537232880241406, 0.}}, 
  {{0., 0.054363899208246844, 0.05436389920824686, 0.05436389920824698}, 
   {-0.054363899208246844, 0., -0.055372328802414134, 0.05537232880241435}, 
   {-0.05436389920824686, 0.055372328802414134, 0., -0.055372328802414356}, 
   {-0.05436389920824698, -0.05537232880241435, 0.055372328802414356, 0.}}}, 
 {0, 0}, {{-1.4390801083015499, -1.3769338248542353}, 
  {-6.291640422254649, -1.5012263917488669, -1.6445938193784577}, 
  {-1.5018027866755412, -1.4396565032282265}, {{2, 0.02651436744686496}, 
   {3, 0.011018107339563071}, {4, 0.004659184489132537}, 
   {5, 0.001986250945557738}, {6, 0.0008498029031632215}, 
   {7, 0.00036414974888780705}, {8, 0.00015614716850316512}, 
   {9, 0.00006697518061277163}, {10, 0.00002873079510072596}, 
   {11, 0.000012325500410387269}, {12, 5.287756108834918*^-6}}, 
  {{2, 0.1057273490311339}, {3, 0.04516384650195504}, 
   {4, 0.023816658237062117}, {5, 0.015359271302153076}, 
   {6, 0.011850062142032514}, {7, 0.010365766032917162}, 
   {8, 0.00973282780866417}, {9, 0.00946199097655002}, 
   {10, 0.00934592671773304}, {11, 0.009296156969814125}, 
   {12, 0.00927480928386341}}, {2.882416495537691*^-8, 0.8160741741983248}}}
