{12, 25, {{{-0.5231771934514012, 0, -0.0010254209995931812, 
    0.0010254209995931042}, {0, 0.9946633006381326, 0.00017192912162499997, 
    0.00017192912162499558}, {-0.001025420999593177, 0.0001719291216251747, 
    -0.000011516410196896892, 0.0024707308948449525}, 
   {0.0010254209995931066, 0.00017192912162491828, 0.0024707308948449503, 
    -0.000011516410196892556}}, {{-0.5231771934514012, 0.0010254209995931587, 
    0, -0.0010254209995930966}, {0.0010254209995931723, 
    -0.000011516410196876943, 0.00017192912162514228, 0.0024707308948449624}, 
   {0, 0.0001719291216249778, 0.9946633006381327, 0.00017192912162489055}, 
   {-0.0010254209995930953, 0.002470730894844833, 0.00017192912162497238, 
    -0.000011516410196893423}}, 
  {{-0.5231771934514016, -0.0010254209995933215, 0.00102542099959332, 0}, 
   {-0.00102542099959333, -0.000011516410197878746, 0.0024707308948456195, 
    0.00017192912162521633}, {0.001025420999593315, 0.0024707308948456884, 
    -0.000011516410197837113, 0.00017192912162527168}, 
   {0, 0.0001719291216252882, 0.00017192912162518526, 0.9946633006381329}}}, 
 {{{0., 0.04406442394742308, 0.04406442394742308, 0.044064423947423034}, 
   {-0.04406442394742308, 0., -0.04395513175417433, 0.04395513175417398}, 
   {-0.04406442394742308, 0.04395513175417433, 0., -0.04395513175417402}, 
   {-0.044064423947423034, -0.04395513175417398, 0.04395513175417402, 0.}}, 
  {{0., 0.044064423947423034, 0.044064423947423124, 0.044064423947423034}, 
   {-0.044064423947423034, 0., -0.043955131754174315, 0.04395513175417401}, 
   {-0.044064423947423124, 0.043955131754174315, 0., -0.04395513175417404}, 
   {-0.044064423947423034, -0.04395513175417401, 0.04395513175417404, 0.}}}, 
 {0, 0}, {{-1.5517161183277133, -1.5364517541110752}, 
  {-1.5745976457834594, -0.783490241272176, -0.0038085816195536637}, 
  {-1.5669615525811937, -1.5516971883645556}, {{2, 0.010744368248109381}, 
   {3, 0.004703898003613614}, {4, 0.0020721815395649337}, 
   {5, 0.0009155988856651143}, {6, 0.00040511993902307697}, 
   {7, 0.0001793627900607414}, {8, 0.00007943312750294251}, 
   {9, 0.00003518232571987634}, {10, 0.00001558372188885382}, 
   {11, 6.902848861935207*^-6}}, {{2, 0.0013300473244292807}, 
   {3, 0.0012622946949825509}, {4, 0.001246647940882163}, 
   {5, 0.0012423839523030469}, {6, 0.0012410045501559186}, 
   {7, 0.0012404922442032422}, {8, 0.0012402845742208641}, 
   {9, 0.0012401963545157833}, {10, 0.0012401580155347294}, 
   {11, 0.0012401411777736217}}, {7.212029874879914*^-9, 0.9684039815486057}}}
