{3, 32, {{{-0.5228703372357368, 0, -0.001219875125917913, 
    0.0012198751259179111}, {0, 0.9936763720579984, 0.00021496152630034798, 
    0.00021496152630027816}, {-0.0012198751259178818, 0.00021496152630034852, 
    -0.00002437848645757846, 0.002921835458260644}, 
   {0.0012198751259178912, 0.00021496152630022243, 0.0029218354582607013, 
    -0.00002437848645751601}}, {{-0.522870337235737, 0.0012198751259179176, 
    0, -0.001219875125917905}, {0.001219875125917876, 
    -0.000024378486457597975, 0.0002149615263003381, 0.0029218354582607005}, 
   {0, 0.0002149615263003481, 0.9936763720579984, 0.0002149615263002356}, 
   {-0.001219875125917886, 0.0029218354582606367, 0.00021496152630026336, 
    -0.000024378486457476978}}, {{-0.522870337235737, -0.001219875125917883, 
    0.001219875125917885, 0}, {-0.0012198751259178341, 
    -0.000024378486457619225, 0.002921835458260665, 0.00021496152630024108}, 
   {0.0012198751259178348, 0.0029218354582607664, -0.000024378486457671267, 
    0.0002149615263002802}, {0, 0.00021496152630028016, 
    0.00021496152630022015, 0.9936763720579985}}}, 
 {{{0., 0.02388858739523146, 0.02388858739523147, 0.02388858739523148}, 
   {-0.02388858739523146, 0., -0.023960650295694108, 0.023960650295694018}, 
   {-0.02388858739523147, 0.023960650295694108, 0., -0.023960650295694032}, 
   {-0.02388858739523148, -0.023960650295694018, 0.023960650295694032, 0.}}, 
  {{0., 0.02388858739523146, 0.02388858739523145, 0.023888587395231517}, 
   {-0.02388858739523146, 0., -0.023960650295694004, 0.023960650295694164}, 
   {-0.02388858739523145, 0.023960650295694004, 0., -0.023960650295694184}, 
   {-0.023888587395231517, -0.023960650295694164, 0.023960650295694184, 
    0.}}}, {0, 0}, {{-1.5479908189797893, -1.5355779448529137}, 
  {-6.298200500899501, -1.5604036931066667, -1.5886965573430838}, 
  {-1.5604224155974078, -1.5480095414705322}, {{2, 0.00003113060042191779}}, 
  {{2, 0.0015083123014003913}}, {1.8923070360118065*^-10, 
   0.9626530229096684}}}
{9, 32, {{{-0.5228745180236698, 0, -0.0012184912660561723, 
    0.0012184912660561536}, {0, 0.9936802689480985, 0.0002168547856492472, 
    0.00021685478564918497}, {-0.0012184912660561334, 0.00021685478564917717, 
    -0.000026665209542704304, 0.0029181061794483335}, 
   {0.0012184912660561456, 0.00021685478564919473, 0.0029181061794483114, 
    -0.000026665209542657033}}, {{-0.5228745180236699, 0.001218491266056159, 
    0, -0.0012184912660561503}, {0.001218491266056128, 
    -0.000026665209542699967, 0.00021685478564917153, 0.0029181061794483357}, 
   {0, 0.00021685478564923934, 0.9936802689480985, 0.00021685478564917966}, 
   {-0.0012184912660561406, 0.0029181061794483036, 0.00021685478564919722, 
    -0.0000266652095426978}}, {{-0.52287451802367, -0.0012184912660561193, 
    0.0012184912660561313, 0}, {-0.0012184912660560812, 
    -0.000026665209542742034, 0.0029181061794483058, 0.00021685478564920557}, 
   {0.0012184912660560842, 0.0029181061794483192, -0.000026665209542725554, 
    0.0002168547856492072}, {0, 0.0002168547856491698, 0.0002168547856491505, 
    0.9936802689480984}}}, 
 {{{0., 0.02386359513628282, 0.023863595136282816, 0.02386359513628284}, 
   {-0.02386359513628282, 0., -0.02395998073255719, 0.023959980732557055}, 
   {-0.023863595136282816, 0.02395998073255719, 0., -0.02395998073255705}, 
   {-0.02386359513628284, -0.023959980732557055, 0.02395998073255705, 0.}}, 
  {{0., 0.023863595136282806, 0.02386359513628281, 0.023863595136282893}, 
   {-0.023863595136282806, 0., -0.023959980732557108, 0.0239599807325572}, 
   {-0.02386359513628281, 0.023959980732557108, 0., -0.023959980732557194}, 
   {-0.023863595136282893, -0.0239599807325572, 0.023959980732557194, 0.}}}, 
 {0, 0}, {{-1.5480188008378999, -1.5356189130697113}, 
  {-6.2982233304712665, -1.5604186886060882, -1.588692976629545}, 
  {-1.5604437303185683, -1.5480438425503797}, {{2, 0.011437591227114768}, 
   {3, 0.004524444801335126}, {4, 0.0017943854288891281}, 
   {5, 0.0007124557810837331}, {6, 0.000283010725949516}, 
   {7, 0.00011244227503055815}, {8, 0.000044677516058452826}}, 
  {{2, 0.09312321633439888}, {3, 0.034234416684966296}, 
   {4, 0.014120375422046832}, {5, 0.006568789690726631}, 
   {6, 0.003633592661565884}, {7, 0.0024773667123592093}, 
   {8, 0.002019511220414461}}, {1.8919897832224374*^-10, 0.9626756744887105}}}
