{5, 20, {{{-0.5245722894995692, 0, -0.00017182941528353358, 
    0.00017182941528316988}, {0, 0.9994450932069681, -0.00007450540027659052, 
    -0.0000745054002773477}, {-0.00017182941528321602, 
    -0.00007450540027812498, 0.000019436005348504037, 0.0011478803496725034}, 
   {0.0001718294152834113, -0.00007450540027660211, 0.0011478803496726723, 
    0.0000194360053471696}}, {{-0.5245722894995691, 0.00017182941528337558, 
    0, -0.00017182941528316755}, {0.00017182941528333474, 
    0.00001943600534598522, -0.00007450540027812794, 0.0011478803496721987}, 
   {0, -0.0000745054002766642, 0.9994450932069698, -0.00007450540027719743}, 
   {-0.00017182941528341535, 0.0011478803496731429, -0.00007450540027681876, 
    0.000019436005348747766}}, 
  {{-0.5245722894995686, -0.00017182941528350222, 0.00017182941528358478, 0}, 
   {-0.00017182941528325835, 0.00001943600534760198, 0.0011478803496720621, 
    -0.00007450540027665055}, {0.0001718294152832278, 0.0011478803496726517, 
    0.000019436005346179508, -0.0000745054002768102}, 
   {0, -0.00007450540027739732, -0.00007450540027706835, 
    0.9994450932069673}}}, 
 {{{0, 0.0188297683139432, 0.018829768313943215, 0.01882976831394343}, 
   {-0.0188297683139432, 0, -0.01190010824315164, 0.0119001082431522}, 
   {-0.018829768313943215, 0.01190010824315164, 0, -0.011900108243152121}, 
   {-0.01882976831394343, -0.0119001082431522, 0.011900108243152121, 0}}, 
  {{0, 0.018829768313943316, 0.018829768313943306, 0.01882976831394334}, 
   {-0.018829768313943316, 0, -0.011900108243151804, 0.01190010824315237}, 
   {-0.018829768313943306, 0.011900108243151804, 0, -0.011900108243152142}, 
   {-0.01882976831394334, -0.01190010824315237, 0.011900108243152142, 0}}}, 
 {0, 0}, {{-1.5673844597594393, -1.5608616366765387}, 
  {-6.298610564955506, -1.5756806836389607, -1.5736245988387925}, 
  {-1.5727070305101603, -1.5661842074272596}, {{2, 0.002876489049682414}, 
   {3, 0.000627900098477293}, {4, 0.000304542682521764}}, 
  {{2, 0.007053193463784417}, {3, 0.00695170823310452}, 
   {4, 0.006929660070791254}}, {2.8399158426706263*^-12, 0.9966751746491113}}}
