{3, 20, {{{0, 0, 0, 0}, {0, 0, 0, 0}, {0, 0, 0, 0}, {0, 0, 0, 0}}, 
  {{0, 0, 0, 0}, {0, 0, 0, 0}, {0, 0, 0, 0}, {0, 0, 0, 0}}, 
  {{0, 0, 0, 0}, {0, 0, 0, 0}, {0, 0, 0, 0}, {0, 0, 0, 0}}}, 
 {{{0., 0.5773502691896452, 0.5773502691896455, 0.5773502691895869}, 
   {-0.5773502691896452, 0., -0.5773502691896648, 0.5773502691896064}, 
   {-0.5773502691896455, 0.5773502691896648, 0., -0.577350269189606}, 
   {-0.5773502691895869, -0.5773502691896064, 0.577350269189606, 0.}}, 
  {{0., 0.5773502691896615, 0.5773502691896626, 0.5773502691895533}, 
   {-0.5773502691896615, 0., -0.5773502691896997, 0.5773502691895894}, 
   {-0.5773502691896626, 0.5773502691896997, 0., -0.5773502691895885}, 
   {-0.5773502691895533, -0.5773502691895894, 0.5773502691895885, 0.}}}, 
 {0, 0}, {{-0.99, -0.9800000000000003}, {-1.0049999999999994, -1., 
   0.4975000000000003}, {-1., -0.9900000000000003}, 
  {{2, 4.418687638008123*^-14}}, {{2, 7.477352070850429*^-14}}, 
  {0.037037037037037056, 0}}}
