{11, 32, {{{-0.521725766055541, 0, -0.0020033175383605915, 
    0.0020033175383605793}, {0, 0.9896621895981198, 0.00043917778962806, 
    0.0004391777896280355}, {-0.0020033175383605568, 0.0004391777896280817, 
    -0.00012667333099794292, 0.004726918064452397}, 
   {0.002003317538360579, 0.00043917778962804157, 0.0047269180644523515, 
    -0.00012667333099784014}}, {{-0.5217257660555409, 0.0020033175383605867, 
    0, -0.0020033175383605733}, {0.002003317538360553, 
    -0.00012667333099794856, 0.00043917778962807973, 0.004726918064452383}, 
   {0, 0.00043917778962804797, 0.9896621895981197, 0.0004391777896280448}, 
   {-0.0020033175383605724, 0.0047269180644523515, 0.00043917778962803067, 
    -0.00012667333099788958}}, {{-0.521725766055541, -0.00200331753836053, 
    0.0020033175383605325, 0}, {-0.0020033175383604956, 
    -0.00012667333099797284, 0.0047269180644524044, 0.0004391777896280809}, 
   {0.0020033175383605056, 0.004726918064452413, -0.00012667333099797284, 
    0.00043917778962805843}, {0, 0.00043917778962801566, 
    0.0004391777896280325, 0.9896621895981197}}}, 
 {{{0., 0.029969637411244553, 0.02996963741124455, 0.029969637411244594}, 
   {-0.029969637411244553, 0., -0.030868342022495766, 0.030868342022495585}, 
   {-0.02996963741124455, 0.030868342022495766, 0., -0.030868342022495606}, 
   {-0.029969637411244594, -0.030868342022495585, 0.030868342022495606, 0.}}, 
  {{0., 0.029969637411244542, 0.02996963741124454, 0.029969637411244636}, 
   {-0.029969637411244542, 0., -0.0308683420224956, 0.030868342022495762}, 
   {-0.02996963741124454, 0.0308683420224956, 0., -0.030868342022495783}, 
   {-0.029969637411244636, -0.030868342022495762, 0.030868342022495783, 
    0.}}}, {0, 0}, {{-1.531965934333869, -1.5122405391552065}, 
  {-6.297823736664814, -1.5516913295125332, -1.5972205388198737}, 
  {-1.551987083901592, -1.5322616887229294}, {{2, 0.014406142033698013}, 
   {3, 0.005737969367914965}, {4, 0.0022952617549799603}, 
   {5, 0.0009198812690745378}, {6, 0.0003689565116446192}, 
   {7, 0.00014803301223446919}, {8, 0.00005940164551678645}, 
   {9, 0.00002383752172389203}, {10, 9.5660546289289*^-6}}, 
  {{2, 0.10932654738553067}, {3, 0.048716963986897344}, 
   {4, 0.027927339090544918}, {5, 0.02006598015071181}, 
   {6, 0.016983975337664957}, {7, 0.015758582165121222}, 
   {8, 0.01526864631863422}, {9, 0.015072323759009857}, 
   {10, 0.014993584989351954}}, {8.651269111153463*^-10, 0.9395542669561616}}}
