{5, 20, {{{-0.524774774911269, 0, 0.000011667781980040327, 
    -0.000011667781980278997}, {0, 0.9989552355632252, 0.0001865209084409918, 
    0.00018652090844090464}, {0.000011667781980289844, 
    0.00018652090844109025, -0.00004919422928164729, 0.0011076731964807982}, 
   {-0.00001166778197997979, 0.00018652090844071702, 0.0011076731964816727, 
    -0.00004919422928091567}}, {{-0.524774774911269, -0.00001166778198026558, 
    0, 0.000011667781980274227}, {-0.000011667781980038406, 
    -0.000049194229280791636, 0.0001865209084410817, 0.0011076731964814325}, 
   {0, 0.0001865209084410472, 0.9989552355632242, 0.00018652090844103775}, 
   {0.000011667781979951568, 0.001107673196480911, 0.00018652090844065869, 
    -0.00004919422928119409}}, 
  {{-0.5247747749112697, 0.000011667781980356284, -0.000011667781980096397, 
    0}, {0.00001166778198015362, -0.00004919422928132376, 
    0.0011076731964804495, 0.00018652090844103515}, 
   {-0.000011667781980455238, 0.0011076731964823837, 
    -0.000049194229280763446, 0.00018652090844100197}, 
   {0, 0.00018652090844110614, 0.00018652090844117707, 0.9989552355632259}}}, 
 {{{0, 0.011124797232887715, 0.011124797232887706, 0.011124797232887725}, 
   {-0.011124797232887715, 0, -0.021786295683685362, 0.021786295683685605}, 
   {-0.011124797232887706, 0.021786295683685362, 0, -0.02178629568368544}, 
   {-0.011124797232887725, -0.021786295683685605, 0.02178629568368544, 0}}, 
  {{0, 0.011124797232887706, 0.011124797232887725, 0.01112479723288773}, 
   {-0.011124797232887706, 0, -0.021786295683685116, 0.021786295683685775}, 
   {-0.011124797232887725, 0.021786295683685116, 0, -0.02178629568368537}, 
   {-0.01112479723288773, -0.021786295683685775, 0.02178629568368537, 0}}}, 
 {0, 0}, {{-1.569197067201543, -1.5653433243952892}, 
  {-6.298612543674685, -1.5759326464532035, -1.573373625384139}, 
  {-1.5748974357079555, -1.5710436929017018}, {{2, 0.003073584786110903}, 
   {3, 0.000680202796650934}, {4, 0.0002986554368977039}}, 
  {{2, 0.010507859743245848}, {3, 0.010634498451599897}, 
   {4, 0.010661498450797726}}, {1.0693019566106035*^-10, 0.9937477635802482}}}
