{11, 32, {{{-0.5183136935102362, 0, -0.004361948246108495, 
    0.004361948246108471}, {0, 0.9784245906750186, 0.000929532243233657, 
    0.0009295322432336548}, {-0.004361948246108464, 0.0009295322432335631, 
    -0.00020705450360648586, 0.010025892980123272}, 
   {0.00436194824610849, 0.0009295322432336247, 0.010025892980123251, 
    -0.00020705450360646808}}, {{-0.5183136935102362, 0.004361948246108491, 
    0, -0.004361948246108478}, {0.004361948246108466, 
    -0.00020705450360648543, 0.0009295322432335677, 0.010025892980123243}, 
   {0, 0.0009295322432336525, 0.9784245906750184, 0.0009295322432336733}, 
   {-0.0043619482461084965, 0.010025892980123295, 0.0009295322432335967, 
    -0.00020705450360652966}}, {{-0.5183136935102362, -0.004361948246108445, 
    0.004361948246108463, 0}, {-0.004361948246108412, -0.0002070545036065635, 
    0.010025892980123297, 0.0009295322432336687}, 
   {0.004361948246108417, 0.010025892980123251, -0.00020705450360661293, 
    0.0009295322432336492}, {0, 0.0009295322432335824, 0.0009295322432336055, 
    0.9784245906750184}}}, 
 {{{0., 0.04334519164324706, 0.04334519164324705, 0.04334519164324709}, 
   {-0.04334519164324706, 0., -0.044644461054309095, 0.04464446105430887}, 
   {-0.04334519164324705, 0.044644461054309095, 0., -0.04464446105430886}, 
   {-0.04334519164324709, -0.04464446105430887, 0.04464446105430886, 0.}}, 
  {{0., 0.043345191643247065, 0.043345191643247044, 0.043345191643247155}, 
   {-0.043345191643247065, 0., -0.04464446105430894, 0.044644461054309116}, 
   {-0.043345191643247044, 0.04464446105430894, 0., -0.04464446105430912}, 
   {-0.043345191643247155, -0.044644461054309116, 0.04464446105430912, 0.}}}, 
 {0, 0}, {{-1.4864879270952438, -1.4459468470326906}, 
  {-6.295663938654245, -1.5270290071577985, -1.620802962169324}, 
  {-1.5276366153286207, -1.4870955352660675}, {{2, 0.021006474655148502}, 
   {3, 0.008538794418351078}, {4, 0.003506283847908992}, 
   {5, 0.001446432782044177}, {6, 0.0005978713611472924}, 
   {7, 0.00024733042933448857}, {8, 0.00010235223950907923}, 
   {9, 0.00004236228547541132}, {10, 0.00001753425027899158}}, 
  {{2, 0.11085420642674804}, {3, 0.0498871130318672}, 
   {4, 0.028702897407932904}, {5, 0.020514159893347816}, 
   {6, 0.0172172471090094}, {7, 0.015867987984805695}, 
   {8, 0.015312103285238719}, {9, 0.015082451953423698}, 
   {10, 0.014987468757268054}}, {7.917817863733932*^-9, 0.8773323744211683}}}
