{12, 32, {{{-0.5183125980899259, 0, -0.004362398226844919, 
    0.004362398226844928}, {0, 0.9784233959908195, 0.0009290731019668068, 
    0.0009290731019667791}, {-0.004362398226844897, 0.0009290731019666715, 
    -0.0002064798555935182, 0.010026924798085646}, 
   {0.004362398226844898, 0.0009290731019667106, 0.01002692479808567, 
    -0.00020647985559343884}}, {{-0.5183125980899258, 0.004362398226844911, 
    0, -0.004362398226844927}, {0.004362398226844889, 
    -0.00020647985559347527, 0.0009290731019666611, 0.01002692479808567}, 
   {0, 0.0009290731019668144, 0.9784233959908195, 0.0009290731019667414}, 
   {-0.00436239822684489, 0.010026924798085615, 0.0009290731019667554, 
    -0.0002064798555934666}}, {{-0.5183125980899259, -0.004362398226844868, 
    0.004362398226844876, 0}, {-0.004362398226844858, -0.0002064798555935247, 
    0.01002692479808568, 0.0009290731019667459}, 
   {0.004362398226844864, 0.010026924798085736, -0.0002064798555935221, 
    0.000929073101966786}, {0, 0.0009290731019667132, 0.0009290731019666887, 
    0.9784233959908195}}}, 
 {{{0., 0.043348820549107554, 0.04334882054910754, 0.043348820549107575}, 
   {-0.043348820549107554, 0., -0.04464479123537478, 0.044644791235374556}, 
   {-0.04334882054910754, 0.04464479123537478, 0., -0.044644791235374584}, 
   {-0.043348820549107575, -0.044644791235374556, 0.044644791235374584, 0.}}, 
  {{0., 0.04334882054910754, 0.04334882054910753, 0.04334882054910764}, 
   {-0.04334882054910754, 0., -0.04464479123537461, 0.04464479123537483}, 
   {-0.04334882054910753, 0.04464479123537461, 0., -0.044644791235374834}, 
   {-0.04334882054910764, -0.04464479123537483, 0.044644791235374834, 0.}}}, 
 {0, 0}, {{-1.486480403747715, -1.4459359295425256}, 
  {-6.295657568105456, -1.5270248779529063, -1.6208039060998218}, 
  {-1.527630943462813, -1.4870864692576236}, {{2, 0.021006474655148502}, 
   {3, 0.008538794418351078}, {4, 0.003506283847908992}, 
   {5, 0.001446432782044177}, {6, 0.0005978713611472924}, 
   {7, 0.00024733042933448857}, {8, 0.00010235223950907923}, 
   {9, 0.00004236228547541132}, {10, 0.00001753425027899158}, 
   {11, 7.257811720992602*^-6}}, {{2, 0.11085420642674804}, 
   {3, 0.0498871130318672}, {4, 0.028702897407932904}, 
   {5, 0.020514159893347816}, {6, 0.0172172471090094}, 
   {7, 0.015867987984805695}, {8, 0.015312103285238719}, 
   {9, 0.015082451953423698}, {10, 0.014987468757268054}, 
   {11, 0.014948165484675632}}, {7.918169221346896*^-9, 0.8773259469543888}}}
