{7, 32, {{{-0.5247952918577442, 0, -0.00004608724996959351, 
    0.000046087249969589937}, {0, 0.9997494812470271, 
    0.000011165108545793589, 0.00001116510854601027}, 
   {-0.00004608724996955038, 0.000011165108545927139, -4.41271503581319*^-6, 
    0.00011196946688446376}, {0.000046087249969556604, 
    0.000011165108545696153, 0.00011196946688452687, 
    -4.412715035819262*^-6}}, {{-0.5247952918577443, 0.00004608724996958249, 
    0, -0.000046087249969592844}, {0.00004608724996954956, 
    -4.412715035937223*^-6, 0.000011165108545940088, 0.00011196946688470395}, 
   {0, 0.000011165108545790258, 0.9997494812470273, 0.000011165108545825127}, 
   {-0.000046087249969559735, 0.0001119694668844001, 0.000011165108545893054, 
    -4.412715035873038*^-6}}, {{-0.5247952918577444, -0.00004608724996955746, 
    0.00004608724996957235, 0}, {-0.00004608724996950142, 
    -4.412715035998806*^-6, 0.00011196946688447776, 0.000011165108545715197}, 
   {0.00004608724996950074, 0.00011196946688470864, -4.4127150361228384*^-6, 
    0.00001116510854590411}, {0, 0.000011165108546019895, 
    0.000011165108545833162, 0.9997494812470276}}}, 
 {{{0., 0.00463059602500114, 0.004630596025001148, 0.004630596025001155}, 
   {-0.00463059602500114, 0., -0.004811775706054288, 0.004811775706053664}, 
   {-0.004630596025001148, 0.004811775706054288, 0., -0.004811775706053656}, 
   {-0.004630596025001155, -0.004811775706053664, 0.004811775706053656, 0.}}, 
  {{0., 0.004630596025001149, 0.004630596025001144, 0.004630596025001156}, 
   {-0.004630596025001149, 0., -0.004811775706054125, 0.004811775706053687}, 
   {-0.004630596025001144, 0.004811775706054125, 0., -0.0048117757060536885}, 
   {-0.004630596025001156, -0.004811775706053687, 0.0048117757060536885, 
    0.}}}, {0, 0}, {{-1.5735745639905492, -1.5730933383354704}, 
  {-6.298449287026931, -1.5740557896456266, -1.5751688538678388}, 
  {-1.5740652040180134, -1.5735839783629346}, {{2, 0.002214680789773836}, 
   {3, 0.0008673046243881377}, {4, 0.0003396807946040893}, 
   {5, 0.0001330415025109187}, {6, 0.000052108686357068765}}, 
  {{2, 0.11140406314831389}, {3, 0.05074660957313518}, 
   {4, 0.030152046286561613}, {5, 0.022500315642643532}, 
   {6, 0.01956332187848947}}, {1.241172803528477*^-14, 0.9984978285624576}}}
