{11, 32, {{{-0.5208673106233193, 0, -0.00250543771298402, 
    0.0025054377129839983}, {0, 0.9873936115002216, 0.0004203281368143838, 
    0.00042032813681437946}, {-0.002505437712983978, 0.00042032813681438597, 
    -0.00001579762678901057, 0.0058919177398032594}, 
   {0.002505437712983973, 0.0004203281368144224, 0.005891917739803275, 
    -0.000015797626789082128}}, {{-0.5208673106233193, 0.002505437712984006, 
    0, -0.0025054377129840035}, {0.0025054377129839676, 
    -0.00001579762678909167, 0.00042032813681438077, 0.0058919177398032594}, 
   {0, 0.00042032813681438597, 0.9873936115002215, 0.0004203281368143967}, 
   {-0.0025054377129839827, 0.00589191773980328, 0.0004203281368144017, 
    -0.00001579762678910468}}, {{-0.5208673106233193, -0.002505437712983969, 
    0.0025054377129839905, 0}, {-0.00250543771298393, 
    -0.00001579762678912376, 0.005891917739803311, 0.0004203281368144299}, 
   {0.00250543771298396, 0.005891917739803295, -0.00001579762678916019, 
    0.0004203281368144042}, {0, 0.0004203281368143489, 
    0.00042032813681462547, 0.9873936115002214}}}, 
 {{{0., 0.03382412846719704, 0.033824128467197026, 0.03382412846719708}, 
   {-0.03382412846719704, 0., -0.03382159450501658, 0.033821594505016414}, 
   {-0.033824128467197026, 0.03382159450501658, 0., -0.033821594505016414}, 
   {-0.03382412846719708, -0.033821594505016414, 0.033821594505016414, 0.}}, 
  {{0., 0.03382412846719701, 0.03382412846719704, 0.03382412846719714}, 
   {-0.03382412846719701, 0., -0.03382159450501643, 0.033821594505016615}, 
   {-0.03382412846719704, 0.03382159450501643, 0., -0.03382159450501662}, 
   {-0.03382412846719714, -0.033821594505016615, 0.03382159450501662, 0.}}}, 
 {0, 0}, {{-1.5217296340546889, -1.4971238882633828}, 
  {-6.297489119193617, -1.5463353798459971, -1.6024091797508115}, 
  {-1.5463344581662355, -1.5217287123749295}, {{2, 0.007976088566932237}, 
   {3, 0.003205064246459277}, {4, 0.0012918265751159091}, 
   {5, 0.0005213426775143581}, {6, 0.00021050834872449187}, 
   {7, 0.00008501737682092836}, {8, 0.00003433867053095896}, 
   {9, 0.000013869933431914783}, {10, 5.602364846896135*^-6}}, 
  {{2, 0.04092519399040909}, {3, 0.01561413984358842}, 
   {4, 0.006135322451217026}, {5, 0.002418887708591045}, 
   {6, 0.0009354827571850041}, {7, 0.00033915901631598807}, 
   {8, 0.00009875319032293156}, {9, 1.7228009894690237*^-6}, 
   {10, 0.00003745790793990741}}, {1.4968023979845866*^-9, 
   0.9267057929933976}}}
{10, 32, {{{-0.5208674302472275, 0, -0.0025053943393563453, 
    0.0025053943393563297}, {0, 0.9873937307323133, 0.00042038068807288766, 
    0.00042038068807298003}, {-0.002505394339356323, 0.0004203806880728842, 
    -0.00001586198810208392, 0.00589180860876477}, 
   {0.0025053943393563392, 0.00042038068807295813, 0.005891808608764764, 
    -0.00001586198810227691}}, {{-0.5208674302472276, 0.0025053943393563644, 
    0, -0.0025053943393563405}, {0.0025053943393563175, 
    -0.00001586198810216155, 0.0004203806880728673, 0.005891808608764756}, 
   {0, 0.00042038068807287964, 0.9873937307323135, 0.00042038068807297895}, 
   {-0.002505394339356332, 0.005891808608764808, 0.0004203806880729348, 
    -0.00001586198810221706}}, {{-0.5208674302472273, -0.0025053943393563483, 
    0.002505394339356309, 0}, {-0.0025053943393562824, 
    -0.000015861988102179765, 0.005891808608764783, 0.00042038068807296377}, 
   {0.002505394339356297, 0.0058918086087646985, -0.000015861988102244817, 
    0.0004203806880729639}, {0, 0.00042038068807295857, 
    0.0004203806880727707, 0.9873937307323133}}}, 
 {{{0., 0.033823622473223805, 0.03382362247322379, 0.03382362247322383}, 
   {-0.033823622473223805, 0., -0.033821567283888326, 0.03382156728388813}, 
   {-0.03382362247322379, 0.033821567283888326, 0., -0.033821567283888146}, 
   {-0.03382362247322383, -0.03382156728388813, 0.033821567283888146, 0.}}, 
  {{0., 0.033823622473223784, 0.03382362247322378, 0.033823622473223874}, 
   {-0.033823622473223784, 0., -0.033821567283888215, 0.03382156728388831}, 
   {-0.03382362247322378, 0.033821567283888215, 0., -0.03382156728388834}, 
   {-0.033823622473223874, -0.03382156728388831, 0.03382156728388834, 0.}}}, 
 {0, 0}, {{-1.5217304401176683, -1.4971250624174155}, 
  {-6.297489789745305, -1.5463358178179223, -1.6024090770547303}, 
  {-1.5463350702825291, -1.5217296925822763}, {{2, 0.0040635121551020545}, 
   {3, 0.0016368210429841823}, {4, 0.0006604200540885757}, 
   {5, 0.0002666398924657809}, {6, 0.00010768291319981915}, 
   {7, 0.000043492644194523256}, {8, 0.00001756725798518488}, 
   {9, 7.095775827969941*^-6}}, {{2, 0.019985390888872544}, 
   {3, 0.00781788943993604}, {4, 0.003085554294658916}, 
   {5, 0.0012026913123556594}, {6, 0.00044675538700425293}, 
   {7, 0.0001421594544019795}, {8, 0.000019246789193038612}, 
   {9, 0.000030380976153461493}}, {1.4967951698390166*^-9, 
   0.9267064644162363}}}
