{17, 40, {{{-0.5169856098836237, 0, -0.004938576816259872, 
    0.004938576816259856}, {0, 0.9767429125539929, 0.0004317327381910233, 
    0.0004317327381909981}, {-0.004938576816259832, 0.0004317327381909374, 
    0.00043039381279915117, 0.011336129635580214}, 
   {0.004938576816259824, 0.00043173273819091225, 0.011336129635580196, 
    0.000430393812799139}}, {{-0.5169856098836237, 0.004938576816259869, 0, 
    -0.004938576816259855}, {0.004938576816259832, 0.00043039381279911994, 
    0.00043173273819093047, 0.011336129635580235}, 
   {0, 0.0004317327381910083, 0.9767429125539928, 0.0004317327381909709}, 
   {-0.004938576816259832, 0.011336129635580179, 0.00043173273819092933, 
    0.0004303938127991347}}, {{-0.5169856098836237, -0.004938576816259811, 
    0.0049385768162598116, 0}, {-0.004938576816259794, 0.0004303938127991104, 
    0.01133612963558021, 0.0004317327381909641}, 
   {0.004938576816259799, 0.011336129635580233, 0.0004303938127991347, 
    0.00043173273819098533}, {0, 0.0004317327381909203, 
    0.00043173273819090943, 0.9767429125539928}}}, 
 {{{0., 0.09508076805998919, 0.0950807680599892, 0.09508076805998955}, 
   {-0.09508076805998919, 0., -0.09073621300346554, 0.090736213003465}, 
   {-0.0950807680599892, 0.09073621300346554, 0., -0.09073621300346497}, 
   {-0.09508076805998955, -0.090736213003465, 0.09073621300346497, 0.}}, 
  {{0., 0.09508076805998922, 0.09508076805998918, 0.09508076805998966}, 
   {-0.09508076805998922, 0., -0.09073621300346514, 0.09073621300346553}, 
   {-0.09508076805998918, 0.09073621300346514, 0., -0.09073621300346553}, 
   {-0.09508076805998966, -0.09073621300346553, 0.09073621300346553, 0.}}}, 
 {0, 0}, {{-1.4761332599623014, -1.4102593715212721}, 
  {-6.294980883839046, -1.5420071484033313, -1.6054832935161918}, 
  {-1.540502150384495, -1.4746282619434656}, {{2, 0.00017868746852239825}, 
   {3, 0.00014493022350160756}, {4, 0.00011754698641396055}, 
   {5, 0.00009534182549814085}, {6, 0.00007733400427106796}, 
   {7, 0.00006272920334420007}, {8, 0.000050883734798459757}, 
   {9, 0.00004127587149720113}, {10, 0.00003348266875262407}, 
   {11, 0.00002716121484894196}, {12, 0.000022033456073239366}, 
   {13, 0.000017873909443841263}, {14, 0.00001449971009670481}, 
   {15, 0.000011762547399013501}, {16, 9.542129826428658*^-6}}, 
  {{2, 0.019431800308398653}, {3, 0.020117568093436403}, 
   {4, 0.020672106960659895}, {5, 0.021120830601418013}, 
   {6, 0.021484105357594686}, {7, 0.021778317864942585}, 
   {8, 0.02201667297388766}, {9, 0.022209824948909065}, 
   {10, 0.02236637892138805}, {11, 0.022493290775973025}, 
   {12, 0.022596187039090727}, {13, 0.02267962143172999}, 
   {14, 0.02274728106117853}, {15, 0.022802152424314066}, 
   {16, 0.022846655244638615}}, {5.580638574531292*^-7, 0.8683236133633051}}}
