{11, 40, {{{-0.5240764524501408, 0, -0.0004836589761575441, 
    0.0004836589761575348}, {0, 0.9974219509551157, 0.00010290001422301475, 
    0.00010290001422301877}, {-0.00048365897615751174, 
    0.00010290001422301242, -0.000030009420464740394, 0.0011688261586389544}, 
   {0.0004836589761575204, 0.00010290001422300001, 0.0011688261586389826, 
    -0.000030009420464520084}}, {{-0.5240764524501407, 0.0004836589761575321, 
    0, -0.00048365897615753326}, {0.0004836589761575054, 
    -0.00003000942046468922, 0.00010290001422301484, 0.0011688261586389763}, 
   {0, 0.00010290001422301874, 0.9974219509551159, 0.00010290001422301963}, 
   {-0.00048365897615752177, 0.0011688261586389754, 0.00010290001422299291, 
    -0.00003000942046463284}}, 
  {{-0.5240764524501409, -0.00048365897615748805, 0.000483658976157495, 0}, 
   {-0.0004836589761574434, -0.00003000942046479287, 0.0011688261586390411, 
    0.00010290001422300077}, {0.0004836589761574478, 0.001168826158639081, 
    -0.000030009420464743863, 0.00010290001422300643}, 
   {0, 0.00010290001422301936, 0.00010290001422302088, 0.9974219509551161}}}, 
 {{{0., 0.03006035842039933, 0.030060358420399343, 0.030060358420399474}, 
   {-0.03006035842039933, 0., -0.03075071530947057, 0.030750715309470385}, 
   {-0.030060358420399343, 0.03075071530947057, 0., -0.030750715309470354}, 
   {-0.030060358420399474, -0.030750715309470385, 0.030750715309470354, 0.}}, 
  {{0., 0.030060358420399322, 0.03006035842039931, 0.030060358420399502}, 
   {-0.030060358420399322, 0., -0.030750715309470465, 0.030750715309470555}, 
   {-0.03006035842039931, 0.030750715309470465, 0., -0.030750715309470572}, 
   {-0.030060358420399502, -0.030750715309470555, 0.030750715309470572, 
    0.}}}, {0, 0}, {{-1.563597698871553, -1.556308449340653}, 
  {-6.298392803672748, -1.5708869484024548, -1.578309453433919}, 
  {-1.5709706497269595, -1.5636814001960595}, {{2, 0.00006757665647312561}, 
   {3, 0.000053085960966238466}, {4, 0.00004170273753018733}, 
   {5, 0.000032760538155311714}, {6, 0.00002573586284927709}, 
   {7, 0.000020217498420328772}, {8, 0.000015882427129642468}, 
   {9, 0.000012476906763106421}, {10, 9.80161101918342*^-6}}, 
  {{2, 0.015085660460909001}, {3, 0.014177250372823075}, 
   {4, 0.013465898965084116}, {5, 0.012908474248952107}, 
   {6, 0.012471432451763978}, {7, 0.01212863013029997}, 
   {8, 0.011859657011483693}, {9, 0.011648557485732356}, 
   {10, 0.01148284527110989}}, {8.455345057015607*^-10, 0.9846310587541378}}}
