{3, 32, {{{-0.5244805442161143, 0, -0.0002401371334745559, 
    0.00024013713347453334}, {0, 0.9987015384590954, 0.00005802358443235029, 
    0.00005802358443254111}, {-0.0002401371334744979, 0.00005802358443265476, 
    -0.00002264385315387538, 0.0005813937598105964}, 
   {0.0002401371334745494, 0.000058023584432452394, 0.000581393759810598, 
    -0.000022643853153838517}}, 
  {{-0.5244805442161142, 0.00024013713347454906, 0, -0.0002401371334745331}, 
   {0.0002401371334745141, -0.00002264385315393089, 0.00005802358443266472, 
    0.0005813937598106685}, {0, 0.00005802358443235303, 0.9987015384590954, 
    0.00005802358443247062}, {-0.00024013713347455383, 0.0005813937598105143, 
    0.000058023584432519154, -0.00002264385315375872}}, 
  {{-0.5244805442161146, -0.00024013713347451494, 0.0002401371334745284, 0}, 
   {-0.0002401371334744638, -0.0000226438531539851, 0.0005813937598104972, 
    0.00005802358443245734}, {0.00024013713347446138, 0.0005813937598107978, 
    -0.00002264385315406403, 0.00005802358443252989}, 
   {0, 0.000058023584432535674, 0.00005802358443246712, 
    0.9987015384590956}}}, 
 {{{0., 0.021083957632436354, 0.02108395763243636, 0.021083957632436458}, 
   {-0.021083957632436354, 0., -0.02191250615179125, 0.021912506151790963}, 
   {-0.02108395763243636, 0.02191250615179125, 0., -0.021912506151790943}, 
   {-0.021083957632436458, -0.021912506151790963, 0.021912506151790943, 0.}}, 
  {{0., 0.021083957632436368, 0.021083957632436343, 0.021083957632436486}, 
   {-0.021083957632436368, 0., -0.021912506151791092, 0.021912506151791068}, 
   {-0.021083957632436343, 0.021912506151791092, 0., -0.021912506151791106}, 
   {-0.021083957632436486, -0.021912506151791068, 0.021912506151791106, 
    0.}}}, {0, 0}, {{-1.5690803304254302, -1.5654284818410287}, 
  {-6.298460776327315, -1.5727321790098303, -1.576498209153827}, 
  {-1.572803933416434, -1.5691520848320326}, {{2, 0.0000928306495027384}}, 
  {{2, 0.019648790179695765}}, {1.1070119426746347*^-10, 0.9922344770486028}}}
