{12, 32, {{{-0.5231340112237102, 0, -0.0010143129200851978, 
    0.0010143129200852008}, {0, 0.9948093077591889, 0.00011121608458128309, 
    0.00011121608458122823}, {-0.0010143129200851655, 0.00011121608458121793, 
    0.000051928929012970415, 0.0024551068597030946}, 
   {0.001014312920085191, 0.00011121608458117488, 0.0024551068597030734, 
    0.00005192892901295827}}, {{-0.5231340112237103, 0.0010143129200851971, 
    0, -0.0010143129200852045}, {0.0010143129200851629, 
    0.00005192892901292358, 0.0001112160845812118, 0.0024551068597031176}, 
   {0, 0.00011121608458128222, 0.9948093077591889, 0.00011121608458120893}, 
   {-0.0010143129200851871, 0.0024551068597030703, 0.00011121608458118502, 
    0.00005192892901306756}}, {{-0.5231340112237106, -0.0010143129200851668, 
    0.0010143129200851579, 0}, {-0.0010143129200851143, 
    0.00005192892901290623, 0.002455106859703107, 0.00011121608458117694}, 
   {0.0010143129200851195, 0.00245510685970315, 0.00005192892901281776, 
    0.00011121608458120395}, {0, 0.00011121608458122188, 
    0.00011121608458119474, 0.9948093077591892}}}, 
 {{{0., 0.044510184329944566, 0.04451018432994461, 0.04451018432994475}, 
   {-0.044510184329944566, 0., -0.042934709504373364, 0.042934709504373315}, 
   {-0.04451018432994461, 0.042934709504373364, 0., -0.04293470950437332}, 
   {-0.04451018432994475, -0.042934709504373315, 0.04293470950437332, 0.}}, 
  {{0., 0.04451018432994455, 0.04451018432994458, 0.044510184329944816}, 
   {-0.04451018432994455, 0., -0.04293470950437327, 0.042934709504373586}, 
   {-0.04451018432994458, 0.04293470950437327, 0., -0.04293470950437359}, 
   {-0.044510184329944816, -0.042934709504373586, 0.04293470950437359, 0.}}}, 
 {0, 0}, {{-1.5517804400967545, -1.536361659954009}, 
  {-6.298792680141364, -1.5671992202394982, -1.582197119831184}, 
  {-1.566926339995105, -1.5515075598523596}, {{2, 0.008041981928376317}, 
   {3, 0.00632545188850081}, {4, 0.004976684755471139}, 
   {5, 0.0039167998065348895}, {6, 0.0030836463606465567}, 
   {7, 0.0024284422811080564}, {8, 0.0019129546664290453}, 
   {9, 0.0015072249651053166}, {10, 0.001187768564865424}, 
   {11, 0.0009361631898205797}}, {{2, 0.6706521912611516}, 
   {3, 0.36985665265130374}, {4, 0.22393017147431937}, 
   {5, 0.13971041049084792}, {6, 0.08616462285430378}, 
   {7, 0.04999374580790139}, {8, 0.024546236274431605}, 
   {9, 0.006125559283225095}, {10, 0.007485964076324651}, 
   {11, 0.017697913963830997}}, {6.2639916897788465*^-9, 0.9692572096246312}}}
