{3, 20, {{{-0.5248734298693141, 0, -5.01417470233963*^-6, 
    5.014174702305309*^-6}, {0, 0.9999676816241778, 1.3185381481765065*^-6, 
    1.3185381488681699*^-6}, {-5.014174703098511*^-6, 1.3185381496316176*^-6, 
    1.0721886743725317*^-7, 0.00014954409076594686}, 
   {5.014174703300205*^-6, 1.3185381489142112*^-6, 0.00014954409075771223, 
    1.0721886524629742*^-7}}, {{-0.5248734298693135, 5.0141747027519*^-6, 0, 
    -5.014174702330824*^-6}, {5.014174702724913*^-6, 1.0721886091989707*^-7, 
    1.3185381496637303*^-6, 0.0001495440907657262}, 
   {0, 1.3185381481605111*^-6, 0.9999676816241785, 1.3185381491827905*^-6}, 
   {-5.014174703287832*^-6, 0.00014954409075773942, 1.31853814864085*^-6, 
    1.0721886675724157*^-7}}, {{-0.5248734298693137, -5.0141747028158555*^-6, 
    5.014174702456049*^-6, 0}, {-5.0141747025194134*^-6, 
    1.0721886854574147*^-7, 0.0001495440907648836, 1.3185381494660464*^-6}, 
   {5.0141747028748945*^-6, 0.000149544090763442, 1.0721886339881692*^-7, 
    1.3185381489919824*^-6}, {0, 1.3185381486576923*^-6, 
    1.3185381491884436*^-6, 0.9999676816241791}}}, 
 {{{0., 0.0033543627427702746, 0.003354362742770089, 0.0033543627427694463}, 
   {-0.0033543627427702746, 0., -0.0034436545604651786, 
    0.0034436545604656877}, {-0.003354362742770089, 0.0034436545604651786, 
    0., -0.003443654560465679}, {-0.0033543627427694463, 
    -0.0034436545604656877, 0.003443654560465679, 0.}}, 
  {{0., 0.0033543627427703223, 0.0033543627427700725, 0.003354362742769555}, 
   {-0.0033543627427703223, 0., -0.0034436545604646413, 
    0.0034436545604661266}, {-0.0033543627427700725, 0.0034436545604646413, 
    0., -0.003443654560465896}, {-0.003354362742769555, 
    -0.0034436545604661266, 0.003443654560465896, 0.}}}, {0, 0}, 
 {{-1.5745915358324813, -1.5745799159790863}, 
  {-0.787325236908913, -0.39367702664158627, 0.000014408187129777428}, 
  {-1.5746033103438413, -1.5745916904904462}, {{2, 0.000029698802736666512}}, 
  {{2, 0.0000892918176955749}}, {1.6676982781778934*^-15, 0.999806105411557}}}
