{80, 40, {{{-0.00019170711051281187, 0, -0.00005348695092769761, 
    0.000053486950927694385}, {0, 0.00028544145506546046, 
    6.619786562994567*^-6, 6.619786562995113*^-6}, 
   {-0.00005348695092769308, 6.619786562992535*^-6, -0.00004686715743272065, 
    0.00017846751505375808}, {0.00005348695092769941, 6.619786562994178*^-6, 
    0.00017846751505375954, -0.00004686715743271614}}, 
  {{-0.00019170711051280778, 0.00005348695092769345, 0, 
    -0.00005348695092769344}, {0.00005348695092769269, 
    -0.00004686715743271975, 6.619786562993627*^-6, 0.00017846751505375916}, 
   {0, 6.619786562993234*^-6, 0.00028544145506545927, 6.619786562996139*^-6}, 
   {-0.00005348695092769646, 0.00017846751505376006, 6.619786562991519*^-6, 
    -0.000046867157432715604}}, {{-0.00019170711051282486, 
    -0.000053486950927699894, 0.00005348695092769901, 0}, 
   {-0.000053486950927699345, -0.00004686715743272591, 0.0001784675150537777, 
    6.619786562994013*^-6}, {0.000053486950927702544, 0.0001784675150537761, 
    -0.000046867157432724176, 6.619786562992412*^-6}, 
   {0, 6.619786562994376*^-6, 6.619786562991391*^-6, 
    0.00028544145506548876}}}, 
 {{{0., 0.5773502324066451, 0.5773502324066453, 0.5773502324066464}, 
   {-0.5773502324066451, 0., -0.5773502202614085, 0.5773502202614074}, 
   {-0.5773502324066453, 0.5773502202614085, 0., -0.5773502202614073}, 
   {-0.5773502324066464, -0.5773502202614074, 0.5773502202614073, 0.}}, 
  {{0., 0.5773502324066447, 0.5773502324066448, 0.5773502324066471}, 
   {-0.5773502324066447, 0., -0.5773502202614093, 0.577350220261407}, 
   {-0.5773502324066448, 0.5773502202614093, 0., -0.5773502202614069}, 
   {-0.5773502324066471, -0.577350220261407, 0.5773502202614069, 0.}}}, 
 {0, 0}, {{-0.1800000889856847, 0.6399998587721233}, 
  {-5.64000002335964, -1.0000000367434927, -1.8199999749363274}, 
  {-1.0000000281186623, -0.18000008036085435}, {{2, 0.03261016112472152}, 
   {3, 0.02841585177238437}, {4, 0.025068577565092107}, 
   {5, 0.022386590469859177}, {6, 0.02021831290262291}, 
   {7, 0.0184475783078841}, {8, 0.016986892039707935}, 
   {9, 0.015770636041400665}, {10, 0.014749557758816645}, 
   {11, 0.01388651347073841}, {12, 0.013153304958577333}, 
   {13, 0.012528383143205646}, {14, 0.011995197471737162}, 
   {15, 0.011541012047005417}, {16, 0.011156056426934846}, 
   {17, 0.010978986320048234}, {18, 0.01136559119551428}, 
   {19, 0.011808921132190564}, {20, 0.012321095826005712}, 
   {21, 0.012917162474009536}, {22, 0.013616229501277721}, 
   {23, 0.014443063419042668}, {24, 0.015430411952420342}, 
   {25, 0.01662248560070645}, {26, 0.018080334288998023}, 
   {27, 0.01989042334084934}, {28, 0.022178804699177324}, 
   {29, 0.025135028512936808}, {30, 0.029033105305415807}, 
   {31, 0.034228660439451275}, {32, 0.03813043171448749}, 
   {33, 0.041827335628906726}, {34, 0.04418393539286808}, 
   {35, 0.04500937312334424}, {36, 0.0440330871779081}, 
   {37, 0.04157521006853587}, {38, 0.03809574933518145}, 
   {39, 0.03412409815664122}, {40, 0.03005852110517493}, 
   {41, 0.026167322241755026}, {42, 0.022592705907360178}, 
   {43, 0.019396167531580993}, {44, 0.016586530199455995}, 
   {45, 0.014145438358276419}, {46, 0.012040725827376655}, 
   {47, 0.01023559172502822}, {48, 0.008692929961522308}, 
   {49, 0.007377888751755338}, {50, 0.006258834478920852}, 
   {51, 0.005307737620851211}, {52, 0.004500092679329104}, 
   {53, 0.0038146901636067765}, {54, 0.0032332843022359475}, 
   {55, 0.0027402517760229533}, {56, 0.0023222540884647834}, 
   {57, 0.0019679290786843405}, {58, 0.001667612357405538}, 
   {59, 0.0014130928426635079}, {60, 0.0011973994576303564}, 
   {61, 0.0010146172236017255}, {62, 0.0008597292017734392}, 
   {63, 0.0007284813761538967}, {64, 0.0006172673541885972}, 
   {65, 0.0005230302248266892}, {66, 0.00044317910392118126}, 
   {67, 0.00037551825441626543}, {68, 0.0003181869194341276}, 
   {69, 0.00026960827918793553}, {70, 0.00022844616097594328}, 
   {71, 0.00019356833533160545}, {72, 0.0001640154012448442}, 
   {73, 0.00013897441322555896}, {74, 0.00011775652944409978}, 
   {75, 0.0000997780692454295}, {76, 0.00008454446071256639}, 
   {77, 0.0000716366378499258}, {78, 0.000060699513841068324}, 
   {79, 0.0000514322137124965}}, {{2, 0.8981940716403081}, 
   {3, 0.5006471151585171}, {4, 0.3085907771214514}, 
   {5, 0.19673594729647026}, {6, 0.1242594875105926}, 
   {7, 0.07394828153262642}, {8, 0.03731385848963735}, 
   {9, 0.009700435467816692}, {10, 0.011650983512426891}, 
   {11, 0.028474492317167525}, {12, 0.04191147882914065}, 
   {13, 0.052741375949994965}, {14, 0.061512376216004236}, 
   {15, 0.06861912872934753}, {16, 0.07435077514331628}, 
   {17, 0.07892160360767547}, {18, 0.0824910849679438}, 
   {19, 0.08517716076911282}, {20, 0.08706505774736373}, 
   {21, 0.08821298044752597}, {22, 0.08865546604117228}, 
   {23, 0.0884048028303887}, {24, 0.08745061364230025}, 
   {25, 0.0857574109365102}, {26, 0.08325956246512099}, 
   {27, 0.07985254938072724}, {28, 0.07537845708403487}, 
   {29, 0.06960239437926613}, {30, 0.06219456910175747}, 
   {31, 0.05274512594795712}, {32, 0.04343984827732121}, 
   {33, 0.03447041644597334}, {34, 0.026527601242587864}, 
   {35, 0.01987775381963803}, {36, 0.014655811538377583}, 
   {37, 0.010712244550340633}, {38, 0.007804693387404303}, 
   {39, 0.0056768032908151855}, {40, 0.004123452665449095}, 
   {41, 0.0029899885115374433}, {42, 0.002164228822566684}, 
   {43, 0.0015638167312011517}, {44, 0.0011283049197253312}, 
   {45, 0.0008130867322769996}, {46, 0.0005853755137302625}, 
   {47, 0.00042112867164011077}, {48, 0.00030280174398608563}, 
   {49, 0.00021763355755627327}, {50, 0.00015637404859309488}, 
   {51, 0.00011233351472276446}, {52, 0.00008068371288941524}, 
   {53, 0.00005794459911862561}, {54, 0.00004161064388780633}, 
   {55, 0.000029879283852858837}, {56, 0.000021454452785207}, 
   {57, 0.00001540463369959331}, {58, 0.000011060525030680172}, 
   {59, 7.941329672845511*^-6}, {60, 5.701718434219634*^-6}, 
   {61, 4.093688145990467*^-6}, {62, 2.9391462317727567*^-6}, 
   {63, 2.110210600732051*^-6}, {64, 1.515057416293873*^-6}, 
   {65, 1.0877558761487373*^-6}, {66, 7.809677613153871*^-7}, 
   {67, 5.607048176016858*^-7}, {68, 4.0256417107652*^-7}, 
   {69, 2.8902519293707977*^-7}, {70, 2.0750859989686764*^-7}, 
   {71, 1.4898288192968989*^-7}, {72, 1.0696373243713643*^-7}, 
   {73, 7.679565703277661*^-8}, {74, 5.513618637450259*^-8}, 
   {75, 3.958555637422478*^-8}, {76, 2.8420829985359375*^-8}, 
   {77, 2.040500680423388*^-8}, {78, 1.4649969392505326*^-8}, 
   {79, 1.0518085185342167*^-8}}, {0.037037018204561116, 
   5.408816893321181*^-22}}}
