{3, 28, {{{-0.5248753486985598, 0, 3.352954093443657*^-8, 
    -3.352954092918741*^-8}, {0, 0.999999817932178, -6.028259858532713*^-8, 
    -6.028259879111925*^-8}, {3.3529540918033825*^-8, -6.028259859677977*^-8, 
    7.412531235866104*^-8, 1.4683615032456393*^-7}, 
   {-3.3529540931807534*^-8, -6.02825984930731*^-8, 1.4683615041131625*^-7, 
    7.412531227279223*^-8}}, {{-0.52487534869856, -3.352954093179919*^-8, 0, 
    3.352954092886964*^-8}, {-3.3529540921806894*^-8, 7.412531234131381*^-8, 
    -6.028259858484926*^-8, 1.4683615024792556*^-7}, 
   {0, -6.028259858984652*^-8, 0.999999817932178, -6.028259872327169*^-8}, 
   {3.3529540931806885*^-8, 1.4683615047431264*^-7, -6.028259856004815*^-8, 
    7.412531224937347*^-8}}, {{-0.52487534869856, 3.35295409295732*^-8, 
    -3.3529540926794674*^-8, 0}, {3.352954091375144*^-8, 
    7.41253123187624*^-8, 1.4683615041735994*^-7, -6.028259849128685*^-8}, 
   {-3.352954090206263*^-8, 1.4683615016559475*^-7, 7.412531227712904*^-8, 
    -6.028259855744631*^-8}, {0, -6.028259878767052*^-8, 
    -6.028259872264604*^-8, 0.9999998179321781}}}, 
 {{{0., 0.00020995017201072715, 0.00020995017201072506, 
    0.00020995017201072764}, {-0.00020995017201072715, 0., 
    0.00007734208180105557, -0.0000773420818011601}, 
   {-0.00020995017201072506, -0.00007734208180105557, 0., 
    0.0000773420818011807}, {-0.00020995017201072764, 0.0000773420818011601, 
    -0.0000773420818011807, 0.}}, 
  {{0., 0.000209950172010729, 0.00020995017201072623, 0.000209950172010726}, 
   {-0.000209950172010729, 0., 0.00007734208180117372, 
    -0.0000773420818010954}, {-0.00020995017201072623, 
    -0.00007734208180117372, 0., 0.00007734208180110351}, 
   {-0.000209950172010726, 0.0000773420818010954, -0.00007734208180110351, 
    0.}}}, {0, 0}, {{-1.5746186187568694, -1.57461134586957}, 
  {-6.2988890339342225, -1.5746258916441693, -1.574818625322942}, 
  {-1.5746209155963669, -1.5746136427090676}, {{2, 3.3936618857774957*^-7}}, 
  {{2, 0.00114916901524742}}, {2.140401005221893*^-25, 0.9999989075935654}}}
