{3, 28, {{{-0.5248753591880584, 0, 2.877633676063719*^-8, 
    -2.8776336773977593*^-8}, {0, 0.999999837071929, -5.789691598675309*^-8, 
    -5.789691638806979*^-8}, {2.877633676011146*^-8, -5.7896916636373946*^-8, 
    7.080156621749878*^-8, 1.351843645269771*^-7}, 
   {-2.87763367777549*^-8, -5.789691620432675*^-8, 1.3518436454734472*^-7, 
    7.080156620622308*^-8}}, {{-0.5248753591880585, -2.877633676522521*^-8, 
    0, 2.8776336776340206*^-8}, {-2.877633675830004*^-8, 
    7.080156617933486*^-8, -5.7896916627509554*^-8, 1.351843645144125*^-7}, 
   {0, -5.789691598939932*^-8, 0.9999998370719291, -5.7896916372098495*^-8}, 
   {2.877633677710771*^-8, 1.3518436457147722*^-7, -5.789691622061958*^-8, 
    7.080156622096823*^-8}}, {{-0.5248753591880584, 2.8776336764032586*^-8, 
    -2.877633675584833*^-8, 0}, {2.8776336746860002*^-8, 
    7.080156620535571*^-8, 1.3518436448855185*^-7, -5.7896916208304095*^-8}, 
   {-2.877633674650199*^-8, 1.3518436457122517*^-7, 7.080156622096823*^-8, 
    -5.7896916224656734*^-8}, {0, -5.789691638274171*^-8, 
    -5.789691637628606*^-8, 0.999999837071929}}}, 
 {{{0., 0.00020271073496528323, 0.00020271073496528697, 
    0.0002027107349652853}, {-0.00020271073496528323, 0., 
    0.00006874851437321613, -0.00006874851437330072}, 
   {-0.00020271073496528697, -0.00006874851437321613, 0., 
    0.00006874851437326832}, {-0.0002027107349652853, 0.00006874851437330072, 
    -0.00006874851437326832, 0.}}, 
  {{0., 0.00020271073496528762, 0.00020271073496528738, 
    0.00020271073496528702}, {-0.00020271073496528762, 0., 
    0.00006874851437315171, -0.00006874851437329584}, 
   {-0.00020271073496528738, -0.00006874851437315171, 0., 
    0.00006874851437323163}, {-0.00020271073496528702, 
    0.00006874851437329584, -0.00006874851437323163, 0.}}}, {0, 0}, 
 {{-1.5746189221824687, -1.5746119000766243}, 
  {-6.298857615114092, -1.5746259442883122, -1.5748028632687339}, 
  {-1.5746212424761923, -1.574614220370348}, {{2, 3.4577218777293636*^-7}}, 
  {{2, 0.0010858369973541211}}, {1.0557957417968026*^-25, 
   0.9999990224319721}}}
