{5, 20, {{{-0.5246407780005613, 0, -0.00013108230971877827, 
    0.00013108230971891767}, {0, 0.9993545891351322, -4.964577633390547*^-6, 
    -4.964577633681952*^-6}, {-0.0001310823097191375, -4.964577633515573*^-6, 
    8.060624635403135*^-7, 0.0010637312346927707}, 
   {0.00013108230971848431, -4.964577633708121*^-6, 0.001063731234691219, 
    8.060624645312743*^-7}}, {{-0.5246407780005613, 0.00013108230971921203, 
    0, -0.00013108230971891903}, {0.00013108230971869297, 
    8.060624638911613*^-7, -4.964577633476389*^-6, 0.0010637312346919686}, 
   {0, -4.964577633366204*^-6, 0.9993545891351331, -4.964577633462456*^-6}, 
   {-0.00013108230971846087, 0.0010637312346921779, -4.964577633930227*^-6, 
    8.060624633655401*^-7}}, {{-0.5246407780005629, -0.00013108230971893347, 
    0.00013108230971867776, 0}, {-0.00013108230971878044, 
    8.060624631343882*^-7, 0.0010637312346926308, -4.964577633605785*^-6}, 
   {0.00013108230971904677, 0.0010637312346912554, 8.060624631101021*^-7, 
    -4.964577633738972*^-6}, {0, -4.9645776335873804*^-6, 
    -4.96457763347221*^-6, 0.9993545891351339}}}, 
 {{{0, 0.01662814043632288, 0.016628140436322915, 0.016628140436322818}, 
   {-0.01662814043632288, 0, -0.014723470855334198, 0.0147234708553346}, 
   {-0.016628140436322915, 0.014723470855334198, 0, -0.01472347085533451}, 
   {-0.016628140436322818, -0.0147234708553346, 0.01472347085533451, 0}}, 
  {{0, 0.016628140436322873, 0.01662814043632283, 0.01662814043632286}, 
   {-0.016628140436322873, 0, -0.014723470855334219, 0.014723470855334743}, 
   {-0.01662814043632283, 0.014723470855334219, 0, -0.014723470855334791}, 
   {-0.01662814043632286, -0.014723470855334743, 0.014723470855334791, 0}}}, 
 {0, 0}, {{-1.5679758357757545, -1.5622156789615336}, 
  {-6.298610751279924, -1.575858680398303, -1.5734466952416588}, 
  {-1.5734060941413845, -1.5676459373271636}, {{2, 0.0029329627967742775}, 
   {3, 0.0006416744752110477}, {4, 0.0002857198025658102}}, 
  {{2, 0.0020363841530869325}, {3, 0.0019282851359764268}, 
   {4, 0.0019046695809883524}}, {1.0187349504451585*^-11, 
   0.9961337777641828}}}
{5, 20, {{{-0.5246407780005613, 0, -0.0001310823097190784, 
    0.0001310823097186294}, {0, 0.9993545891351328, -4.964577633179685*^-6, 
    -4.964577633590287*^-6}, {-0.0001310823097188915, -4.964577633987436*^-6, 
    8.060624633152332*^-7, 0.0010637312346915989}, 
   {0.00013108230971857178, -4.964577633724468*^-6, 0.001063731234691873, 
    8.060624634427353*^-7}}, {{-0.5246407780005612, 0.0001310823097190636, 0, 
    -0.00013108230971861938}, {0.0001310823097188892, 8.060624633620707*^-7, 
    -4.964577634055073*^-6, 0.0010637312346931087}, 
   {0, -4.964577633186819*^-6, 0.9993545891351326, -4.96457763371665*^-6}, 
   {-0.00013108230971856758, 0.0010637312346907428, -4.964577633701358*^-6, 
    8.060624640039184*^-7}}, {{-0.5246407780005629, -0.0001310823097188369, 
    0.00013108230971907453, 0}, {-0.00013108230971896486, 
    8.060624637536845*^-7, 0.001063731234690187, -4.964577633747571*^-6}, 
   {0.0001310823097187923, 0.0010637312346935312, 8.06062463054591*^-7, 
    -4.964577633559173*^-6}, {0, -4.964577633615868*^-6, 
    -4.9645776337997045*^-6, 0.999354589135134}}}, 
 {{{0, 0.016628140436322818, 0.016628140436322807, 0.016628140436322887}, 
   {-0.016628140436322818, 0, -0.014723470855334663, 0.014723470855334205}, 
   {-0.016628140436322807, 0.014723470855334663, 0, -0.014723470855334422}, 
   {-0.016628140436322887, -0.014723470855334205, 0.014723470855334422, 0}}, 
  {{0, 0.016628140436322797, 0.016628140436322825, 0.016628140436322936}, 
   {-0.016628140436322797, 0, -0.01472347085533493, 0.014723470855334313}, 
   {-0.016628140436322825, 0.01472347085533493, 0, -0.014723470855334497}, 
   {-0.016628140436322936, -0.014723470855334313, 0.014723470855334497, 0}}}, 
 {0, 0}, {{-1.5679758357757538, -1.5622156789615338}, 
  {-6.2986107512799245, -1.5758586803983032, -1.573446695241659}, 
  {-1.5734060941413839, -1.5676459373271638}, {{2, 0.0029329627967746644}, 
   {3, 0.0006416744752118387}, {4, 0.0002857198025678577}}, 
  {{2, 0.002036384153086877}, {3, 0.0019282851359764379}, 
   {4, 0.0019046695809883396}}, {1.018734950445156*^-11, 0.9961337777641832}}}
