{3, 20, {{{0, 0, 0, 0}, {0, 0, 0, 0}, {0, 0, 0, 0}, {0, 0, 0, 0}}, 
  {{0, 0, 0, 0}, {0, 0, 0, 0}, {0, 0, 0, 0}, {0, 0, 0, 0}}, 
  {{0, 0, 0, 0}, {0, 0, 0, 0}, {0, 0, 0, 0}, {0, 0, 0, 0}}}, 
 {{{0., 0.5773502691896255, 0.5773502691896255, 0.577350269189626}, 
   {-0.5773502691896255, 0., -0.577350269189626, 0.5773502691896255}, 
   {-0.5773502691896255, 0.577350269189626, 0., -0.5773502691896257}, 
   {-0.577350269189626, -0.5773502691896255, 0.5773502691896257, 0.}}, 
  {{0., 0.5773502691896251, 0.577350269189626, 0.5773502691896262}, 
   {-0.5773502691896251, 0., -0.5773502691896262, 0.577350269189626}, 
   {-0.577350269189626, 0.5773502691896262, 0., -0.577350269189625}, 
   {-0.5773502691896262, -0.577350269189626, 0.577350269189625, 0.}}}, 
 {0, 0}, {{-0.9899999999999994, -0.9799999999999998}, 
  {-1.0049999999999972, -0.9999999999999998, 0.49750000000000116}, 
  {-0.9999999999999994, -0.9899999999999998}, {{2, 8.881784197001252*^-16}}, 
  {{2, 5.551115123125783*^-17}}, {0.03703703703703702, 0}}}
