{5, 40, {{{-0.5248084731048073, 0, -0.00003257126874629283, 
    0.00003257126874646897}, {0, 0.9998393100985934, -1.2323609738786277*^-6, 
    -1.232360974976792*^-6}, {-0.00003257126874628991, 
    -1.2323609747040158*^-6, 1.8803540325002584*^-7, 0.000264612848716891}, 
   {0.000032571268746210124, -1.2323609737454543*^-6, 0.0002646128487178645, 
    1.8803540053117206*^-7}}, {{-0.5248084731048074, 0.00003257126874629339, 
    0, -0.00003257126874646147}, {0.00003257126874627678, 
    1.880354033355694*^-7, -1.2323609745758854*^-6, 0.00026461284871635594}, 
   {0, -1.2323609738458882*^-6, 0.9998393100985925, -1.2323609744922525*^-6}, 
   {-0.00003257126874619846, 0.0002646128487179388, -1.232360974204411*^-6, 
    1.8803540145469547*^-7}}, {{-0.5248084731048096, -0.00003257126874625219, 
    0.00003257126874620258, 0}, {-0.000032571268746140464, 
    1.880354031425814*^-7, 0.0002646128487166409, -1.2323609734366252*^-6}, 
   {0.00003257126874612787, 0.00026461284871744176, 1.8803540266509877*^-7, 
    -1.2323609739437606*^-6}, {0, -1.2323609747411373*^-6, 
    -1.232360974341559*^-6, 0.9998393100985934}}}, 
 {{{0, 0.00830354973898463, 0.008303549738984622, 0.00830354973898493}, 
   {-0.00830354973898463, 0, -0.007351758236181583, 0.007351758236180355}, 
   {-0.008303549738984622, 0.007351758236181583, 0, -0.007351758236180287}, 
   {-0.00830354973898493, -0.007351758236180355, 0.007351758236180287, 0}}, 
  {{0, 0.008303549738984641, 0.008303549738984627, 0.00830354973898487}, 
   {-0.008303549738984641, 0, -0.00735175823618176, 0.0073517582361803885}, 
   {-0.008303549738984627, 0.00735175823618176, 0, -0.007351758236180497}, 
   {-0.00830354973898487, -0.0073517582361803885, 0.007351758236180497, 0}}}, 
 {0, 0}, {{-1.572941054860717, -1.5715028378576057}, 
  {-6.298430482090694, -1.5749079015938614, -1.5743073394514857}, 
  {-1.5742968443017733, -1.572858627298662}, {{2, 0.0014634092317745706}, 
   {3, 0.0003181498881160228}, {4, 0.00007075030029303275}}, 
  {{2, 0.0010198193135400775}, {3, 0.0009639339829273777}, 
   {4, 0.0009517915028039085}}, {1.5788733729109214*^-13, 
   0.9990362478272504}}}
