{4, 28, {{{-0.5243361658964908, 0, -0.0002958298131405477, 
    0.0002958298131406698}, {0, 0.9985684794055515, -0.000012531616148210312, 
    -0.000012531616148298324}, {-0.00029582981314047, 
    -0.000012531616148463389, 0.000061666209977941, 0.0017605901705396827}, 
   {0.0002958298131403935, -0.000012531616148425115, 0.0017605901705399231, 
    0.00006166620997801972}}, {{-0.5243361658964911, 0.00029582981314056, 0, 
    -0.0002958298131406689}, {0.0002958298131405527, 0.00006166620997840417, 
    -0.000012531616148457141, 0.0017605901705395604}, 
   {0, -0.000012531616148247292, 0.9985684794055518, 
    -0.000012531616148370112}, {-0.0002958298131404205, 
    0.0017605901705399602, -0.000012531616148264467, 
    0.00006166620997842998}}, {{-0.5243361658964955, -0.00029582981314049705, 
    0.0002958298131405375, 0}, {-0.00029582981314048686, 
    0.00006166620997762832, 0.0017605901705400114, -0.000012531616148366085}, 
   {0.0002958298131404318, 0.001760590170539976, 0.00006166620997746786, 
    -0.000012531616148303383}, {0, -0.000012531616148296967, 
    -0.000012531616148347632, 0.9985684794055523}}}, 
 {{{0, 0.024807485304947766, 0.02480748530494776, 0.02480748530494785}, 
   {-0.024807485304947766, 0, -0.02190673040786481, 0.021906730407864387}, 
   {-0.02480748530494776, 0.02190673040786481, 0, -0.021906730407864505}, 
   {-0.02480748530494785, -0.021906730407864387, 0.021906730407864505, 0}}, 
  {{0, 0.024807485304947755, 0.024807485304947734, 0.02480748530494787}, 
   {-0.024807485304947755, 0, -0.02190673040786473, 0.021906730407864554}, 
   {-0.024807485304947734, 0.02190673040786473, 0, -0.021906730407864547}, 
   {-0.02480748530494787, -0.021906730407864554, 0.021906730407864547, 0}}}, 
 {0, 0}, {{-1.559712590124402, -1.5468222426375464}, 
  {-6.298628129130561, -1.5773126895905718, -1.5720013749747088}, 
  {-1.5718492993819506, -1.558958951895095}, {{2, 0.004417062319758223}, 
   {3, 0.0009768800133972168}}, {{2, 0.0030536544433782753}, 
   {3, 0.0029007548970831996}}, {1.1052623648669679*^-10, 0.991441556593545}}}
