{3, 20, {{{-0.5248738746566659, 0, -4.4159766511546*^-6, 
    4.41597665060849*^-6}, {0, 0.9999633679584161, 2.698197991614789*^-6, 
    2.698197993080217*^-6}, {-4.415976650850974*^-6, 2.6981979911763343*^-6, 
    -2.1260109320068998*^-7, 0.00016660284372039746}, 
   {4.4159766508586216*^-6, 2.698197990241166*^-6, 0.0001666028437246303, 
    -2.1260109137229144*^-7}}, {{-0.5248738746566656, 4.415976650546216*^-6, 
    0, -4.41597665064627*^-6}, {4.4159766514332885*^-6, 
    -2.1260109359100277*^-7, 2.6981979912090603*^-6, 0.00016660284372230008}, 
   {0, 2.6981979915761474*^-6, 0.9999633679584172, 2.6981979914831356*^-6}, 
   {-4.4159766508172415*^-6, 0.0001666028437230441, 2.698197991767377*^-6, 
    -2.1260109553389306*^-7}}, 
  {{-0.5248738746566662, -4.4159766508023625*^-6, 4.415976651453823*^-6, 0}, 
   {-4.415976651019095*^-6, -2.1260109362916668*^-7, 0.00016660284371765457, 
    2.6981979908445143*^-6}, {4.41597665041664*^-6, 0.00016660284372503457, 
    -2.1260109375753622*^-7, 2.698197992643862*^-6}, 
   {0, 2.6981979928117584*^-6, 2.6981979909853953*^-6, 0.9999633679584164}}}, 
 {{{0., 0.0032780107122591193, 0.0032780107122590755, 0.0032780107122593657}, 
   {-0.0032780107122591193, 0., -0.00376875346860679, 0.0037687534686048014}, 
   {-0.0032780107122590755, 0.00376875346860679, 0., -0.00376875346860564}, 
   {-0.0032780107122593657, -0.0037687534686048014, 0.00376875346860564, 
    0.}}, {{0., 0.003278010712259122, 0.00327801071225906, 
    0.003278010712259208}, {-0.003278010712259122, 0., 
    -0.0037687534686058604, 0.003768753468604916}, 
   {-0.00327801071225906, 0.0037687534686058604, 0., -0.0037687534686053755}, 
   {-0.003278010712259208, -0.003768753468604916, 0.0037687534686053755, 
    0.}}}, {0, 0}, {{-1.5745848230656765, -1.574573467703474}, 
  {-0.7873252742816298, -0.39367824903696436, 0.000015611896149458904}, 
  {-1.5745970284192667, -1.5745856730570642}, {{2, 0.00003255435794863922}}, 
  {{2, 0.0004907427563464055}}, {2.8654073802954957*^-15, 
   0.9997802278781136}}}
