{8, 32, {{{-0.5238506788683905, 0, -0.0006357833952966205, 
    0.0006357833952966162}, {0, 0.9965946756819691, 0.00015459287966787278, 
    0.00015459287966776625}, {-0.0006357833952965974, 0.0001545928796679399, 
    -0.000059995884357226525, 0.0015286300406056029}, 
   {0.000635783395296624, 0.0001545928796679566, 0.0015286300406054188, 
    -0.000059995884357066064}}, {{-0.5238506788683905, 0.0006357833952966239, 
    0, -0.0006357833952966184}, {0.000635783395296591, 
    -0.000059995884357244306, 0.00015459287966793615, 0.001528630040605503}, 
   {0, 0.00015459287966787435, 0.9965946756819695, 0.00015459287966788812}, 
   {-0.0006357833952966205, 0.00152863004060556, 0.00015459287966783648, 
    -0.00005999588435712244}}, {{-0.5238506788683908, -0.0006357833952965904, 
    0.000635783395296594, 0}, {-0.0006357833952965379, 
    -0.00005999588435730719, 0.0015286300406056785, 0.0001545928796679697}, 
   {0.0006357833952965519, 0.001528630040605478, -0.000059995884357288976, 
    0.00015459287966784817}, {0, 0.00015459287966775772, 
    0.00015459287966787858, 0.9965946756819699}}}, 
 {{{0., 0.01705165279913498, 0.01705165279913498, 0.017051652799134995}, 
   {-0.01705165279913498, 0., -0.017755357524644813, 0.017755357524644737}, 
   {-0.01705165279913498, 0.017755357524644813, 0., -0.017755357524644726}, 
   {-0.017051652799134995, -0.017755357524644737, 0.017755357524644726, 0.}}, 
  {{0., 0.01705165279913498, 0.017051652799134988, 0.01705165279913502}, 
   {-0.01705165279913498, 0., -0.017755357524644723, 0.01775535752464486}, 
   {-0.017051652799134988, 0.017755357524644723, 0., -0.01775535752464482}, 
   {-0.01705165279913502, -0.01775535752464486, 0.01775535752464482, 0.}}}, 
 {0, 0}, {{-1.5605751164471684, -1.5540775640669207}, 
  {-6.298396803915956, -1.5670726688274166, -1.5821257331305616}, 
  {-1.5672067425846081, -1.5607091902043604}, {{2, 0.008160983591812072}, 
   {3, 0.0032123294253706414}, {4, 0.0012660414929278468}, 
   {5, 0.000499247493932764}, {6, 0.00019691651802618976}, 
   {7, 0.0000776761581648272}}, {{2, 0.11434031704006888}, 
   {3, 0.05333710409664551}, {4, 0.03256266376461786}, 
   {5, 0.02480377863207161}, {6, 0.02180697259633101}, 
   {7, 0.020634501939468516}}, {3.133116404369069*^-11, 0.979741209833092}}}
