{3, 28, {{{-0.5248754103045444, 0, 7.225998866623914*^-9, 
    -7.2259988725761024*^-9}, {0, 0.9999999155172898, 
    -4.2565654378697625*^-8, -4.2565654398167267*^-8}, 
   {7.225998856931275*^-9, -4.256565460841075*^-8, 5.089839837796317*^-8, 
    8.211012020574867*^-8}, {-7.225998871063197*^-9, -4.2565654533413064*^-8, 
    8.211012010216206*^-8, 5.089839819668457*^-8}}, 
  {{-0.5248754103045444, -7.225998860519759*^-9, 0, 7.225998872144216*^-9}, 
   {-7.2259988580084915*^-9, 5.089839833806453*^-8, -4.2565654605240233*^-8, 
    8.211012020906303*^-8}, {0, -4.256565438177015*^-8, 0.9999999155172901, 
    -4.256565442189833*^-8}, {7.225998869894941*^-9, 8.211012006574177*^-8, 
    -4.25656545166743*^-8, 5.0898398384902066*^-8}}, 
  {{-0.5248754103045444, 7.225998867726865*^-9, -7.225998864395596*^-9, 0}, 
   {7.225998857934963*^-9, 5.089839845168892*^-8, 8.211012013645853*^-8, 
    -4.256565452971064*^-8}, {-7.2259988568250574*^-9, 8.211012018003428*^-8, 
    5.0898398329390915*^-8, -4.256565451564436*^-8}, 
   {0, -4.2565654394949964*^-8, -4.256565442313807*^-8, 
    0.9999999155172902}}}, 
 {{{0., 0.00016289123016282624, 0.00016289123016282296, 
    0.00016289123016282388}, {-0.00016289123016282624, 0., 
    0.000021483906437747, -0.00002148390643758745}, 
   {-0.00016289123016282296, -0.000021483906437747, 0., 
    0.000021483906437523867}, {-0.00016289123016282388, 
    0.00002148390643758745, -0.000021483906437523867, 0.}}, 
  {{0., 0.0001628912301628214, 0.00016289123016282814, 
    0.00016289123016282518}, {-0.0001628912301628214, 0., 
    0.00002148390643755966, -0.000021483906437645213}, 
   {-0.00016289123016282814, -0.00002148390643755966, 0., 
    0.000021483906437588943}, {-0.00016289123016282518, 
    0.000021483906437645213, -0.000021483906437588943, 0.}}}, {0, 0}, 
 {{-1.5746205347678648, -1.5746148920501295}, 
  {-6.298716420527341, -1.574626177485601, -1.5747320327780694}, 
  {-1.5746229840145574, -1.574617341296822}, {{2, 1.7288608101200106*^-7}}, 
  {{2, 2.2637822357426307}}, {9.832852265847969*^-29, 0.9999994931038471}}}
