{9, 32, {{{-0.5221284150534324, 0, -0.00031382828771215775, 
    0.0003138282877120901}, {0, 0.9973906039213982, -0.001229485305494807, 
    -0.0012294853054945984}, {-0.0003138282877121725, -0.00122948530549484, 
    0.0014735285890052734, 0.0024414035238767727}, 
   {0.0003138282877122244, -0.001229485305494837, 0.0024414035238765016, 
    0.0014735285890052161}}, {{-0.5221284150534323, 0.00031382828771217715, 
    0, -0.0003138282877120928}, {0.0003138282877121603, 
    0.0014735285890053267, -0.0012294853054948419, 0.0024414035238764864}, 
   {0, -0.001229485305494813, 0.9973906039213978, -0.001229485305494493}, 
   {-0.00031382828771220404, 0.002441403523876915, -0.0012294853054951847, 
    0.001473528589005374}}, {{-0.5221284150534319, -0.00031382828771222583, 
    0.0003138282877121818, 0}, {-0.00031382828771208077, 
    0.0014735285890049125, 0.002441403523877293, -0.0012294853054948519}, 
   {0.000313828287712095, 0.0024414035238768954, 0.0014735285890047911, 
    -0.0012294853054952294}, {0, -0.0012294853054945795, 
    -0.0012294853054944208, 0.997390603921396}}}, 
 {{{0., 0.055908817156199615, 0.05590881715619961, 0.05590881715619982}, 
   {-0.055908817156199615, 0., -0.010414196335185092, 0.010414196335185533}, 
   {-0.05590881715619961, 0.010414196335185092, 0., -0.010414196335185259}, 
   {-0.05590881715619982, -0.010414196335185533, 0.010414196335185259, 0.}}, 
  {{0., 0.05590881715619961, 0.05590881715619955, 0.05590881715619998}, 
   {-0.05590881715619961, 0., -0.010414196335185123, 0.010414196335185182}, 
   {-0.05590881715619955, 0.010414196335185123, 0., -0.010414196335184877}, 
   {-0.05590881715619998, -0.010414196335185182, 0.010414196335184877, 0.}}}, 
 {0, 0}, {{-1.5619916219608496, -1.5523079307702878}, 
  {-6.300189845485735, -1.5716753131514105, -1.578419609591457}, 
  {-1.5677353634147573, -1.5580516722241955}, {{2, 0.011056580842553626}, 
   {3, 0.008654426040673971}, {4, 0.006776968497971075}, 
   {5, 0.005309496458797594}, {6, 0.0041619086036507325}, 
   {7, 0.003263883773664815}, {8, 0.0025606718675448698}}, 
  {{2, 0.2949574661226243}, {3, 0.34716850822832923}, 
   {4, 0.3724595917534814}, {5, 0.38702662767335766}, 
   {6, 0.3962672269171429}, {7, 0.4024943807254289}, 
   {8, 0.40686445479529915}}, {1.275717655652557*^-12, 0.9844454030966718}}}
