{12, 32, {{{-0.5113916146303716, 0, -0.009288716875670322, 
    0.009288716875670303}, {0, 0.9569576259885333, 0.0015992321274853802, 
    0.0015992321274853993}, {-0.00928871687567028, 0.0015992321274853148, 
    0.00012706789132097777, 0.020721782433407325}, 
   {0.009288716875670296, 0.0015992321274853091, 0.020721782433407266, 
    0.00012706789132094134}}, {{-0.5113916146303719, 0.009288716875670327, 0, 
    -0.009288716875670303}, {0.009288716875670273, 0.00012706789132098167, 
    0.001599232127485307, 0.020721782433407325}, {0, 0.0015992321274853998, 
    0.9569576259885331, 0.0015992321274853776}, {-0.009288716875670287, 
    0.02072178243340725, 0.001599232127485297, 0.0001270678913209422}}, 
  {{-0.5113916146303717, -0.00928871687567026, 0.009288716875670245, 0}, 
   {-0.00928871687567023, 0.00012706789132094568, 0.020721782433407377, 
    0.001599232127485368}, {0.009288716875670231, 0.020721782433407353, 
    0.0001270678913209422, 0.0015992321274853755}, 
   {0, 0.0015992321274852948, 0.001599232127485307, 0.9569576259885331}}}, 
 {{{0., 0.06234990222874781, 0.062349902228747825, 0.06234990222874788}, 
   {-0.06234990222874781, 0., -0.06282839605157, 0.0628283960515697}, 
   {-0.062349902228747825, 0.06282839605157, 0., -0.0628283960515697}, 
   {-0.06234990222874788, -0.0628283960515697, 0.0628283960515697, 0.}}, 
  {{0., 0.062349902228747825, 0.06234990222874781, 0.06234990222874798}, 
   {-0.062349902228747825, 0., -0.06282839605156978, 0.06282839605157003}, 
   {-0.06234990222874781, 0.06282839605156978, 0., -0.06282839605157005}, 
   {-0.06234990222874798, -0.06282839605157003, 0.06282839605157005, 0.}}}, 
 {0, 0}, {{-1.399887880489887, -1.3199729135946023}, 
  {-6.286944822358015, -1.4798028473851734, -1.663669563793834}, 
  {-1.4801094943617004, -1.4001945274664156}, {{2, 0.030527951729230465}, 
   {3, 0.012919465773299096}, {4, 0.005600987366259691}, 
   {5, 0.002456052211666518}, {6, 0.0010825901897880963}, 
   {7, 0.00047829825474209053}, {8, 0.0002115348090094421}, 
   {9, 0.00009359738982432642}, {10, 0.00004142225394528076}, 
   {11, 0.000018333387777055843}}, {{2, 0.10041839575641598}, 
   {3, 0.040401688866884736}, {4, 0.018996929840694822}, 
   {5, 0.010339689799687583}, {6, 0.0066542486892851044}, 
   {7, 0.005050593197326429}, {8, 0.004346091793625804}, 
   {9, 0.004035294238785709}, {10, 0.0038979283654201253}, 
   {11, 0.0038371657830876607}}, {6.150859919073326*^-8, 0.76799120414183}}}
