{13, 32, {{{-0.5113898683401724, 0, -0.009289532255464448, 
    0.009289532255464413}, {0, 0.9569553566316128, 0.0015985761266249848, 
    0.0015985761266250399}, {-0.009289532255464392, 0.00159857612662497, 
    0.00012793010925344446, 0.020723530920150154}, 
   {0.009289532255464418, 0.0015985761266249098, 0.020723530920150106, 
    0.00012793010925345096}}, {{-0.5113898683401723, 0.009289532255464437, 0, 
    -0.009289532255464411}, {0.00928953225546441, 0.000127930109253431, 
    0.0015985761266249805, 0.020723530920150186}, 
   {0, 0.001598576126624964, 0.9569553566316131, 0.001598576126625003}, 
   {-0.00928953225546442, 0.020723530920150092, 0.0015985761266249466, 
    0.0001279301092534657}}, {{-0.5113898683401723, -0.009289532255464392, 
    0.0092895322554644, 0}, {-0.009289532255464358, 0.00012793010925338504, 
    0.02072353092015016, 0.0015985761266249887}, 
   {0.009289532255464347, 0.020723530920150196, 0.00012793010925335468, 
    0.001598576126625007}, {0, 0.0015985761266249176, 0.001598576126624905, 
    0.956955356631613}}}, 
 {{{0., 0.06235395954626209, 0.06235395954626208, 0.06235395954626212}, 
   {-0.06235395954626209, 0., -0.06282913141662602, 0.06282913141662577}, 
   {-0.06235395954626208, 0.06282913141662602, 0., -0.06282913141662577}, 
   {-0.06235395954626212, -0.06282913141662577, 0.06282913141662577, 0.}}, 
  {{0., 0.062353959546262064, 0.062353959546262085, 0.062353959546262216}, 
   {-0.062353959546262064, 0., -0.06282913141662583, 0.06282913141662609}, 
   {-0.062353959546262085, 0.06282913141662583, 0., -0.06282913141662609}, 
   {-0.062353959546262216, -0.06282913141662609, 0.06282913141662609, 0.}}}, 
 {0, 0}, {{-1.399875703088538, -1.319955535857993}, 
  {-6.286933904324058, -1.4797958703190803, -1.6636710818429485}, 
  {-1.4801003883931463, -1.4001802211626013}, {{2, 0.030527951729230465}, 
   {3, 0.012919465773299096}, {4, 0.005600987366259691}, 
   {5, 0.002456052211666518}, {6, 0.0010825901897880824}, 
   {7, 0.0004782982547421044}, {8, 0.00021153480900942823}, 
   {9, 0.00009359738982428478}, {10, 0.00004142225394530852}, 
   {11, 0.0000183333877770836}, {12, 8.114635028561024*^-6}}, 
  {{2, 0.10041839575641598}, {3, 0.0404016888668847}, 
   {4, 0.0189969298406948}, {5, 0.010339689799687603}, 
   {6, 0.006654248689285111}, {7, 0.005050593197326389}, 
   {8, 0.004346091793625804}, {9, 0.004035294238785706}, 
   {10, 0.003897928365420028}, {11, 0.0038371657830874656}, 
   {12, 0.003810278239117095}}, {6.151291882333831*^-8, 0.7679802767876367}}}
