{3, 28, {{{-0.5201660608262542, 0, -0.0023378309839101165, 
    0.002337830983910097}, {0, 0.9892371591304632, -0.0005340986976292427, 
    -0.0005340986976292734}, {-0.00233783098391009, -0.000534098697629331, 
    0.0009874461503615933, 0.005838925590426297}, 
   {0.0023378309839101096, -0.0005340986976292771, 0.005838925590426331, 
    0.000987446150361752}}, {{-0.520166060826254, 0.0023378309839101035, 0, 
    -0.002337830983910093}, {0.0023378309839100805, 0.0009874461503616237, 
    -0.0005340986976293252, 0.005838925590426307}, 
   {0, -0.0005340986976292314, 0.9892371591304636, -0.0005340986976293041}, 
   {-0.002337830983910096, 0.005838925590426288, -0.0005340986976292684, 
    0.0009874461503618093}}, {{-0.520166060826254, -0.002337830983910094, 
    0.0023378309839100922, 0}, {-0.0023378309839100575, 0.000987446150361621, 
    0.005838925590426367, -0.0005340986976292509}, 
   {0.002337830983910053, 0.005838925590426354, 0.000987446150361615, 
    -0.0005340986976292495}, {0, -0.0005340986976293229, 
    -0.0005340986976293468, 0.9892371591304637}}}, 
 {{{0., 0.03667148488204259, 0.03667148488204259, 0.03667148488204262}, 
   {-0.03667148488204259, 0., -0.02888476308717803, 0.028884763087178036}, 
   {-0.03667148488204259, 0.02888476308717803, 0., -0.028884763087178043}, 
   {-0.03667148488204262, -0.028884763087178036, 0.028884763087178043, 0.}}, 
  {{0., 0.03667148488204257, 0.036671484882042596, 0.03667148488204269}, 
   {-0.03667148488204257, 0., -0.02888476308717798, 0.028884763087178196}, 
   {-0.036671484882042596, 0.02888476308717798, 0., -0.028884763087178193}, 
   {-0.03667148488204269, -0.028884763087178196, 0.028884763087178193, 0.}}}, 
 {0, 0}, {{-1.5223304322720272, -1.4969236822701502}, 
  {-6.29760006997128, -1.547737182273904, -1.601062852711736}, 
  {-1.545039782719282, -1.519633032717405}, {{2, 0.0002067282315210972}}, 
  {{2, 0.1061686187498444}}, {5.80781613398608*^-10, 0.9371358012714891}}}
