{3, 28, {{{-0.5237242410781175, 0, -0.0005417913179103713, 
    0.0005417913179103463}, {0, 0.9973817907425019, -0.00013266149635546713, 
    -0.00013266149635540983}, {-0.0005417913179103246, 
    -0.00013266149635541522, 0.00023755457398467843, 0.0014123193953273928}, 
   {0.0005417913179103805, -0.00013266149635556189, 0.0014123193953274233, 
    0.00023755457398476343}}, {{-0.5237242410781178, 0.0005417913179103534, 
    0, -0.0005417913179103378}, {0.0005417913179103167, 
    0.00023755457398473394, -0.00013266149635540029, 0.0014123193953273863}, 
   {0, -0.00013266149635546252, 0.997381790742502, -0.0001326614963554316}, 
   {-0.0005417913179103649, 0.001412319395327378, -0.00013266149635556264, 
    0.00023755457398474955}}, {{-0.523724241078118, -0.0005417913179103346, 
    0.0005417913179103338, 0}, {-0.0005417913179102836, 
    0.00023755457398460817, 0.001412319395327397, -0.00013266149635554904}, 
   {0.0005417913179102882, 0.0014123193953273687, 0.00023755457398458302, 
    -0.00013266149635555733}, {0, -0.00013266149635542829, 
    -0.0001326614963554596, 0.9973817907425022}}}, 
 {{{0., 0.018112949614764152, 0.018112949614764152, 0.01811294961476418}, 
   {-0.018112949614764152, 0., -0.014228532723161698, 0.014228532723161581}, 
   {-0.018112949614764152, 0.014228532723161698, 0., -0.014228532723161573}, 
   {-0.01811294961476418, -0.014228532723161581, 0.014228532723161573, 0.}}, 
  {{0., 0.018112949614764152, 0.018112949614764152, 0.01811294961476419}, 
   {-0.018112949614764152, 0., -0.014228532723161654, 0.014228532723161661}, 
   {-0.018112949614764152, 0.014228532723161654, 0., -0.014228532723161682}, 
   {-0.01811294961476419, -0.014228532723161661, 0.014228532723161682, 0.}}}, 
 {0, 0}, {{-1.5617687912949518, -1.5554942814934114}, 
  {-6.298436264789585, -1.5680433010964938, -1.5811748312982985}, 
  {-1.5673705003550897, -1.5610959905535493}, {{2, 0.00010417983912862361}}, 
  {{2, 0.10722761820184908}}, {8.297756803754648*^-12, 0.9843932114973629}}}
