{10, 32, {{{-0.5244426398060542, 0, -0.00026157962305863166, 
    0.0002615796230586411}, {0, 0.9985917604807667, 0.000059563176942326594, 
    0.000059563176942316646}, {-0.0002615796230586154, 
    0.00005956317694234562, -0.000020705548371721064, 0.0006338934099645796}, 
   {0.0002615796230586347, 0.000059563176942319004, 0.0006338934099645093, 
    -0.000020705548371663385}}, {{-0.5244426398060541, 0.0002615796230586278, 
    0, -0.00026157962305863947}, {0.00026157962305861366, 
    -0.000020705548371778744, 0.00005956317694234337, 0.000633893409964471}, 
   {0, 0.00005956317694232806, 0.9985917604807668, 0.000059563176942401946}, 
   {-0.0002615796230586415, 0.0006338934099645956, 0.0000595631769422219, 
    -0.00002070554837169114}}, {{-0.5244426398060542, -0.0002615796230585772, 
    0.0002615796230585988, 0}, {-0.00026157962305854764, 
    -0.000020705548371947012, 0.0006338934099646926, 0.00005956317694231872}, 
   {0.0002615796230585567, 0.0006338934099645349, -0.000020705548372024207, 
    0.000059563176942232376}, {0, 0.000059563176942301576, 
    0.00005956317694239282, 0.9985917604807675}}}, 
 {{{0., 0.011042515104896952, 0.011042515104896948, 0.011042515104896952}, 
   {-0.011042515104896952, 0., -0.011386626429486072, 0.011386626429485933}, 
   {-0.011042515104896948, 0.011386626429486072, 0., -0.01138662642948593}, 
   {-0.011042515104896952, -0.011386626429485933, 0.01138662642948593, 0.}}, 
  {{0., 0.011042515104896958, 0.011042515104896955, 0.011042515104896976}, 
   {-0.011042515104896958, 0., -0.011386626429486051, 0.011386626429486}, 
   {-0.011042515104896955, 0.011386626429486051, 0., -0.011386626429486006}, 
   {-0.011042515104896976, -0.011386626429486, 0.011386626429486006, 0.}}}, 
 {0, 0}, {{-1.5687621882817364, -1.5660462682786225}, 
  {-6.298436429127205, -1.5714781082848508, -1.5777401062787515}, 
  {-1.5715204255839834, -1.5688045055808695}, {{2, 0.005268889899791074}, 
   {3, 0.002067213030171794}, {4, 0.000811473938905391}, 
   {5, 0.000318611097293163}, {6, 0.00012510847844998327}, 
   {7, 0.00004912791447220233}, {8, 0.000019291950115435386}, 
   {9, 7.575762977558853*^-6}}, {{2, 0.10890122486509098}, 
   {3, 0.048475762266220725}, {4, 0.027937686461977362}, 
   {5, 0.02029252348890296}, {6, 0.017351391140295096}, 
   {7, 0.016205637639018687}, {8, 0.01575711664387319}, 
   {9, 0.015581202349292736}}, {2.1795680636962783*^-12, 0.9915802541670328}}}
