{9, 32, {{{-0.5244477389251441, 0, -0.0002547309483650295, 
    0.00025473094836503363}, {0, 0.998637722523644, 0.00005154700436249207, 
    0.00005154700436246686}, {-0.00025473094836500035, 
    0.00005154700436252828, -0.000013181721019443933, 0.0006189424372760931}, 
   {0.00025473094836504697, 0.00005154700436246236, 0.0006189424372760228, 
    -0.000013181721019320768}}, {{-0.524447738925144, 0.0002547309483650358, 
    0, -0.0002547309483650304}, {0.00025473094836500046, 
    -0.000013181721019458244, 0.00005154700436253914, 0.0006189424372760871}, 
   {0, 0.000051547004362498155, 0.9986377225236444, 0.000051547004362468394}, 
   {-0.00025473094836504686, 0.0006189424372760444, 0.00005154700436246092, 
    -0.00001318172101935633}}, {{-0.5244477389251442, -0.0002547309483649943, 
    0.00025473094836500436, 0}, {-0.0002547309483649459, 
    -0.000013181721019772663, 0.0006189424372761263, 
    0.000051547004362469085}, {0.00025473094836496235, 0.0006189424372762101, 
    -0.000013181721019744908, 0.000051547004362469126}, 
   {0, 0.000051547004362457145, 0.000051547004362474194, 
    0.998637722523645}}}, 
 {{{0., 0.010976463023259749, 0.010976463023259752, 0.01097646302325975}, 
   {-0.010976463023259749, 0., -0.011156150252486837, 0.01115615025248672}, 
   {-0.010976463023259752, 0.011156150252486837, 0., -0.011156150252486709}, 
   {-0.01097646302325975, -0.01115615025248672, 0.011156150252486709, 0.}}, 
  {{0., 0.01097646302325975, 0.010976463023259752, 0.010976463023259775}, 
   {-0.01097646302325975, 0., -0.011156150252486766, 0.011156150252486799}, 
   {-0.010976463023259752, 0.011156150252486766, 0., -0.01115615025248673}, 
   {-0.010976463023259775, -0.011156150252486799, 0.01115615025248673, 0.}}}, 
 {0, 0}, {{-1.5688996841400287, -1.566238033309912}, 
  {-6.298438562319881, -1.5715613349701454, -1.5776579461897953}, 
  {-1.5715831208888793, -1.5689214700587626}, {{2, 0.005238855665631972}, 
   {3, 0.002055294333804948}, {4, 0.0008067372935158627}, 
   {5, 0.0003167276908301181}, {6, 0.0001243595009722473}, 
   {7, 0.00004883008200442379}, {8, 0.00001917352989886864}}, 
  {{2, 0.09994806664668018}, {3, 0.04041701811579794}, 
   {4, 0.020183750554528798}, {5, 0.012652495254245355}, 
   {6, 0.009755381631654349}, {7, 0.008626858222583321}, 
   {8, 0.008185115225470978}}, {1.927907214852828*^-12, 0.9918541216300488}}}
