{10, 32, {{{-0.524447448893467, 0, -0.00025481995596041, 
    0.0002548199559604166}, {0, 0.9986374668791317, 0.00005141248689295418, 
    0.00005141248689273078}, {-0.0002548199559603536, 0.00005141248689281426, 
    -0.000013020964302342276, 0.0006191965252289605}, 
   {0.0002548199559603967, 0.00005141248689272682, 0.0006191965252289346, 
    -0.000013020964302413833}}, {{-0.5244474488934671, 0.0002548199559604113, 
    0, -0.0002548199559604159}, {0.00025481995596036153, 
    -0.000013020964302466308, 0.0000514124868928123, 0.0006191965252288565}, 
   {0, 0.00005141248689295468, 0.9986374668791318, 0.0000514124868928468}, 
   {-0.0002548199559603934, 0.0006191965252290565, 0.00005141248689260393, 
    -0.00001302096430216837}}, {{-0.5244474488934672, -0.0002548199559603987, 
    0.0002548199559603832, 0}, {-0.0002548199559603304, 
    -0.000013020964302517049, 0.0006191965252289988, 0.00005141248689273299}, 
   {0.00025481995596031307, 0.000619196525228929, -0.000013020964302695726, 
    0.00005141248689261371}, {0, 0.00005141248689273262, 
    0.00005141248689284817, 0.9986374668791322}}}, 
 {{{0., 0.01098022736563238, 0.010980227365632384, 0.010980227365632384}, 
   {-0.01098022736563238, 0., -0.01115617172790516, 0.011156171727905029}, 
   {-0.010980227365632384, 0.01115617172790516, 0., -0.011156171727905034}, 
   {-0.010980227365632384, -0.011156171727905029, 0.011156171727905034, 0.}}, 
  {{0., 0.010980227365632377, 0.010980227365632386, 0.010980227365632407}, 
   {-0.010980227365632377, 0., -0.011156171727905123, 0.011156171727905088}, 
   {-0.010980227365632386, 0.011156171727905123, 0., -0.011156171727905125}, 
   {-0.010980227365632407, -0.011156171727905088, 0.011156171727905125, 
    0.}}}, {0, 0}, {{-1.5688977481669562, -1.5662351845323261}, 
  {-6.298437012135231, -1.571560311801588, -1.5776581942660277}, 
  {-1.5715816439218202, -1.5689190802871902}, {{2, 0.005238855665631981}, 
   {3, 0.0020552943338049447}, {4, 0.0008067372935158801}, 
   {5, 0.0003167276908301077}, {6, 0.00012435950097223342}, 
   {7, 0.0000488300820044342}, {8, 0.00001917352989886517}, 
   {9, 7.528684745294889*^-6}}, {{2, 0.09994806664668011}, 
   {3, 0.040417018115797815}, {4, 0.020183750554528722}, 
   {5, 0.012652495254245399}, {6, 0.009755381631654476}, 
   {7, 0.008626858222583592}, {8, 0.008185115225471317}, 
   {9, 0.008011872450993338}}, {1.9279294821111158*^-12, 0.9918525981832842}}}
