{6, 32, {{{-0.5248623002681199, 0, -5.082873779255015*^-6, 
    5.0828737792544164*^-6}, {0, 0.9999722590936866, 1.2862859252766905*^-6, 
    1.2862859272101778*^-6}, {-5.082873779238801*^-6, 1.28628592781531*^-6, 
    -5.469210016301358*^-7, 0.00001234554103864126}, 
   {5.082873779250675*^-6, 1.2862859272867284*^-6, 0.000012345541037189532, 
    -5.469210023261936*^-7}}, {{-0.5248623002681204, 5.08287377925852*^-6, 0, 
    -5.0828737792550915*^-6}, {5.0828737792382085*^-6, 
    -5.469210013842388*^-7, 1.2862859278194167*^-6, 0.000012345541038371678}, 
   {0, 1.2862859252850246*^-6, 0.9999722590936866, 1.2862859275170253*^-6}, 
   {-5.0828737792468025*^-6, 0.000012345541037535096, 1.286285926983134*^-6, 
    -5.469210015152104*^-7}}, {{-0.5248623002681202, -5.0828737792186*^-6, 
    5.082873779223746*^-6, 0}, {-5.082873779161404*^-6, 
    -5.469210010130079*^-7, 0.0000123455410378417, 1.286285927273899*^-6}, 
   {5.082873779164851*^-6, 0.000012345541037328208, -5.469210012654102*^-7, 
    1.2862859269657017*^-6}, {0, 1.2862859272082665*^-6, 
    1.2862859275085511*^-6, 0.999972259093685}}}, 
 {{{0., 0.0015340569029783312, 0.001534056902978333, 0.0015340569029783343}, 
   {-0.0015340569029783312, 0., -0.0016036569161158203, 
    0.0016036569161161061}, {-0.001534056902978333, 0.0016036569161158203, 
    0., -0.0016036569161160044}, {-0.0015340569029783343, 
    -0.0016036569161161061, 0.0016036569161160044, 0.}}, 
  {{0., 0.0015340569029783512, 0.0015340569029783382, 0.00153405690297834}, 
   {-0.0015340569029783512, 0., -0.0016036569161154966, 
    0.0016036569161160302}, {-0.0015340569029783382, 0.0016036569161154966, 
    0., -0.001603656916115975}, {-0.00153405690297834, 
    -0.0016036569161160302, 0.001603656916115975, 0.}}}, {0, 0}, 
 {{-1.5744971390384528, -1.5744439977485012}, 
  {-6.298447552530424, -1.574550280328407, -1.5746734959368052}, 
  {-1.5745514858359957, -1.574498344546044}, {{2, 0.0007376816572513497}, 
   {3, 0.0002887856968129764}, {4, 0.00011305419083201687}, 
   {5, 0.00004425878745840939}}, {{2, 0.1116042632740161}, 
   {3, 0.05093034463929309}, {4, 0.030334437147676988}, 
   {5, 0.02268495158244801}}, {1.7008607904363794*^-17, 0.9998335661050577}}}
