{12, 40, {{{-0.5238017644028057, 0, -0.0006431718413303692, 
    0.0006431718413303433}, {0, 0.9966138851719668, 0.00011727095436380754, 
    0.00011727095436372774}, {-0.0006431718413303369, 0.00011727095436371408, 
    -0.00001838240638916879, 0.0015544361118903292}, 
   {0.0006431718413303575, 0.00011727095436367998, 0.0015544361118903231, 
    -0.00001838240638906948}}, {{-0.5238017644028055, 0.0006431718413303691, 
    0, -0.0006431718413303443}, {0.0006431718413303492, 
    -0.000018382406389121086, 0.00011727095436371278, 0.001554436111890338}, 
   {0, 0.00011727095436380987, 0.9966138851719667, 0.00011727095436372583}, 
   {-0.0006431718413303615, 0.0015544361118903158, 0.00011727095436368879, 
    -0.000018382406388933736}}, 
  {{-0.5238017644028057, -0.0006431718413303324, 0.0006431718413303282, 0}, 
   {-0.0006431718413302843, -0.000018382406389288054, 0.0015544361118903754, 
    0.00011727095436370427}, {0.0006431718413302713, 0.001554436111890419, 
    -0.000018382406389266803, 0.00011727095436371197}, 
   {0, 0.00011727095436371492, 0.00011727095436371972, 0.9966138851719671}}}, 
 {{{0., 0.0348864512253092, 0.03488645122530919, 0.03488645122530937}, 
   {-0.0348864512253092, 0., -0.03508169201554368, 0.03508169201554349}, 
   {-0.03488645122530919, 0.03508169201554368, 0., -0.035081692015543474}, 
   {-0.03488645122530937, -0.03508169201554349, 0.035081692015543474, 0.}}, 
  {{0., 0.0348864512253092, 0.03488645122530917, 0.034886451225309416}, 
   {-0.0348864512253092, 0., -0.03508169201554357, 0.03508169201554369}, 
   {-0.03488645122530917, 0.03508169201554357, 0., -0.035081692015543696}, 
   {-0.034886451225309416, -0.03508169201554369, 0.035081692015543696, 0.}}}, 
 {0, 0}, {{-1.5600675109186397, -1.5503994939557593}, 
  {-6.298364033224338, -1.5697355278815217, -1.5794464887306474}, 
  {-1.5697625812389928, -1.5600945642761124}, {{2, 0.00007594015190585945}, 
   {3, 0.00005972074515345205}, {4, 0.000046965767939735614}, 
   {5, 0.00003693513942125415}, {6, 0.000029046894941896217}, 
   {7, 0.00002284341287930175}, {8, 0.000017964837432563052}, 
   {9, 0.000014128185929745962}, {10, 0.000011110923248930371}, 
   {11, 8.738047351714018*^-6}}, {{2, 0.006357722902704555}, 
   {3, 0.0054939989821888024}, {4, 0.004816844090134374}, 
   {5, 0.004285602782849908}, {6, 0.003868614917356861}, 
   {7, 0.003541173377837023}, {8, 0.0032839653536921665}, 
   {9, 0.0030818750279648145}, {10, 0.002923059422452922}, 
   {11, 0.002798232313361529}}, {1.8641600185195307*^-9, 0.9798545231169988}}}
