{22, 40, {{{-0.507163537789743, 0, -0.011213386508548803, 
    0.011213386508548742}, {0, 0.9514683870437355, -2.913528197316835*^-6, 
    -2.913528197341121*^-6}, {-0.01121338650854874, -2.9135281974209185*^-6, 
    0.0022056342588647098, 0.024904465805094107}, 
   {0.011213386508548726, -2.9135281974400004*^-6, 0.024904465805094055, 
    0.002205634258864777}}, {{-0.507163537789743, 0.011213386508548804, 0, 
    -0.011213386508548742}, {0.01121338650854874, 0.0022056342588647306, 
    -2.913528197414847*^-6, 0.024904465805094093}, 
   {0, -2.913528197333315*^-6, 0.9514683870437353, -2.9135281973162387*^-6}, 
   {-0.01121338650854873, 0.024904465805094075, -2.9135281974529024*^-6, 
    0.002205634258864775}}, {{-0.507163537789743, -0.011213386508548688, 
    0.011213386508548693, 0}, {-0.011213386508548678, 0.0022056342588646625, 
    0.024904465805094093, -2.913528197330713*^-6}, 
   {0.011213386508548681, 0.02490446580509407, 0.0022056342588646916, 
    -2.9135281973613958*^-6}, {0, -2.9135281974911748*^-6, 
    -2.913528197465967*^-6, 0.9514683870437353}}}, 
 {{{0., 0.14300074278662522, 0.1430007427866252, 0.14300074278662572}, 
   {-0.14300074278662522, 0., -0.12913748428345426, 0.12913748428345365}, 
   {-0.1430007427866252, 0.12913748428345426, 0., -0.12913748428345365}, 
   {-0.14300074278662572, -0.12913748428345365, 0.12913748428345365, 0.}}, 
  {{0., 0.14300074278662528, 0.14300074278662514, 0.1430007427866259}, 
   {-0.14300074278662528, 0., -0.12913748428345379, 0.12913748428345437}, 
   {-0.14300074278662514, 0.12913748428345379, 0., -0.1291374842834544}, 
   {-0.1430007427866259, -0.12913748428345437, 0.1291374842834544, 0.}}}, 
 {0, 0}, {{-1.3752481990228602, -1.241498540928538}, 
  {-6.282678362414169, -1.5089978571171838, -1.6323413240899005}, 
  {-1.5025146527339754, -1.3687649946396534}, {{2, 0.00022868543117390838}, 
   {3, 0.00019368725844143286}, {4, 0.0001639392314007615}, 
   {5, 0.000138775941206426}, {6, 0.00011748347552298366}, 
   {7, 0.00009946404147159749}, {8, 0.0000842127860482822}, 
   {9, 0.00007130321707038423}, {10, 0.00006037490177518423}, 
   {11, 0.0000511231362936293}, {12, 0.00004329025827570776}, 
   {13, 0.00003665833363514226}, {14, 0.000031042994518087896}, 
   {15, 0.000026288243283961732}, {16, 0.000022262068187312023}, 
   {17, 0.00001885274189508679}, {18, 0.0000159656950084186}, 
   {19, 0.000013520874197064936}, {20, 0.000011450509065591419}, 
   {21, 9.697223964710844*^-6}}, {{2, 0.04524600728020302}, 
   {3, 0.04576720553919866}, {4, 0.04620683278995004}, 
   {5, 0.04657809120327026}, {6, 0.046891748583482586}, 
   {7, 0.04715684110613566}, {8, 0.04738095923262177}, 
   {9, 0.04757048699199691}, {10, 0.04773079938568934}, 
   {11, 0.047866425916319545}, {12, 0.047981186483626016}, 
   {13, 0.04807830462732832}, {14, 0.04816050211656664}, 
   {15, 0.04823007811937956}, {16, 0.04828897558170421}, 
   {17, 0.048338836965531276}, {18, 0.0483810511118183}, 
   {19, 0.04841679268438013}, {20, 0.048447055400179406}, 
   {21, 0.04847268004704376}}, {4.637820438981722*^-6, 0.7419355474913603}}}
