{12, 32, {{{-0.5232467559824914, 0, -0.00098824147521392, 
    0.0009882414752139263}, {0, 0.9948388656957219, 0.0001811951242001082, 
    0.0001811951241999847}, {-0.0009882414752139146, 0.00018119512419992713, 
    -0.000028224788388894403, 0.002374464891940509}, 
   {0.0009882414752139168, 0.00018119512419998297, 0.002374464891940595, 
    -0.000028224788388798126}}, {{-0.5232467559824915, 0.0009882414752139274, 
    0, -0.0009882414752139276}, {0.000988241475213905, 
    -0.0000282247883889317, 0.00018119512419993223, 0.00237446489194053}, 
   {0, 0.00018119512420010679, 0.994838865695722, 0.00018119512419996137}, 
   {-0.0009882414752139146, 0.002374464891940572, 0.00018119512420000015, 
    -0.000028224788388792055}}, 
  {{-0.5232467559824916, -0.0009882414752138847, 0.0009882414752138903, 0}, 
   {-0.0009882414752138548, -0.00002822478838900369, 0.0023744648919406413, 
    0.0001811951242000054}, {0.0009882414752138652, 0.0023744648919405576, 
    -0.000028224788389041855, 0.00018119512420003154}, 
   {0, 0.00018119512419996475, 0.0001811951241999357, 0.9948388656957221}}}, 
 {{{0., 0.043041023659300445, 0.043041023659300445, 0.04304102365930059}, 
   {-0.043041023659300445, 0., -0.04333305312284761, 0.04333305312284732}, 
   {-0.043041023659300445, 0.04333305312284761, 0., -0.04333305312284732}, 
   {-0.04304102365930059, -0.04333305312284732, 0.04333305312284732, 0.}}, 
  {{0., 0.04304102365930042, 0.04304102365930048, 0.04304102365930068}, 
   {-0.04304102365930042, 0., -0.04333305312284742, 0.04333305312284755}, 
   {-0.04304102365930048, 0.04333305312284742, 0., -0.04333305312284756}, 
   {-0.04304102365930068, -0.04333305312284755, 0.04333305312284756, 0.}}}, 
 {0, 0}, {{-1.5522863687971495, -1.5373765208396128}, 
  {-6.2987667789435005, -1.5671962167546858, -1.5821871727170644}, 
  {-1.567246797741503, -1.5523369497839665}, {{2, 0.0077756894259205355}, 
   {3, 0.006116659826008321}, {4, 0.0048128532988525805}, 
   {5, 0.003788130467476194}, {6, 0.0029825007366667267}, 
   {7, 0.0023488664704168424}, {8, 0.0018503031180797241}, 
   {9, 0.0014578676455264394}, {10, 0.001148864476432282}, 
   {11, 0.0009054854981832422}}, {{2, 0.7225485801347933}, 
   {3, 0.40832204513044107}, {4, 0.25586798341576134}, 
   {5, 0.1678742943557508}, {6, 0.11192548710103839}, 
   {7, 0.07412942217534547}, {8, 0.047537565014603406}, 
   {9, 0.02828808738703054}, {10, 0.014063987648064092}, 
   {11, 0.003392454903704996}}, {6.620880289001292*^-9, 0.9694300148307622}}}
