{3, 28, {{{-0.5245706588347242, 0, -0.0001329544002822437, 
    0.00013295440028228026}, {0, 0.9993573356340772, 
    -0.000047745696310742055, -0.00004774569631078059}, 
   {-0.0001329544002822478, -0.000047745696310952275, 0.0000751245806067443, 
    0.00036045527483591876}, {0.00013295440028222096, 
    -0.00004774569631085452, 0.0003604552748360533, 0.00007512458060655869}}, 
  {{-0.5245706588347243, 0.0001329544002822541, 0, -0.0001329544002822781}, 
   {0.00013295440028224243, 0.00007512458060660726, -0.000047745696310943554, 
    0.0003604552748360043}, {0, -0.000047745696310729735, 0.9993573356340768, 
    -0.00004774569631085937}, {-0.00013295440028221955, 
    0.0003604552748359607, -0.000047745696310781676, 
    0.00007512458060696114}}, {{-0.5245706588347246, -0.00013295440028224053, 
    0.0001329544002822228, 0}, {-0.00013295440028222497, 
    0.00007512458060639042, 0.0003604552748360001, -0.00004774569631085492}, 
   {0.0001329544002822176, 0.00036045527483611684, 0.00007512458060632277, 
    -0.00004774569631077997}, {0, -0.00004774569631078773, 
    -0.00004774569631086335, 0.9993573356340778}}}, 
 {{{0., 0.00931841382753457, 0.00931841382753457, 0.00931841382753458}, 
   {-0.00931841382753457, 0., -0.006876337354098837, 0.006876337354098784}, 
   {-0.00931841382753457, 0.006876337354098837, 0., -0.00687633735409879}, 
   {-0.00931841382753458, -0.006876337354098784, 0.00687633735409879, 0.}}, 
  {{0., 0.009318413827534577, 0.009318413827534571, 0.009318413827534596}, 
   {-0.009318413827534577, 0., -0.006876337354098825, 0.006876337354098807}, 
   {-0.009318413827534571, 0.006876337354098825, 0., -0.006876337354098837}, 
   {-0.009318413827534596, -0.006876337354098807, 0.006876337354098837, 
    0.}}}, {0, 0}, {{-1.571347109783907, -1.5697331131643837}, 
  {-6.298497295216488, -1.572961106403432, -1.576287541204812}, 
  {-1.5727496163770331, -1.57113561975751}, {{2, 0.00005239140864685132}}, 
  {{2, 0.13103498721100892}}, {1.0571656674468351*^-13, 0.9961502037606977}}}
