{6, 32, {{{-0.5244422028740684, 0, -0.00022156899495804776, 
    0.00022156899495808234}, {0, 0.9988849742997248, 
    -0.000014131034780479499, -0.000014131034780316204}, 
   {-0.0002215689949580522, -0.000014131034780486275, 0.00005279805461679476, 
    0.0005600947113286148}, {0.00022156899495802743, -0.00001413103478066632, 
    0.0005600947113285, 0.0000527980546168403}}, 
  {{-0.5244422028740684, 0.00022156899495806115, 0, -0.00022156899495809134}, 
   {0.00022156899495804966, 0.00005279805461654106, -0.000014131034780479973, 
    0.000560094711328776}, {0, -0.000014131034780473847, 0.9988849742997252, 
    -0.0000141310347804383}, {-0.0002215689949580311, 0.0005600947113283928, 
    -0.00001413103478054508, 0.00005279805461685938}}, 
  {{-0.5244422028740686, -0.0002215689949580496, 0.00022156899495802724, 0}, 
   {-0.00022156899495801388, 0.00005279805461650723, 0.0005600947113286399, 
    -0.000014131034780679873}, {0.00022156899495799122, 
    0.0005600947113289349, 0.00005279805461635978, -0.00001413103478054833}, 
   {0, -0.000014131034780308737, -0.000014131034780937518, 
    0.9988849742997259}}}, 
 {{{0., 0.022095408877360053, 0.02209540887736007, 0.022095408877360195}, 
   {-0.022095408877360053, 0., -0.019280257158721635, 0.019280257158721312}, 
   {-0.02209540887736007, 0.019280257158721635, 0., -0.019280257158721236}, 
   {-0.022095408877360195, -0.019280257158721312, 0.019280257158721236, 0.}}, 
  {{0., 0.022095408877360043, 0.022095408877360043, 0.022095408877360227}, 
   {-0.022095408877360043, 0., -0.019280257158721475, 0.0192802571587215}, 
   {-0.022095408877360043, 0.019280257158721475, 0., -0.019280257158721427}, 
   {-0.022095408877360227, -0.0192802571587215, 0.019280257158721427, 0.}}}, 
 {0, 0}, {{-1.5692098932200784, -1.5653828561411203}, 
  {-6.299150017707764, -1.5730369302990388, -1.5765380785548433}, 
  {-1.5727931310086531, -1.568966093929695}, {{2, 0.005318569332898105}, 
   {3, 0.004167636690591274}, {4, 0.0032660981773966584}, 
   {5, 0.0025598987605862447}}, {{2, 0.29571749950822923}, 
   {3, 0.09209147250169693}, {4, 0.006711645602648291}, 
   {5, 0.06370444951401642}}, {5.136614024250867*^-11, 0.9933284673303774}}}
{6, 32, {{{-0.5244422028740683, 0, -0.00022156899495806874, 
    0.00022156899495806684}, {0, 0.998884974299725, -0.000014131034780480285, 
    -0.000014131034780471476}, {-0.00022156899495803795, 
    -0.00001413103478029734, 0.000052798054616729276, 0.0005600947113285923}, 
   {0.00022156899495806375, -0.000014131034780530714, 0.0005600947113285779, 
    0.00005279805461673535}}, {{-0.5244422028740684, 0.00022156899495807129, 
    0, -0.00022156899495806597}, {0.0002215689949580338, 
    0.000052798054616692847, -0.000014131034780297963, 
    0.0005600947113286344}, {0, -0.000014131034780487657, 0.9988849742997252, 
    -0.000014131034780519043}, {-0.00022156899495806305, 
    0.0005600947113285296, -0.000014131034780482699, 
    0.00005279805461677611}}, {{-0.5244422028740687, -0.00022156899495804358, 
    0.0002215689949580394, 0}, {-0.00022156899495799566, 
    0.00005279805461654973, 0.0005600947113285529, -0.000014131034780530375}, 
   {0.0002215689949579912, 0.0005600947113288174, 0.00005279805461649856, 
    -0.000014131034780486722}, {0, -0.000014131034780465838, 
    -0.000014131034780028403, 0.9988849742997259}}}, 
 {{{0., 0.022095408877360077, 0.022095408877360084, 0.022095408877360133}, 
   {-0.022095408877360077, 0., -0.019280257158721448, 0.019280257158721364}, 
   {-0.022095408877360084, 0.019280257158721448, 0., -0.01928025715872142}, 
   {-0.022095408877360133, -0.019280257158721364, 0.01928025715872142, 0.}}, 
  {{0., 0.022095408877360063, 0.022095408877360112, 0.022095408877360175}, 
   {-0.022095408877360063, 0., -0.01928025715872133, 0.019280257158721507}, 
   {-0.022095408877360112, 0.01928025715872133, 0., -0.019280257158721538}, 
   {-0.022095408877360175, -0.019280257158721507, 0.019280257158721538, 
    0.}}}, {0, 0}, {{-1.56920989322008, -1.5653828561411203}, 
  {-6.299150017707764, -1.5730369302990388, -1.5765380785548433}, 
  {-1.5727931310086547, -1.568966093929695}, {{2, 0.005318569332898102}, 
   {3, 0.004167636690591257}, {4, 0.0032660981773966202}, 
   {5, 0.002559898760586231}}, {{2, 0.2957174995082284}, 
   {3, 0.09209147250169732}, {4, 0.006711645602648027}, 
   {5, 0.0637044495140164}}, {5.136614024250873*^-11, 0.9933284673303778}}}
{6, 32, {{{-0.5244422028740684, 0, -0.00022156899495806914, 
    0.00022156899495805705}, {0, 0.998884974299725, -0.000014131034780398089, 
    -0.000014131034780411953}, {-0.00022156899495803827, 
    -0.00001413103478045047, 0.000052798054616721036, 0.0005600947113285713}, 
   {0.00022156899495806966, -0.000014131034780594031, 0.000560094711328593, 
    0.00005279805461682035}}, {{-0.5244422028740684, 0.00022156899495807722, 
    0, -0.00022156899495805678}, {0.00022156899495804055, 
    0.00005279805461669545, -0.000014131034780453464, 0.0005600947113286328}, 
   {0, -0.000014131034780392383, 0.9988849742997253, 
    -0.000014131034780445247}, {-0.00022156899495807204, 
    0.0005600947113285537, -0.000014131034780554963, 
    0.000052798054616637335}}, 
  {{-0.5244422028740686, -0.00022156899495804898, 0.0002215689949580425, 0}, 
   {-0.0002215689949579923, 0.00005279805461648468, 0.0005600947113286622, 
    -0.000014131034780582512}, {0.0002215689949579836, 0.0005600947113287155, 
    0.00005279805461649856, -0.00001413103478054847}, 
   {0, -0.00001413103478041423, -0.000014131034780460005, 
    0.9988849742997258}}}, 
 {{{0., 0.022095408877360077, 0.022095408877360105, 0.022095408877360133}, 
   {-0.022095408877360077, 0., -0.019280257158721597, 0.01928025715872125}, 
   {-0.022095408877360105, 0.019280257158721597, 0., -0.01928025715872132}, 
   {-0.022095408877360133, -0.01928025715872125, 0.01928025715872132, 0.}}, 
  {{0., 0.02209540887736005, 0.022095408877360077, 0.02209540887736016}, 
   {-0.02209540887736005, 0., -0.01928025715872164, 0.019280257158721337}, 
   {-0.022095408877360077, 0.01928025715872164, 0., -0.019280257158721517}, 
   {-0.02209540887736016, -0.019280257158721337, 0.019280257158721517, 0.}}}, 
 {0, 0}, {{-1.5692098932200786, -1.5653828561411203}, 
  {-6.299150017707764, -1.573036930299039, -1.576538078554843}, 
  {-1.5727931310086534, -1.568966093929695}, {{2, 0.005318569332898104}, 
   {3, 0.0041676366905912775}, {4, 0.0032660981773966306}, 
   {5, 0.0025598987605862447}}, {{2, 0.2957174995082285}, 
   {3, 0.09209147250169689}, {4, 0.006711645602648159}, 
   {5, 0.06370444951401605}}, {5.136614024250886*^-11, 0.9933284673303778}}}
