{3, 28, {{{-0.5248708780009994, 0, -4.562580672351863*^-6, 
    4.562580672339479*^-6}, {0, 0.999966343942861, 5.252203928147593*^-6, 
    5.252203927243657*^-6}, {-4.562580672310467*^-6, 5.25220392760942*^-6, 
    -4.838211597250203*^-6, 0.000011443202776841773}, 
   {4.5625806723583275*^-6, 5.252203927910925*^-6, 0.000011443202775806578, 
    -4.838211596861625*^-6}}, {{-0.5248708780009989, 4.562580672369657*^-6, 
    0, -4.56258067233644*^-6}, {4.562580672319286*^-6, 
    -4.838211596884176*^-6, 5.252203927607317*^-6, 0.00001144320277603399}, 
   {0, 5.252203928142053*^-6, 0.9999663439428601, 5.25220392796052*^-6}, 
   {-4.562580672353125*^-6, 0.000011443202776440816, 5.2522039271968655*^-6, 
    -4.838211596885911*^-6}}, {{-0.5248708780009987, -4.562580672323853*^-6, 
    4.562580672309275*^-6, 0}, {-4.562580672247873*^-6, 
    -4.838211597087139*^-6, 0.000011443202777153205, 5.252203927913511*^-6}, 
   {4.562580672238637*^-6, 0.000011443202775460755, -4.838211596608355*^-6, 
    5.252203927193401*^-6}, {0, 5.2522039272448*^-6, 5.252203927957297*^-6, 
    0.9999663439428601}}}, 
 {{{0., 0.0011477606216605848, 0.0011477606216605738, 0.001147760621660583}, 
   {-0.0011477606216605848, 0., -0.0019250058385436564, 
    0.0019250058385426759}, {-0.0011477606216605738, 0.0019250058385436564, 
    0., -0.001925005838542701}, {-0.001147760621660583, 
    -0.0019250058385426759, 0.001925005838542701, 0.}}, 
  {{0., 0.0011477606216605749, 0.0011477606216605783, 0.0011477606216605792}, 
   {-0.0011477606216605749, 0., -0.0019250058385434981, 
    0.0019250058385426212}, {-0.0011477606216605783, 0.0019250058385434981, 
    0., -0.0019250058385427227}, {-0.0011477606216605792, 
    -0.0019250058385426212, 0.0019250058385427227, 0.}}}, {0, 0}, 
 {{-1.5745238312193146, -1.5744840716250819}, {-6.2985046114818495, 
   -1.5745635908135482, -1.5746887149273765}, {-1.5745770530956034, 
   -1.5745372935013706}, {{2, 0.00010447134084021203}}, 
  {{2, 0.3385920383633142}}, {5.0885296142556746*^-17, 0.9997980806473525}}}
