{10, 32, {{{-0.5153156597235621, 0, -0.006126693445209774, 
    0.006126693445209778}, {0, 0.9714392142085391, 0.00062041616589906, 
    0.0006204161658990965}, {-0.00612669344520973, 0.0006204161658990058, 
    0.0004683744463249706, 0.01392412527707896}, 
   {0.006126693445209767, 0.0006204161658990032, 0.013924125277078911, 
    0.0004683744463248596}}, {{-0.515315659723562, 0.006126693445209771, 0, 
    -0.0061266934452097795}, {0.006126693445209736, 0.00046837444632498665, 
    0.0006204161658990002, 0.013924125277078979}, 
   {0, 0.0006204161658990548, 0.9714392142085394, 0.00062041616589907}, 
   {-0.006126693445209776, 0.013924125277078904, 0.0006204161658990254, 
    0.0004683744463249151}}, {{-0.5153156597235617, -0.006126693445209745, 
    0.006126693445209745, 0}, {-0.0061266934452096945, 0.0004683744463248995, 
    0.013924125277078946, 0.0006204161658990444}, 
   {0.006126693445209691, 0.013924125277078947, 0.0004683744463249151, 
    0.0006204161658990622}, {0, 0.0006204161658990267, 0.000620416165899021, 
    0.9714392142085394}}}, 
 {{{0., 0.05237821606610377, 0.05237821606610375, 0.052378216066103794}, 
   {-0.05237821606610377, 0., -0.050436694798626315, 0.05043669479862609}, 
   {-0.05237821606610375, 0.050436694798626315, 0., -0.050436694798626086}, 
   {-0.052378216066103794, -0.05043669479862609, 0.050436694798626086, 0.}}, 
  {{0., 0.05237821606610376, 0.05237821606610377, 0.052378216066103905}, 
   {-0.05237821606610376, 0., -0.05043669479862618, 0.050436694798626364}, 
   {-0.05237821606610377, 0.05043669479862618, 0., -0.05043669479862635}, 
   {-0.052378216066103905, -0.050436694798626364, 0.05043669479862635, 0.}}}, 
 {0, 0}, {{-1.4537764777179265, -1.3975290042274116}, 
  {-6.293279739130198, -1.5100239512084384, -1.6366159183566606}, 
  {-1.5089814790298737, -1.4527340055393587}, {{2, 0.02544951757506847}, 
   {3, 0.010488396720844964}, {4, 0.004389870688449177}, 
   {5, 0.0018505005080744347}, {6, 0.000782496996407589}, 
   {7, 0.00033132823833406655}, {8, 0.00014037261026453307}, 
   {9, 0.00005948558254295633}}, {{2, 0.07097435162512075}, 
   {3, 0.014409313283227865}, {4, 0.005412778065132029}, 
   {5, 0.01319769561865844}, {6, 0.0163946496601085}, 
   {7, 0.017731794585109824}, {8, 0.018295368949745455}, 
   {9, 0.018533671183333805}}, {1.6461890657825262*^-8, 0.8404149787752542}}}
