{12, 32, {{{-0.520866954968408, 0, -0.0025054998284499822, 
    0.0025054998284499783}, {0, 0.9873937449152275, 0.0004200484626134494, 
    0.00042004846261338826}, {-0.0025054998284499428, 0.0004200484626133878, 
    -0.000015487032137047156, 0.005892107577525967}, 
   {0.0025054998284499714, 0.000420048462613429, 0.005892107577525937, 
    -0.000015487032137102667}}, {{-0.520866954968408, 0.0025054998284499783, 
    0, -0.0025054998284499766}, {0.0025054998284499363, 
    -0.000015487032137048024, 0.00042004846261339476, 0.00589210757752594}, 
   {0, 0.000420048462613444, 0.9873937449152275, 0.0004200484626134118}, 
   {-0.0025054998284499705, 0.005892107577525975, 0.0004200484626134063, 
    -0.000015487032137162515}}, {{-0.520866954968408, -0.0025054998284499367, 
    0.0025054998284499475, 0}, {-0.0025054998284498855, 
    -0.000015487032137132158, 0.0058921075775259625, 0.0004200484626134529}, 
   {0.002505499828449898, 0.005892107577525974, -0.000015487032137107004, 
    0.00042004846261342214}, {0, 0.00042004846261337503, 
    0.00042004846261339726, 0.9873937449152274}}}, 
 {{{0., 0.033825629978558244, 0.03382562997855825, 0.03382562997855827}, 
   {-0.033825629978558244, 0., -0.03382076832731662, 0.03382076832731644}, 
   {-0.03382562997855825, 0.03382076832731662, 0., -0.033820768327316425}, 
   {-0.03382562997855827, -0.03382076832731644, 0.033820768327316425, 0.}}, 
  {{0., 0.03382562997855822, 0.03382562997855824, 0.03382562997855833}, 
   {-0.03382562997855822, 0., -0.03382076832731648, 0.03382076832731663}, 
   {-0.03382562997855824, 0.03382076832731648, 0., -0.03382076832731662}, 
   {-0.03382562997855833, -0.03382076832731663, 0.03382076832731662, 0.}}}, 
 {0, 0}, {{-1.5217280014541092, -1.497121163371336}, 
  {-6.297488648276685, -1.5463348395368812, -1.6024094846014614}, 
  {-1.5463330712052208, -1.5217262331224475}, {{2, 0.016281460502575548}, 
   {3, 0.006511979670035556}, {4, 0.0026191746967472312}, 
   {5, 0.001056085229038009}, {6, 0.00042627259523334016}, 
   {7, 0.0001721321021619926}, {8, 0.00006952034208931868}, 
   {9, 0.00002807970383020275}, {10, 0.00001134189218014725}, 
   {11, 4.581244854875988*^-6}}, {{2, 0.09164689090672998}, 
   {3, 0.03285846908903066}, {4, 0.01264193133626711}, 
   {5, 0.004962153080003418}, {6, 0.0019344584977837934}, 
   {7, 0.0007233223639026162}, {8, 0.00023602353055326715}, 
   {9, 0.00003950141453381999}, {10, 0.0000398283462449458}, 
   {11, 0.00007186342493554473}}, {1.4965830323519754*^-9, 
   0.9267065442834557}}}
