{12, 32, {{{-0.5191074014374684, 0, -0.0036898257731102398, 
    0.0036898257731102233}, {0, 0.9818331986579991, 0.000612349491871647, 
    0.0006123494918716045}, {-0.003689825773110204, 0.0006123494918715041, 
    -4.6971534196265166*^-7, 0.008554094519401362}, 
   {0.003689825773110219, 0.0006123494918715677, 0.008554094519401367, 
    -4.69715341880686*^-7}}, {{-0.5191074014374685, 0.0036898257731102385, 0, 
    -0.0036898257731102216}, {0.00368982577311019, -4.697153419522433*^-7, 
    0.0006123494918715024, 0.008554094519401333}, 
   {0, 0.0006123494918716592, 0.9818331986579989, 0.0006123494918715852}, 
   {-0.0036898257731102055, 0.008554094519401343, 0.0006123494918715555, 
    -4.6971534189976794*^-7}}, {{-0.5191074014374685, -0.003689825773110186, 
    0.003689825773110194, 0}, {-0.0036898257731101535, 
    -4.697153419752284*^-7, 0.008554094519401432, 0.0006123494918716104}, 
   {0.003689825773110153, 0.008554094519401378, -4.6971534201079024*^-7, 
    0.0006123494918715976}, {0, 0.0006123494918715306, 0.0006123494918715445, 
    0.9818331986579989}}}, 
 {{{0., 0.04061612605844832, 0.04061612605844832, 0.04061612605844837}, 
   {-0.04061612605844832, 0., -0.04062643707919567, 0.04062643707919547}, 
   {-0.04061612605844832, 0.04062643707919567, 0., -0.04062643707919548}, 
   {-0.04061612605844837, -0.04062643707919547, 0.04062643707919548, 0.}}, 
  {{0., 0.04061612605844831, 0.040616126058448304, 0.04061612605844842}, 
   {-0.04061612605844831, 0., -0.040626437079195526, 0.040626437079195735}, 
   {-0.040616126058448304, 0.040626437079195526, 0., -0.04062643707919572}, 
   {-0.04061612605844842, -0.040626437079195735, 0.04062643707919572, 0.}}}, 
 {0, 0}, {{-1.498805053319233, -1.4636304563493057}, 
  {-6.29643360095916, -1.533979650289162, -1.614237150190418}, 
  {-1.5339841150921134, -1.498809518122186}, {{2, 0.019626545297498965}, 
   {3, 0.007929683204214125}, {4, 0.0032314061614172607}, 
   {5, 0.0013219230675589194}, {6, 0.0005416702657991546}, 
   {7, 0.000222106355613233}, {8, 0.00009109815679463062}, 
   {9, 0.00003736875356961933}, {10, 0.000015329512290288005}, 
   {11, 6.288637487555926*^-6}}, {{2, 0.09253873840098616}, 
   {3, 0.033608616856906054}, {4, 0.013213638675398995}, 
   {5, 0.005380535848689587}, {6, 0.0022510152942076733}, 
   {7, 0.000980912432698241}, {8, 0.0004621569582898264}, 
   {9, 0.0002497277355098687}, {10, 0.00016264590591551301}, 
   {11, 0.0001269325973188889}}, {4.49627038026201*^-9, 0.8958313912404495}}}
