{12, 32, {{{-0.5200880918811703, 0, -0.003054520692737109, 
    0.00305452069273711}, {0, 0.9847151771948688, 0.000560178949837888, 
    0.0005601789498378322}, {-0.0030545206927370793, 0.0005601789498378049, 
    -0.00006409134203608788, 0.007126413538507187}, 
   {0.003054520692737103, 0.0005601789498378238, 0.007126413538507173, 
    -0.00006409134203616985}}, {{-0.5200880918811704, 0.0030545206927371157, 
    0, -0.003054520692737103}, {0.0030545206927370706, 
    -0.00006409134203608658, 0.0005601789498377917, 0.007126413538507168}, 
   {0, 0.0005601789498378791, 0.9847151771948688, 0.0005601789498378487}, 
   {-0.003054520692737095, 0.007126413538507141, 0.0005601789498378292, 
    -0.00006409134203613776}}, {{-0.5200880918811703, -0.0030545206927370494, 
    0.003054520692737042, 0}, {-0.003054520692737016, 
    -0.00006409134203615077, 0.0071264135385071675, 0.0005601789498378559}, 
   {0.003054520692737019, 0.007126413538507159, -0.00006409134203619327, 
    0.000560178949837856}, {0, 0.0005601789498378244, 0.0005601789498378019, 
    0.9847151771948688}}}, 
 {{{0., 0.036983909862574035, 0.036983909862574035, 0.03698390986257408}, 
   {-0.036983909862574035, 0., -0.03735467690026328, 0.03735467690026309}, 
   {-0.036983909862574035, 0.03735467690026328, 0., -0.037354676900263104}, 
   {-0.03698390986257408, -0.03735467690026309, 0.037354676900263104, 0.}}, 
  {{0., 0.03698390986257403, 0.036983909862574035, 0.036983909862574126}, 
   {-0.03698390986257403, 0., -0.037354676900263124, 0.037354676900263326}, 
   {-0.036983909862574035, 0.037354676900263124, 0., -0.037354676900263326}, 
   {-0.036983909862574126, -0.037354676900263326, 0.037354676900263326, 
    0.}}}, {0, 0}, {{-1.511052656392811, -1.4815859713583295}, 
  {-6.297041113273937, -1.5405193414272924, -1.608001215209676}, 
  {-1.5406670445171144, -1.5112003594826329}, {{2, 0.01783871756734233}, 
   {3, 0.007168954994016791}, {4, 0.0029010037532804234}, 
   {5, 0.0011775647027292696}, {6, 0.0004786174185933134}, 
   {7, 0.00019463740828810916}, {8, 0.00007916986573204554}, 
   {9, 0.00003220568645548316}, {10, 0.000013101502875367821}, 
   {11, 5.329864215836144*^-6}}, {{2, 0.09805096010217451}, 
   {3, 0.03855850809459192}, {4, 0.018038021530031298}, 
   {5, 0.01020290187478514}, {6, 0.007094901077522059}, 
   {7, 0.005843321739510953}, {8, 0.005336255111529126}, 
   {9, 0.00513031726587768}, {10, 0.005046595283358039}, 
   {11, 0.005012545172574491}}, {2.7168765540800617*^-9, 0.9117248454328188}}}
