{11, 32, {{{-0.5157225088361411, 0, -0.006066486213579739, 
    0.006066486213579711}, {0, 0.9711396711492473, 0.0009843095448869525, 
    0.000984309544886978}, {-0.006066486213579718, 0.0009843095448869208, 
    0.00007472129566236203, 0.013765792061559905}, 
   {0.0060664862135797444, 0.000984309544886922, 0.013765792061559846, 
    0.00007472129566225057}}, {{-0.5157225088361412, 0.006066486213579721, 0, 
    -0.006066486213579709}, {0.006066486213579726, 0.00007472129566229481, 
    0.0009843095448869384, 0.01376579206155988}, {0, 0.0009843095448869611, 
    0.9711396711492475, 0.000984309544886982}, {-0.0060664862135797245, 
    0.01376579206155989, 0.0009843095448869089, 0.00007472129566216124}}, 
  {{-0.5157225088361412, -0.006066486213579695, 0.006066486213579705, 0}, 
   {-0.0060664862135796525, 0.00007472129566221241, 0.013765792061559881, 
    0.0009843095448869546}, {0.006066486213579659, 0.013765792061559886, 
    0.0000747212956622445, 0.00098430954488693}, {0, 0.000984309544886922, 
    0.0009843095448866719, 0.9711396711492473}}}, 
 {{{0., 0.05125464634379247, 0.05125464634379247, 0.051254646343792495}, 
   {-0.05125464634379247, 0., -0.05125829455523742, 0.05125829455523718}, 
   {-0.05125464634379247, 0.05125829455523742, 0., -0.051258294555237185}, 
   {-0.051254646343792495, -0.05125829455523718, 0.051258294555237185, 0.}}, 
  {{0., 0.05125464634379246, 0.051254646343792454, 0.0512546463437926}, 
   {-0.05125464634379246, 0., -0.051258294555237324, 0.051258294555237435}, 
   {-0.051254646343792454, 0.051258294555237324, 0., -0.05125829455523745}, 
   {-0.0512546463437926, -0.051258294555237435, 0.05125829455523745, 0.}}}, 
 {0, 0}, {{-1.4553559752349836, -1.4003150712483023}, 
  {-6.293284639314545, -1.5103968792216667, -1.636245440435606}, 
  {-1.5103988380768154, -1.4553579340901341}, {{2, 0.008794265221114345}, 
   {3, 0.0036842030322053188}, {4, 0.001553314970049638}, 
   {5, 0.000656594845003744}, {6, 0.0002778558401022868}, 
   {7, 0.0001176379733270061}, {8, 0.000049815321150656344}, 
   {9, 0.000021096741450954415}, {10, 8.934772968510751*^-6}}, 
  {{2, 0.02932996692060836}, {3, 0.011871868091683425}, 
   {4, 0.004938092870960715}, {5, 0.002079233637083737}, 
   {6, 0.0008820113214035741}, {7, 0.0003773652168464328}, 
   {8, 0.0001640645857099153}, {9, 0.00007380326708013852}, 
   {10, 0.00003558908025987592}}, {1.813781277051539*^-8, 
   0.8388613262793877}}}
{11, 32, {{{-0.5157219496662073, 0, -0.006066726366780688, 
    0.006066726366780666}, {0, 0.9711390212970941, 0.0009840829073172143, 
    0.0009840829073171475}, {-0.006066726366780644, 0.0009840829073170768, 
    0.00007500944528744235, 0.013766330316760588}, 
   {0.00606672636678068, 0.0009840829073170902, 0.0137663303167606, 
    0.00007500944528746403}}, {{-0.5157219496662073, 0.0060667263667806975, 
    0, -0.006066726366780665}, {0.0060667263667806715, 
    0.00007500944528750653, 0.000984082907317068, 0.013766330316760549}, 
   {0, 0.0009840829073172188, 0.9711390212970941, 0.00098408290731718}, 
   {-0.006066726366780687, 0.013766330316760667, 0.0009840829073170785, 
    0.00007500944528734954}}, {{-0.5157219496662074, -0.006066726366780649, 
    0.00606672636678064, 0}, {-0.00606672636678061, 0.00007500944528736429, 
    0.013766330316760637, 0.000984082907317149}, 
   {0.006066726366780592, 0.013766330316760625, 0.00007500944528740505, 
    0.0009840829073171184}, {0, 0.000984082907317088, 0.0009840829073170787, 
    0.9711390212970941}}}, 
 {{{0., 0.051256217858368536, 0.05125621785836854, 0.051256217858368605}, 
   {-0.051256217858368536, 0., -0.05125848831347551, 0.051258488313475306}, 
   {-0.05125621785836854, 0.05125848831347551, 0., -0.051258488313475285}, 
   {-0.051256217858368605, -0.051258488313475306, 0.051258488313475285, 0.}}, 
  {{0., 0.05125621785836856, 0.051256217858368536, 0.05125621785836867}, 
   {-0.05125621785836856, 0., -0.05125848831347539, 0.0512584883134756}, 
   {-0.051256217858368536, 0.05125848831347539, 0., -0.05125848831347561}, 
   {-0.05125621785836867, -0.0512584883134756, 0.05125848831347561, 0.}}}, 
 {0, 0}, {{-1.4553521363968451, -1.4003095448054468}, 
  {-6.293281303489876, -1.510394727988243, -1.636245923756695}, 
  {-1.51039594707676, -1.4553533554853617}, {{2, 0.004544435155816512}, 
   {3, 0.0019129110876127259}, {4, 0.0008082594210725019}, 
   {5, 0.0003419719124068271}, {6, 0.00014477164785615948}, 
   {7, 0.00006130333561589485}, {8, 0.00002596152949710384}, 
   {9, 0.000010995013248304986}, {10, 4.65660521468958*^-6}}, 
  {{2, 0.014716103970461442}, {3, 0.0060943931371574365}, 
   {4, 0.0025603534529746856}, {5, 0.001084262511920783}, 
   {6, 0.00046275385960180596}, {7, 0.00020018059206989018}, 
   {8, 0.0000890906731531104}, {9, 0.00004206213791052309}, 
   {10, 0.000022148094433628976}}, {1.8138224143997942*^-8, 
   0.8388579582679053}}}
