{36, 40, {{{-0.5190394399098236, 0, -0.0037236041576915353, 
    0.003723604157691506}, {0, 0.9817396877722862, 0.0005894354339132635, 
    0.0005894354339132067}, {-0.003723604157691497, 0.0005894354339131568, 
    0.00002982292919668974, 0.008622253510444867}, 
   {0.0037236041576915015, 0.0005894354339131642, 0.008622253510444839, 
    0.00002982292919677474}}, {{-0.5190394399098236, 0.0037236041576915293, 
    0, -0.0037236041576915006}, {0.003723604157691484, 
    0.000029822929196700147, 0.0005894354339131553, 0.008622253510444846}, 
   {0, 0.0005894354339132614, 0.9817396877722859, 0.0005894354339131945}, 
   {-0.0037236041576914954, 0.008622253510444846, 0.0005894354339131433, 
    0.00002982292919678775}}, {{-0.5190394399098236, -0.003723604157691467, 
    0.0037236041576914633, 0}, {-0.003723604157691435, 
    0.000029822929196661116, 0.008622253510444907, 0.0005894354339132087}, 
   {0.003723604157691425, 0.008622253510444832, 0.00002982292919667673, 
    0.0005894354339131987}, {0, 0.0005894354339131362, 0.0005894354339131417, 
    0.981739687772286}}}, 
 {{{0., 0.08170283498521513, 0.08170283498521513, 0.0817028349852155}, 
   {-0.08170283498521513, 0., -0.08135996214572136, 0.08135996214572096}, 
   {-0.08170283498521513, 0.08135996214572136, 0., -0.08135996214572097}, 
   {-0.0817028349852155, -0.08135996214572096, 0.08135996214572097, 0.}}, 
  {{0., 0.08170283498521513, 0.08170283498521513, 0.08170283498521558}, 
   {-0.08170283498521513, 0., -0.08135996214572105, 0.08135996214572143}, 
   {-0.08170283498521513, 0.08135996214572105, 0., -0.08135996214572144}, 
   {-0.08170283498521558, -0.08135996214572143, 0.08135996214572144, 0.}}}, 
 {0, 0}, {{-1.49776606669553, -1.4468212206214783}, 
  {-6.296390890833204, -1.5487109127695813, -1.5994845326470208}, 
  {-1.548604015597444, -1.4976591695233925}, {{2, 0.013136671170145612}, 
   {3, 0.01045969652201274}, {4, 0.00833723692340798}, 
   {5, 0.006653613708308907}, {6, 0.0053163830714267335}, 
   {7, 0.00425259781243318}, {8, 0.0034049767997515745}, 
   {9, 0.0027285747325340726}, {10, 0.002188077771801397}, 
   {11, 0.001755674759503889}, {12, 0.001409404518447746}, 
   {13, 0.0011318789579128768}, {14, 0.0009092965510944656}, 
   {15, 0.0007306782316293808}, {16, 0.0005872733486379511}, 
   {17, 0.00047209589977391386}, {18, 0.0003795609606899869}, 
   {19, 0.00030519854915801725}, {20, 0.0002454276381847892}, 
   {21, 0.00019737712261830298}, {22, 0.00015874360664069886}, 
   {23, 0.000127678184762281}, {24, 0.00010269613490521134}, 
   {25, 0.0000826047736614266}, {26, 0.0000664457462104806}, 
   {27, 0.00005344881359857501}, {28, 0.00004299481452217646}, 
   {29, 0.00003458595910879603}, {30, 0.000027821989490417476}, 
   {31, 0.000022381039535890324}, {32, 0.000018004261614704142}, 
   {33, 0.00001448347519830695}, {34, 0.000011651240846080602}, 
   {35, 9.372881713279324*^-6}}, {{2, 0.8525683893601601}, 
   {3, 0.5003806443572538}, {4, 0.32956199324098684}, 
   {5, 0.23077721021563535}, {6, 0.1677249945161492}, 
   {7, 0.12489067876487611}, {8, 0.09453485871646827}, 
   {9, 0.07236724445154143}, {10, 0.05581967313094736}, 
   {11, 0.043262500522314326}, {12, 0.03361341367874576}, 
   {13, 0.02612706260709436}, {14, 0.02027494599021293}, 
   {15, 0.0156733471594108}, {16, 0.012038252554128904}, 
   {17, 0.009156120275696119}, {18, 0.006864327473612932}, 
   {19, 0.00503773206625564}, {20, 0.0035792149734787224}, 
   {21, 0.0024128844288988506}, {22, 0.0014791042925732926}, 
   {23, 0.0007307997094253326}, {24, 0.00013067501024578953}, 
   {25, 0.0003509053733158461}, {26, 0.0007375465755932679}, 
   {27, 0.0010480867290221254}, {28, 0.0012975830727802575}, 
   {29, 0.0014980859109738759}, {30, 0.0016592488598043812}, 
   {31, 0.0017888118313876364}, {32, 0.0018929844759483306}, 
   {33, 0.0019767513649841025}, {34, 0.0020441153857592193}, 
   {35, 0.0020982921801679885}}, {2.9004436147387683*^-7, 
   0.8953195932469119}}}
