{10, 32, {{{-0.5130443598365357, 0, -0.008092371070777218, 
    0.008092371070777198}, {0, 0.9620804925987141, 0.0014379862488226166, 
    0.0014379862488226552}, {-0.00809237107077717, 0.001437986248822641, 
    0.000029365009981929726, 0.018141738589173666}, 
   {0.008092371070777185, 0.0014379862488226145, 0.018141738589173586, 
    0.00002936500998188679}}, {{-0.5130443598365357, 0.008092371070777208, 0, 
    -0.0080923710707772}, {0.008092371070777173, 0.000029365009981900236, 
    0.0014379862488226457, 0.018141738589173645}, 
   {0, 0.0014379862488226088, 0.9620804925987143, 0.001437986248822675}, 
   {-0.008092371070777184, 0.018141738589173603, 0.001437986248822603, 
    0.000029365009981879853}}, {{-0.5130443598365355, -0.008092371070777158, 
    0.008092371070777156, 0}, {-0.008092371070777125, 
    0.000029365009981848628, 0.018141738589173693, 0.0014379862488226674}, 
   {0.008092371070777123, 0.018141738589173673, 0.000029365009981852097, 
    0.0014379862488226444}, {0, 0.0014379862488225845, 0.0014379862488225876, 
    0.9620804925987141}}}, 
 {{{0., 0.05835756792601733, 0.058357567926017304, 0.058357567926017345}, 
   {-0.05835756792601733, 0., -0.05898752803230163, 0.05898752803230142}, 
   {-0.058357567926017304, 0.05898752803230163, 0., -0.05898752803230141}, 
   {-0.058357567926017345, -0.05898752803230142, 0.05898752803230141, 0.}}, 
  {{0., 0.058357567926017304, 0.05835756792601732, 0.05835756792601746}, 
   {-0.058357567926017304, 0., -0.05898752803230145, 0.05898752803230173}, 
   {-0.05835756792601732, 0.05898752803230145, 0., -0.058987528032301714}, 
   {-0.05835756792601746, -0.05898752803230173, 0.058987528032301714, 0.}}}, 
 {0, 0}, {{-1.4202319376544885, -1.3494771467966782}, 
  {-6.289606866466235, -1.4909867285122977, -1.6538167047208197}, 
  {-1.4913686215310873, -1.420613830673277}, {{2, 0.028529174304476934}, 
   {3, 0.011959525040499158}, {4, 0.005117983941335585}, 
   {5, 0.0022114839969776257}, {6, 0.0009597390899949293}, 
   {7, 0.00041730433252644417}, {8, 0.00018160006041796628}, 
   {9, 0.00007905651450383633}}, {{2, 0.10139589124647874}, 
   {3, 0.04129424114215485}, {4, 0.01999024938870174}, 
   {5, 0.011465821759549834}, {6, 0.007885041985436166}, 
   {7, 0.006349786762837735}, {8, 0.005685735774096344}, 
   {9, 0.005397415696648339}}, {4.212706282927735*^-8, 0.7929913557817125}}}
