{9, 32, {{{-0.5192315491384257, 0, -0.0036706972908673286, 
    0.0036706972908673165}, {0, 0.9817510078046405, 0.0007196036888839023, 
    0.0007196036888839131}, {-0.0036706972908672887, 0.0007196036888838717, 
    -0.00011787533265482202, 0.008499502893443806}, 
   {0.0036706972908673004, 0.0007196036888838118, 0.008499502893443804, 
    -0.00011787533265478906}}, {{-0.5192315491384256, 0.003670697290867317, 
    0, -0.0036706972908673143}, {0.003670697290867283, 
    -0.00011787533265480727, 0.0007196036888838617, 0.008499502893443853}, 
   {0, 0.0007196036888838994, 0.9817510078046406, 0.000719603688883873}, 
   {-0.003670697290867302, 0.008499502893443735, 0.000719603688883871, 
    -0.00011787533265483763}}, {{-0.5192315491384256, -0.0036706972908672865, 
    0.0036706972908672874, 0}, {-0.0036706972908672458, 
    -0.00011787533265486538, 0.008499502893443742, 0.0007196036888838608}, 
   {0.0036706972908672497, 0.008499502893443924, -0.00011787533265489314, 
    0.0007196036888839061}, {0, 0.0007196036888838804, 0.0007196036888838312, 
    0.9817510078046406}}}, 
 {{{0., 0.04017694992442506, 0.040176949924425054, 0.04017694992442508}, 
   {-0.04017694992442506, 0., -0.04092187851638172, 0.04092187851638149}, 
   {-0.040176949924425054, 0.04092187851638172, 0., -0.040921878516381516}, 
   {-0.04017694992442508, -0.04092187851638149, 0.040921878516381516, 0.}}, 
  {{0., 0.04017694992442505, 0.04017694992442505, 0.040176949924425165}, 
   {-0.04017694992442505, 0., -0.04092187851638157, 0.04092187851638174}, 
   {-0.04017694992442505, 0.04092187851638157, 0., -0.04092187851638174}, 
   {-0.040176949924425165, -0.04092187851638174, 0.04092187851638174, 0.}}}, 
 {0, 0}, {{-1.4993165925864065, -1.4645223333052786}, 
  {-6.296488687757467, -1.5341108518675317, -1.6141334920112018}, 
  {-1.5344334154098538, -1.499639156128726}, {{2, 0.01943574722459647}, 
   {3, 0.007852853895142634}, {4, 0.0031997551588092144}, 
   {5, 0.0013087521868348079}, {6, 0.000536167508978197}, 
   {7, 0.00021980409638561182}, {8, 0.00009013461631578179}}, 
  {{2, 0.10313678948204631}, {3, 0.043061436094419404}, 
   {4, 0.022268578180403648}, {5, 0.014283298841190043}, 
   {6, 0.011093473088994584}, {7, 0.009799140312575068}, 
   {8, 0.009270596615196042}}, {4.69605711775247*^-9, 0.8953815363814401}}}
