{7, 32, {{{-0.5246586168835938, 0, -0.00012869646082616307, 
    0.00012869646082616364}, {0, 0.999305595734995, 0.000028703418324944224, 
    0.000028703418324816233}, {-0.0001286964608261244, 
    0.000028703418324671316, -9.602097059536237*^-6, 0.00031278082012192883}, 
   {0.00012869646082614718, 0.00002870341832462101, 0.0003127808201221332, 
    -9.602097059361464*^-6}}, {{-0.5246586168835936, 0.00012869646082615542, 
    0, -0.00012869646082616664}, {0.00012869646082612406, 
    -9.602097059550983*^-6, 0.000028703418324673126, 0.0003127808201220897}, 
   {0, 0.000028703418324944894, 0.9993055957349951, 0.000028703418324675487}, 
   {-0.00012869646082614734, 0.0003127808201220044, 0.000028703418324757554, 
    -9.602097059330239*^-6}}, {{-0.5246586168835942, -0.00012869646082609834, 
    0.00012869646082610674, 0}, {-0.00012869646082605177, 
    -9.602097059541008*^-6, 0.00031278082012170213, 0.000028703418324623577}, 
   {0.0001286964608260511, 0.00031278082012219305, -9.60209705958004*^-6, 
    0.000028703418324763328}, {0, 0.00002870341832480315, 
    0.00002870341832467533, 0.9993055957349954}}}, 
 {{{0., 0.007770704488005374, 0.007770704488005367, 0.007770704488005386}, 
   {-0.007770704488005374, 0., -0.007988972193877853, 0.007988972193877661}, 
   {-0.007770704488005367, 0.007988972193877853, 0., -0.00798897219387763}, 
   {-0.007770704488005386, -0.007988972193877661, 0.00798897219387763, 0.}}, 
  {{0., 0.007770704488005379, 0.007770704488005381, 0.007770704488005394}, 
   {-0.007770704488005379, 0., -0.007988972193877869, 0.007988972193877746}, 
   {-0.007770704488005381, 0.007988972193877869, 0., -0.007988972193877671}, 
   {-0.007770704488005394, -0.007988972193877746, 0.007988972193877671, 
    0.}}}, {0, 0}, {{-1.5717181011534116, -1.5703721756550304}, 
  {-6.298452207241667, -1.573064026651795, -1.5761620769690383}, 
  {-1.5730829291896056, -1.5717370036912244}, {{2, 0.0037180509315338436}, 
   {3, 0.0014570853801578534}, {4, 0.000571169128380589}, 
   {5, 0.00022391964221396207}, {6, 0.00008778879374774472}}, 
  {{2, 0.10494502808862605}, {3, 0.04492355384943493}, 
   {4, 0.024536460554526303}, {5, 0.016956319014339718}, 
   {6, 0.014044267557032296}}, {2.59983303247528*^-13, 0.9958408006759096}}}
