{9, 32, {{{-0.522917186756868, 0, -0.0012141202384917229, 
    0.0012141202384917211}, {0, 0.9936449981595133, 0.0002550444153909011, 
    0.00025504441539096637}, {-0.0012141202384916804, 0.0002550444153910661, 
    -0.00006855055683160222, 0.002899828173898212}, 
   {0.001214120238491696, 0.0002550444153909049, 0.002899828173898164, 
    -0.00006855055683154324}}, {{-0.5229171867568678, 0.0012141202384917198, 
    0, -0.0012141202384917242}, {0.0012141202384916825, 
    -0.00006855055683158964, 0.00025504441539105744, 0.0028998281738982696}, 
   {0, 0.00025504441539089324, 0.9936449981595136, 0.00025504441539090685}, 
   {-0.0012141202384916973, 0.002899828173898111, 0.00025504441539094853, 
    -0.00006855055683149813}}, {{-0.522917186756868, -0.0012141202384916847, 
    0.00121412023849168, 0}, {-0.0012141202384916413, 
    -0.00006855055683163778, 0.002899828173898277, 0.00025504441539090186}, 
   {0.0012141202384916266, 0.002899828173898263, -0.00006855055683166467, 
    0.00025504441539096377}, {0, 0.00025504441539094203, 
    0.00025504441539088706, 0.9936449981595138}}}, 
 {{{0., 0.023607302267014303, 0.023607302267014296, 0.023607302267014317}, 
   {-0.023607302267014303, 0., -0.024148725882446407, 0.024148725882446306}, 
   {-0.023607302267014296, 0.024148725882446407, 0., -0.024148725882446306}, 
   {-0.023607302267014317, -0.024148725882446306, 0.024148725882446306, 0.}}, 
  {{0., 0.023607302267014296, 0.023607302267014303, 0.023607302267014366}, 
   {-0.023607302267014296, 0., -0.024148725882446313, 0.024148725882446462}, 
   {-0.023607302267014303, 0.024148725882446313, 0., -0.024148725882446445}, 
   {-0.023607302267014366, -0.024148725882446462, 0.024148725882446445, 
    0.}}}, {0, 0}, {{-1.5481873412919671, -1.535920627205135}, 
  {-6.298223989682033, -1.5604540553787967, -1.58865793946222}, 
  {-1.5605947213603504, -1.5483280072735182}, {{2, 0.011316363987224676}, 
   {3, 0.004476537103477042}, {4, 0.00177531357563087}, 
   {5, 0.0007048390866505258}, {6, 0.00027996495160370616}, 
   {7, 0.00011122373499374699}, {8, 0.000044189928491630837}}, 
  {{2, 0.10434446105319312}, {3, 0.044309108933389574}, 
   {4, 0.0238031069449923}, {5, 0.016104633606449245}, 
   {6, 0.013112520750363538}, {7, 0.01193395721772882}, 
   {8, 0.011467291122640742}}, {1.983194596986426*^-10, 0.9624706710181012}}}
