{7, 32, {{{-0.5246586168835938, 0, -0.00012869646082616307, 
    0.00012869646082616364}, {0, 0.999305595734995, 0.000028703418324944224, 
    0.000028703418324816233}, {-0.0001286964608261244, 
    0.000028703418324671316, -9.602097059536237*^-6, 0.00031278082012192883}, 
   {0.00012869646082614718, 0.00002870341832462101, 0.0003127808201221332, 
    -9.602097059361464*^-6}}, {{-0.5246586168835936, 0.00012869646082615542, 
    0, -0.00012869646082616664}, {0.00012869646082612406, 
    -9.602097059550983*^-6, 0.000028703418324673126, 0.0003127808201220897}, 
   {0, 0.000028703418324944894, 0.9993055957349951, 0.000028703418324675487}, 
   {-0.00012869646082614734, 0.0003127808201220044, 0.000028703418324757554, 
    -9.602097059330239*^-6}}, {{-0.5246586168835942, -0.00012869646082609834, 
    0.00012869646082610674, 0}, {-0.00012869646082605177, 
    -9.602097059541008*^-6, 0.00031278082012170213, 0.000028703418324623577}, 
   {0.0001286964608260511, 0.00031278082012219305, -9.60209705958004*^-6, 
    0.000028703418324763328}, {0, 0.00002870341832480315, 
    0.00002870341832467533, 0.9993055957349954}}}, 
 {{{0., 0.007770704488005374, 0.007770704488005367, 0.007770704488005386}, 
   {-0.007770704488005374, 0., -0.007988972193877853, 0.007988972193877661}, 
   {-0.007770704488005367, 0.007988972193877853, 0., -0.00798897219387763}, 
   {-0.007770704488005386, -0.007988972193877661, 0.00798897219387763, 0.}}, 
  {{0., 0.007770704488005379, 0.007770704488005381, 0.007770704488005394}, 
   {-0.007770704488005379, 0., -0.007988972193877869, 0.007988972193877746}, 
   {-0.007770704488005381, 0.007988972193877869, 0., -0.007988972193877671}, 
   {-0.007770704488005394, -0.007988972193877746, 0.007988972193877671, 
    0.}}}, {0, 0}, {{-1.5717181011534116, -1.5703721756550304}, 
  {-6.298452207241667, -1.573064026651795, -1.5761620769690383}, 
  {-1.5730829291896056, -1.5717370036912244}, {{2, 0.0037180509315338436}, 
   {3, 0.0014570853801578534}, {4, 0.000571169128380589}, 
   {5, 0.00022391964221396207}, {6, 0.00008778879374774472}}, 
  {{2, 0.10494502808862605}, {3, 0.04492355384943493}, 
   {4, 0.024536460554526303}, {5, 0.016956319014339718}, 
   {6, 0.014044267557032296}}, {2.59983303247528*^-13, 0.9958408006759096}}}
{3, 32, {{{-0.5246568856012794, 0, -0.00012922607443373335, 
    0.00012922607443373096}, {0, 0.9993040814750636, 0.00002789784715136309, 
    0.000027897847151397542}, {-0.00012922607443367567, 
    0.00002789784715148215, -8.640743448547379*^-6, 0.0003142938512467272}, 
   {0.0001292260744337076, 0.00002789784715114884, 0.0003142938512469761, 
    -8.640743448534369*^-6}}, {{-0.5246568856012794, 0.00012922607443373763, 
    0, -0.0001292260744337365}, {0.00012922607443368662, 
    -8.64074344851919*^-6, 0.000027897847151481242, 0.0003142938512468804}, 
   {0, 0.000027897847151367943, 0.9993040814750637, 0.00002789784715122888}, 
   {-0.00012922607443371594, 0.0003142938512467938, 0.00002789784715133705, 
    -8.640743448473653*^-6}}, {{-0.5246568856012799, -0.00012922607443369009, 
    0.000129226074433671, 0}, {-0.000129226074433631, -8.640743448832741*^-6, 
    0.0003142938512467997, 0.000027897847151164127}, 
   {0.00012922607443360888, 0.00031429385124722255, -8.640743448778965*^-6, 
    0.000027897847151346215}, {0, 0.00002789784715139174, 
    0.00002789784715120763, 0.9993040814750647}}}, 
 {{{0., 0.007802379231519892, 0.007802379231519892, 0.007802379231519911}, 
   {-0.007802379231519892, 0., -0.007989063773150118, 0.007989063773150002}, 
   {-0.007802379231519892, 0.007989063773150118, 0., -0.007989063773149972}, 
   {-0.007802379231519911, -0.007989063773150002, 0.007989063773149972, 0.}}, 
  {{0., 0.007802379231519896, 0.007802379231519902, 0.007802379231519918}, 
   {-0.007802379231519896, 0., -0.0079890637731502, 0.00798906377315008}, 
   {-0.007802379231519902, 0.0079890637731502, 0., -0.007989063773150042}, 
   {-0.007802379231519918, -0.00798906377315008, 0.007989063773150042, 0.}}}, 
 {0, 0}, {{-1.5717065211061882, -1.570355109381298}, 
  {-6.298442985011551, -1.5730579328310808, -1.5761635596746948}, 
  {-1.5730741001866342, -1.571722688461744}, {{2, 0.00001044136306416199}}, 
  {{2, 0.011963308632577257}}, {2.6000118522044006*^-13, 0.9958317466520984}}}
