{9, 32, {{{-0.5192315491384257, 0, -0.0036706972908673286, 
    0.0036706972908673165}, {0, 0.9817510078046405, 0.0007196036888839023, 
    0.0007196036888839131}, {-0.0036706972908672887, 0.0007196036888838717, 
    -0.00011787533265482202, 0.008499502893443806}, 
   {0.0036706972908673004, 0.0007196036888838118, 0.008499502893443804, 
    -0.00011787533265478906}}, {{-0.5192315491384256, 0.003670697290867317, 
    0, -0.0036706972908673143}, {0.003670697290867283, 
    -0.00011787533265480727, 0.0007196036888838617, 0.008499502893443853}, 
   {0, 0.0007196036888838994, 0.9817510078046406, 0.000719603688883873}, 
   {-0.003670697290867302, 0.008499502893443735, 0.000719603688883871, 
    -0.00011787533265483763}}, {{-0.5192315491384256, -0.0036706972908672865, 
    0.0036706972908672874, 0}, {-0.0036706972908672458, 
    -0.00011787533265486538, 0.008499502893443742, 0.0007196036888838608}, 
   {0.0036706972908672497, 0.008499502893443924, -0.00011787533265489314, 
    0.0007196036888839061}, {0, 0.0007196036888838804, 0.0007196036888838312, 
    0.9817510078046406}}}, 
 {{{0., 0.04017694992442506, 0.040176949924425054, 0.04017694992442508}, 
   {-0.04017694992442506, 0., -0.04092187851638172, 0.04092187851638149}, 
   {-0.040176949924425054, 0.04092187851638172, 0., -0.040921878516381516}, 
   {-0.04017694992442508, -0.04092187851638149, 0.040921878516381516, 0.}}, 
  {{0., 0.04017694992442505, 0.04017694992442505, 0.040176949924425165}, 
   {-0.04017694992442505, 0., -0.04092187851638157, 0.04092187851638174}, 
   {-0.04017694992442505, 0.04092187851638157, 0., -0.04092187851638174}, 
   {-0.040176949924425165, -0.04092187851638174, 0.04092187851638174, 0.}}}, 
 {0, 0}, {{-1.4993165925864065, -1.4645223333052786}, 
  {-6.296488687757467, -1.5341108518675317, -1.6141334920112018}, 
  {-1.5344334154098538, -1.499639156128726}, {{2, 0.01943574722459647}, 
   {3, 0.007852853895142634}, {4, 0.0031997551588092144}, 
   {5, 0.0013087521868348079}, {6, 0.000536167508978197}, 
   {7, 0.00021980409638561182}, {8, 0.00009013461631578179}}, 
  {{2, 0.10313678948204631}, {3, 0.043061436094419404}, 
   {4, 0.022268578180403648}, {5, 0.014283298841190043}, 
   {6, 0.011093473088994584}, {7, 0.009799140312575068}, 
   {8, 0.009270596615196042}}, {4.69605711775247*^-9, 0.8953815363814401}}}
{3, 32, {{{-0.5192177242722853, 0, -0.003676139662499106, 
    0.003676139662499093}, {0, 0.9817364129739536, 0.0007137043849550671, 
    0.0007137043849550866}, {-0.0036761396624990683, 0.0007137043849551063, 
    -0.00011055300813750954, 0.008512372264066618}, 
   {0.0036761396624990852, 0.0007137043849550528, 0.008512372264066616, 
    -0.00011055300813751952}}, {{-0.5192177242722853, 0.0036761396624991035, 
    0, -0.003676139662499096}, {0.0036761396624990584, 
    -0.00011055300813755421, 0.0007137043849551022, 0.008512372264066653}, 
   {0, 0.0007137043849550677, 0.9817364129739532, 0.0007137043849550569}, 
   {-0.0036761396624990844, 0.008512372264066566, 0.0007137043849550929, 
    -0.00011055300813747615}}, {{-0.5192177242722853, -0.0036761396624990423, 
    0.003676139662499055, 0}, {-0.0036761396624990263, 
    -0.00011055300813755508, 0.008512372264066596, 0.0007137043849550794}, 
   {0.0036761396624990284, 0.008512372264066658, -0.00011055300813755942, 
    0.0007137043849551163}, {0, 0.0007137043849550352, 0.0007137043849550172, 
    0.9817364129739533}}}, 
 {{{0., 0.040226263430472656, 0.040226263430472656, 0.040226263430472704}, 
   {-0.040226263430472656, 0., -0.0409256942826666, 0.040925694282666396}, 
   {-0.040226263430472656, 0.0409256942826666, 0., -0.04092569428266641}, 
   {-0.040226263430472704, -0.040925694282666396, 0.04092569428266641, 0.}}, 
  {{0., 0.04022626343047267, 0.04022626343047264, 0.04022626343047276}, 
   {-0.04022626343047267, 0., -0.0409256942826664, 0.04092569428266667}, 
   {-0.04022626343047264, 0.0409256942826664, 0., -0.040925694282666666}, 
   {-0.04022626343047276, -0.04092569428266667, 0.040925694282666666, 0.}}}, 
 {0, 0}, {{-1.4992223293173357, -1.464385363287221}, 
  {-6.296409369358087, -1.534059295347451, -1.6141453893315925}, 
  {-1.5343621577905453, -1.4995251917604306}, {{2, 0.00005170164926442122}}, 
  {{2, 0.008693708942203188}}, {4.6986850373035784*^-9, 0.8953016742402927}}}
