{8, 32, {{{-0.5248619478547994, 0, -5.141417759675701*^-6, 
    5.141417759654107*^-6}, {0, 0.9999723381401469, 1.0255452952738528*^-6, 
    1.0255452951992614*^-6}, {-5.1414177596307255*^-6, 
    1.0255452949156214*^-6, -2.5464987285636273*^-7, 
    0.000012556527457967248}, {5.141417759661156*^-6, 1.0255452946409358*^-6, 
    0.00001255652745798511, -2.54649872285205*^-7}}, 
  {{-0.5248619478547997, 5.1414177596863535*^-6, 0, -5.141417759650853*^-6}, 
   {5.141417759647105*^-6, -2.5464987235979814*^-7, 1.0255452949232133*^-6, 
    0.00001255652745766702}, {0, 1.0255452952665666*^-6, 0.9999723381401462, 
    1.0255452953656155*^-6}, {-5.1414177596557316*^-6, 
    0.000012556527458033725, 1.0255452944700494*^-6, 
    -2.546498726330171*^-7}}, {{-0.5248619478548003, -5.141417759652245*^-6, 
    5.141417759622984*^-6, 0}, {-5.141417759600808*^-6, 
    -2.5464987335899886*^-7, 0.000012556527458120105, 
    1.0255452946408962*^-6}, {5.141417759568758*^-6, 0.000012556527457797667, 
    -2.5464987277179496*^-7, 1.0255452944709793*^-6}, 
   {0, 1.0255452951831106*^-6, 1.0255452953499288*^-6, 0.9999723381401479}}}, 
 {{{0., 0.0015664350492095303, 0.0015664350492095216, 0.0015664350492095263}, 
   {-0.0015664350492095303, 0., -0.0015885892516278584, 
    0.001588589251627906}, {-0.0015664350492095216, 0.0015885892516278584, 
    0., -0.0015885892516280303}, {-0.0015664350492095263, 
    -0.001588589251627906, 0.0015885892516280303, 0.}}, 
  {{0., 0.0015664350492095242, 0.0015664350492095229, 0.0015664350492095303}, 
   {-0.0015664350492095242, 0., -0.0015885892516278861, 
    0.0015885892516278029}, {-0.0015664350492095229, 0.0015885892516278861, 
    0., -0.001588589251627855}, {-0.0015664350492095303, 
    -0.0015885892516278029, 0.001588589251627855, 0.}}}, {0, 0}, 
 {{-1.574495385845919, -1.5744411229440787}, {-6.298446864550865, 
   -1.5745496487477584, -1.574673783527674}, {-1.5745500324698005, 
   -1.5744957695679602}, {{2, 0.0007473777601094997}, 
   {3, 0.0002925814846529997}, {4, 0.00011454019383049007}, 
   {5, 0.000044840546431614784}, {6, 0.00001755434600025571}, 
   {7, 6.872246358047458*^-6}}, {{2, 0.09799638768493342}, 
   {3, 0.03867259650136079}, {4, 0.018534994358476935}, 
   {5, 0.011055725684977993}, {6, 0.00818616345025289}, 
   {7, 0.0070715355959200445}}, {1.607199241421156*^-17, 0.9998340403181358}}}
