{3, 32, {{{-0.5236662047006286, 0, -1.2365911819517464*^-6, 
    1.236591181964922*^-6}, {0, 0.998952377424353, -0.0005629908615483464, 
    -0.0005629908615488104}, {-1.2365911819243453*^-6, 
    -0.0005629908615482395, 0.0006704443506395253, 0.0010492050950584445}, 
   {1.2365911819133038*^-6, -0.0005629908615488332, 0.0010492050950584508, 
    0.0006704443506379007}}, {{-0.5236662047006291, 1.2365911818795101*^-6, 
    0, -1.2365911819296968*^-6}, {1.236591181991962*^-6, 
    0.0006704443506390504, -0.0005629908615482418, 0.0010492050950583988}, 
   {0, -0.0005629908615483346, 0.9989523774243543, -0.0005629908615489222}, 
   {-1.2365911819485484*^-6, 0.0010492050950584439, -0.0005629908615489392, 
    0.0006704443506390101}}, {{-0.5236662047006286, -1.2365911818922366*^-6, 
    1.2365911819418378*^-6, 0}, {-1.236591181987112*^-6, 
    0.0006704443506407353, 0.0010492050950595497, -0.0005629908615488259}, 
   {1.2365911819430022*^-6, 0.0010492050950595393, 0.0006704443506395652, 
    -0.0005629908615489233}, {0, -0.0005629908615488275, 
    -0.0005629908615489369, 0.9989523774243513}}}, 
 {{{0., 0.018523742566792366, 0.018523742566792387, 0.0185237425667924}, 
   {-0.018523742566792366, 0., -0.00003169532224281709, 
    0.00003169532224290056}, {-0.018523742566792387, 0.00003169532224281709, 
    0., -0.000031695322242630245}, {-0.0185237425667924, 
    -0.00003169532224290056, 0.000031695322242630245, 0.}}, 
  {{0., 0.018523742566792366, 0.018523742566792383, 0.018523742566792428}, 
   {-0.018523742566792366, 0., -0.00003169532224268121, 
    0.00003169532224246459}, {-0.018523742566792383, 0.00003169532224268121, 
    0., -0.00003169532224272872}, {-0.018523742566792428, 
    -0.00003169532224246459, 0.00003169532224272872, 0.}}}, {0, 0}, 
 {{-1.5671737812762847, -1.563965374949083}, {-6.298450523158374, 
   -1.5703821876034854, -1.5788430739757018}, {-1.5687807293353095, 
   -1.5655723230081078}, {{2, 0.00002296157326643622}}, 
  {{2, 0.4991444676439327}}, {1.0138437525331454*^-27, 0.9937307042645035}}}
