{3, 28, {{{-0.521065493124815, 0, -0.002272571338084251, 
    0.00227257133808424}, {0, 0.9887242266185532, 0.0002179877187168187, 
    0.00021798771871680027}, {-0.002272571338084231, 0.00021798771871678205, 
    0.00015972238000267532, 0.005405259366000408}, 
   {0.0022725713380842335, 0.00021798771871681956, 0.00540525936600041, 
    0.00015972238000260507}}, {{-0.5210654931248149, 0.0022725713380842456, 
    0, -0.0022725713380842344}, {0.002272571338084226, 
    0.00015972238000268747, 0.00021798771871678812, 0.005405259366000431}, 
   {0, 0.00021798771871681458, 0.9887242266185532, 0.0002179877187167785}, 
   {-0.0022725713380842326, 0.005405259366000377, 0.0002179877187168373, 
    0.00015972238000258598}}, {{-0.5210654931248149, -0.002272571338084212, 
    0.002272571338084207, 0}, {-0.0022725713380841797, 
    0.00015972238000267532, 0.005405259366000372, 0.0002179877187168406}, 
   {0.002272571338084179, 0.005405259366000471, 0.0001597223800026415, 
    0.0002179877187168477}, {0, 0.00021798771871676405, 
    0.00021798771871676313, 0.988724226618553}}}, 
 {{{0., 0.032988014130720014, 0.03298801413072003, 0.032988014130720014}, 
   {-0.032988014130720014, 0., -0.03159038726727755, 0.03159038726727738}, 
   {-0.03298801413072003, 0.03159038726727755, 0., -0.031590387267277385}, 
   {-0.032988014130720014, -0.03159038726727738, 0.031590387267277385, 0.}}, 
  {{0., 0.03298801413072, 0.03298801413072, 0.03298801413072009}, 
   {-0.03298801413072, 0., -0.03159038726727743, 0.03159038726727755}, 
   {-0.03298801413072, 0.03159038726727743, 0., -0.03159038726727757}, 
   {-0.03298801413072009, -0.03159038726727755, 0.03159038726727757, 0.}}}, 
 {0, 0}, {{-1.525980090745125, -1.5031253241390428}, 
  {-6.297628690269244, -1.5488348573512085, -1.5999794877834135}, 
  {-1.5483507052037069, -1.5254959385976246}, {{2, 0.0002071889350231948}}, 
  {{2, 0.021183858747971882}}, {9.938702704440191*^-10, 0.9342240743525067}}}
