{3, 28, {{{-0.5239477863113213, 0, -0.0005313737913080539, 
    0.000531373791308059}, {0, 0.9972497808894576, 0.000053658902715697434, 
    0.00005365890271545452}, {-0.0005313737913080344, 
    0.000053658902715581695, 0.000031507395249342, 0.0013006599935338821}, 
   {0.0005313737913080544, 0.00005365890271542264, 0.0013006599935338826, 
    0.00003150739524951894}}, {{-0.5239477863113212, 0.0005313737913080615, 
    0, -0.000531373791308066}, {0.0005313737913080334, 
    0.00003150739524937843, 0.00005365890271558706, 0.0013006599935338973}, 
   {0, 0.000053658902715698626, 0.9972497808894574, 0.00005365890271545173}, 
   {-0.0005313737913080591, 0.0013006599935338591, 0.000053658902715435396, 
    0.00003150739524956925}}, {{-0.5239477863113216, -0.0005313737913080238, 
    0.0005313737913080288, 0}, {-0.0005313737913079887, 
    0.000031507395249201486, 0.0013006599935339953, 0.00005365890271545243}, 
   {0.0005313737913079965, 0.001300659993533889, 0.00003150739524923618, 
    0.00005365890271546341}, {0, 0.00005365890271543056, 
    0.00005365890271542925, 0.9972497808894581}}}, 
 {{{0., 0.01626000671630216, 0.016260006716302153, 0.016260006716302195}, 
   {-0.01626000671630216, 0., -0.01559827301984656, 0.015598273019846426}, 
   {-0.016260006716302153, 0.01559827301984656, 0., -0.015598273019846435}, 
   {-0.016260006716302195, -0.015598273019846426, 0.015598273019846435, 0.}}, 
  {{0., 0.016260006716302164, 0.016260006716302164, 0.01626000671630222}, 
   {-0.016260006716302164, 0., -0.01559827301984644, 0.01559827301984654}, 
   {-0.016260006716302164, 0.01559827301984644, 0., -0.015598273019846527}, 
   {-0.01626000671630222, -0.01559827301984654, 0.015598273019846527, 0.}}}, 
 {0, 0}, {{-1.5626809771918793, -1.5570483456390694}, 
  {-6.298439565239849, -1.5683136087446874, -1.580906173875237}, 
  {-1.5681989931063545, -1.5625663615535446}, {{2, 0.0001042238810269186}}, 
  {{2, 0.020348506246071797}}, {1.4403203795927659*^-11, 0.9836117257343576}}}
