{3, 28, {{{-0.5158664826536402, 0, -0.005679953003679511, 
    0.0056799530036795096}, {0, 0.9734184048313622, 0.000498070658583781, 
    0.000498070658583817}, {-0.0056799530036794514, 0.0004980706585836752, 
    0.0005100598874012074, 0.013002130355292268}, 
   {0.005679953003679491, 0.0004980706585836878, 0.013002130355292262, 
    0.0005100598874011597}}, {{-0.5158664826536401, 0.005679953003679503, 0, 
    -0.005679953003679506}, {0.005679953003679458, 0.0005100598874012482, 
    0.0004980706585836709, 0.013002130355292286}, 
   {0, 0.0004980706585837867, 0.9734184048313621, 0.0004980706585837828}, 
   {-0.005679953003679491, 0.013002130355292225, 0.0004980706585837246, 
    0.000510059887401132}}, {{-0.5158664826536401, -0.00567995300367945, 
    0.005679953003679454, 0}, {-0.005679953003679423, 0.000510059887401138, 
    0.01300213035529221, 0.000498070658583775}, {0.005679953003679418, 
    0.013002130355292307, 0.0005100598874011875, 0.000498070658583783}, 
   {0, 0.0004980706585837192, 0.0004980706585837472, 0.9734184048313619}}}, 
 {{{0., 0.05083863748568314, 0.050838637485683146, 0.050838637485683194}, 
   {-0.05083863748568314, 0., -0.048521610143312376, 0.04852161014331206}, 
   {-0.050838637485683146, 0.048521610143312376, 0., -0.04852161014331205}, 
   {-0.050838637485683194, -0.04852161014331206, 0.04852161014331205, 0.}}, 
  {{0., 0.05083863748568315, 0.050838637485683125, 0.05083863748568328}, 
   {-0.05083863748568315, 0., -0.048521610143312216, 0.04852161014331237}, 
   {-0.050838637485683125, 0.048521610143312216, 0., -0.048521610143312376}, 
   {-0.05083863748568328, -0.04852161014331237, 0.048521610143312376, 0.}}}, 
 {0, 0}, {{-1.4613824252685506, -1.408549363400883}, 
  {-6.293767218166995, -1.5142154871362177, -1.6326681219472796}, 
  {-1.513011524412364, -1.4601784625446965}, {{2, 0.00030840596830673805}}, 
  {{2, 0.022788055079401327}}, {1.3050021419188719*^-8, 0.8507409154860616}}}
