{12, 32, {{{-0.5192375654671042, 0, -0.003671924309224774, 
    0.0036719243092247764}, {0, 0.9817310311335092, 0.000728869890434868, 
    0.0007288698904348847}, {-0.0036719243092247452, 0.0007288698904347776, 
    -0.00012743865701207854, 0.00850143066347925}, 
   {0.0036719243092247457, 0.0007288698904348557, 0.008501430663479186, 
    -0.00012743865701205382}}, {{-0.5192375654671042, 0.003671924309224772, 
    0, -0.0036719243092247777}, {0.003671924309224736, 
    -0.00012743865701209545, 0.0007288698904347963, 0.008501430663479234}, 
   {0, 0.000728869890434876, 0.9817310311335093, 0.0007288698904349112}, 
   {-0.003671924309224749, 0.008501430663479234, 0.000728869890434822, 
    -0.00012743865701200785}}, {{-0.5192375654671042, -0.0036719243092247396, 
    0.003671924309224729, 0}, {-0.0036719243092247023, 
    -0.0001274386570121258, 0.008501430663479293, 0.0007288698904348789}, 
   {0.0036719243092247066, 0.008501430663479217, -0.00012743865701209112, 
    0.0007288698904348563}, {0, 0.0007288698904348431, 0.0007288698904348557, 
    0.9817310311335092}}}, 
 {{{0., 0.04015565685070901, 0.040155656850709015, 0.04015565685070904}, 
   {-0.04015565685070901, 0., -0.04096076486276301, 0.04096076486276282}, 
   {-0.040155656850709015, 0.04096076486276301, 0., -0.04096076486276281}, 
   {-0.04015565685070904, -0.04096076486276282, 0.04096076486276281, 0.}}, 
  {{0., 0.040155656850709, 0.040155656850709015, 0.04015565685070911}, 
   {-0.040155656850709, 0., -0.040960764862762886, 0.04096076486276305}, 
   {-0.040155656850709015, 0.040960764862762886, 0., -0.04096076486276305}, 
   {-0.04015565685070911, -0.04096076486276305, 0.04096076486276305, 0.}}}, 
 {0, 0}, {{-1.4993165030407898, -1.464540684102427}, 
  {-6.296442813454187, -1.5340923219791551, -1.6141290847479386}, 
  {-1.534440943974769, -1.4996651250364064}, {{2, 0.01941225413818659}, 
   {3, 0.007843394914268942}, {4, 0.003195859587411934}, 
   {5, 0.0013071317590232223}, {6, 0.0005354907799388214}, 
   {7, 0.0002195210831452965}, {8, 0.00009001621870631527}, 
   {9, 0.00003691600918476201}, {10, 0.000015140109848446603}, 
   {11, 6.2094285834535246*^-6}}, {{2, 0.10445614146733742}, 
   {3, 0.04423815243060439}, {4, 0.023395739295162563}, 
   {5, 0.015391506581380896}, {6, 0.012194169878651778}, 
   {7, 0.010896819276240028}, {8, 0.010367056450083421}, 
   {9, 0.010150171213686688}, {10, 0.010061284117497892}, 
   {11, 0.010024839277902268}}, {4.722895603606804*^-9, 0.8952722265922584}}}
