{3, 32, {{{-0.49461510917751933, 0, -0.00002298368719141762, 
    0.00002298368719142218}, {0, 0.9721725285552856, -0.014520699483587588, 
    -0.014520699483587756}, {-0.00002298368719140472, -0.014520699483587628, 
    0.01698539354724061, 0.02586063585484178}, {0.00002298368719140022, 
    -0.014520699483587855, 0.025860635854841774, 0.01698539354724069}}, 
  {{-0.4946151091775195, 0.000022983687191402113, 0, 
    -0.000022983687191390844}, {0.000022983687191412633, 
    0.016985393547240445, -0.014520699483587626, 0.025860635854842117}, 
   {0, -0.014520699483587586, 0.972172528555286, -0.014520699483588043}, 
   {-0.00002298368719143446, 0.025860635854842058, -0.014520699483588105, 
    0.016985393547240657}}, {{-0.4946151091775194, -0.000022983687191420026, 
    0.000022983687191403973, 0}, {-0.000022983687191400768, 
    0.01698539354724045, 0.025860635854842204, -0.01452069948358777}, 
   {0.000022983687191424648, 0.02586063585484214, 0.016985393547240657, 
    -0.014520699483588022}, {0, -0.014520699483587921, -0.014520699483588237, 
    0.9721725285552861}}}, 
 {{{0., 0.09286244730771394, 0.09286244730771395, 0.09286244730771404}, 
   {-0.09286244730771394, 0., -0.00009015099569639381, 
    0.00009015099569641225}, {-0.09286244730771395, 0.00009015099569639381, 
    0., -0.00009015099569633476}, {-0.09286244730771404, 
    -0.00009015099569641225, 0.00009015099569633476, 0.}}, 
  {{0., 0.09286244730771392, 0.09286244730771395, 0.09286244730771423}, 
   {-0.09286244730771392, 0., -0.00009015099569633607, 
    0.00009015099569630939}, {-0.09286244730771395, 0.00009015099569633607, 
    0., -0.0000901509956963865}, {-0.09286244730771423, 
    -0.00009015099569630939, 0.0000901509956963865, 0.}}}, {0, 0}, 
 {{-1.3880027279861322, -1.307581489560059}, {-6.298491934589538, 
   -1.4684239664122074, -1.6808220008825614}, 
  {-1.428252383725394, -1.3478311452993208}, {{2, 0.00006416036211223664}}, 
  {{2, 0.49951459929007874}}, {5.368131755068973*^-25, 0.8442286147111263}}}
