{3, 28, {{{-0.5248754404849898, 0, -3.5650474621176048*^-9, 
    3.565047472755645*^-9}, {0, 0.9999999440522074, -2.906840297152409*^-8, 
    -2.9068402973908032*^-8}, {-3.5650474675561936*^-9, 
    -2.9068402967589554*^-8, 3.470178195144613*^-8, 5.521906163253457*^-8}, 
   {3.5650474732310154*^-9, -2.906840297038772*^-8, 5.5219061636444644*^-8, 
    3.470178193583362*^-8}}, {{-0.5248754404849898, 3.5650474652028834*^-9, 
    0, -3.5650474735612867*^-9}, {3.5650474712544623*^-9, 
    3.4701781977466983*^-8, -2.9068402972270906*^-8, 5.52190616339091*^-8}, 
   {0, -2.906840296106098*^-8, 0.9999999440522074, -2.906840297438284*^-8}, 
   {-3.5650474730083586*^-9, 5.521906164244976*^-8, -2.906840297323054*^-8, 
    3.470178192022111*^-8}}, {{-0.5248754404849898, -3.565047462585962*^-9, 
    3.565047465853342*^-9, 0}, {-3.565047462316421*^-9, 
    3.4701781962721834*^-8, 5.5219061627215704*^-8, -2.9068402969242207*^-8}, 
   {3.565047468245721*^-9, 5.521906163941189*^-8, 3.4701781947976684*^-8, 
    -2.9068402972220716*^-8}, {0, -2.9068402972059985*^-8, 
    -2.9068402976491718*^-8, 0.9999999440522074}}}, 
 {{{0., 0.00013393317348152285, 0.00013393317348152036, 
    0.0001339331734815201}, {-0.00013393317348152285, 0., 
    -0.000012890342466278045, 0.000012890342466278138}, 
   {-0.00013393317348152036, 0.000012890342466278045, 0., 
    -0.000012890342466269634}, {-0.0001339331734815201, 
    -0.000012890342466278138, 0.000012890342466269634, 0.}}, 
  {{0., 0.00013393317348150797, 0.00013393317348151906, 
    0.0001339331734815205}, {-0.00013393317348150797, 0., 
    -0.00001289034246627681, 0.000012890342466274894}, 
   {-0.00013393317348151906, 0.00001289034246627681, 0., 
    -0.000012890342466272472}, {-0.0001339331734815205, 
    -0.000012890342466274894, 0.000012890342466272472, 0.}}}, {0, 0}, 
 {{-1.5746216475911625, -1.574617008009937}, {-6.298647331526943, 
   -1.5746262871723875, -1.5746973785910838}, {-1.5746241906490561, 
   -1.5746195510678307}, {{2, 1.728850751850689*^-7}}, 
  {{2, 1.8075108334821357}}, {4.5876125715542965*^-30, 0.9999996643132912}}}
