{9, 32, {{{-0.5210563057515925, 0, -0.002480627328548351, 
    0.0024806273285483452}, {0, 0.9872477685218127, 0.0005878601769255737, 
    0.0005878601769256039}, {-0.002480627328548312, 0.0005878601769255772, 
    -0.0001991638909331849, 0.0058117133164366595}, 
   {0.0024806273285483404, 0.0005878601769255451, 0.005811713316436677, 
    -0.0001991638909332391}}, {{-0.5210563057515925, 0.002480627328548366, 0, 
    -0.0024806273285483526}, {0.0024806273285483188, -0.00019916389093320528, 
    0.0005878601769255729, 0.005811713316436688}, 
   {0, 0.0005878601769255813, 0.9872477685218128, 0.0005878601769255911}, 
   {-0.002480627328548347, 0.005811713316436677, 0.0005878601769255672, 
    -0.00019916389093324605}}, {{-0.5210563057515925, -0.002480627328548324, 
    0.002480627328548317, 0}, {-0.00248062732854826, -0.00019916389093326166, 
    0.005811713316436698, 0.0005878601769255589}, 
   {0.0024806273285482624, 0.005811713316436722, -0.0001991638909332183, 
    0.000587860176925587}, {0, 0.0005878601769255883, 0.0005878601769255613, 
    0.9872477685218126}}}, 
 {{{0., 0.03301694693378741, 0.03301694693378741, 0.033016946933787435}, 
   {-0.03301694693378741, 0., -0.03439489540924018, 0.03439489540923997}, 
   {-0.03301694693378741, 0.03439489540924018, 0., -0.03439489540923997}, 
   {-0.033016946933787435, -0.03439489540923997, 0.03439489540923997, 0.}}, 
  {{0., 0.033016946933787414, 0.03301694693378741, 0.0330169469337875}, 
   {-0.033016946933787414, 0., -0.03439489540924004, 0.03439489540924018}, 
   {-0.03301694693378741, 0.03439489540924004, 0., -0.03439489540924018}, 
   {-0.0330169469337875, -0.03439489540924018, 0.03439489540924018, 0.}}}, 
 {0, 0}, {{-1.5224868293048694, -1.4984682768728173}, 
  {-6.297525339854796, -1.5465053817369228, -1.6022572881904753}, 
  {-1.5470065838585583, -1.522988031426506}, {{2, 0.01591226729637802}, 
   {3, 0.0063646397514767125}, {4, 0.0025594743195893263}, 
   {5, 0.0010317339191781572}, {6, 0.00041631343968842605}, 
   {7, 0.00016805509253997597}, {8, 0.00006785087063355955}}, 
  {{2, 0.11631652631842183}, {3, 0.054930628362310774}, 
   {4, 0.03381883664178928}, {5, 0.025800086072102425}, 
   {6, 0.022639547378446125}, {7, 0.021375652388552435}, 
   {8, 0.02086729094328455}}, {1.6556325606327818*^-9, 0.9258848216963602}}}
