{9, 28, {{{-0.5229129309747758, 0, -0.0012133287423613656, 
    0.0012133287423613634}, {0, 0.9936536167425892, 0.00024695818006800546, 
    0.0002469581800680667}, {-0.0012133287423613183, 0.0002469581800680908, 
    -0.000059749714157709966, 0.002903183785211068}, 
   {0.0012133287423613545, 0.0002469581800679825, 0.002903183785211059, 
    -0.00005974971415765272}}, {{-0.5229129309747758, 0.0012133287423613714, 
    0, -0.0012133287423613652}, {0.0012133287423613213, 
    -0.000059749714157713435, 0.00024695818006808255, 0.002903183785211089}, 
   {0, 0.0002469581800680152, 0.9936536167425893, 0.0002469581800680277}, 
   {-0.0012133287423613478, 0.0029031837852109966, 0.00024695818006801505, 
    -0.000059749714157647515}}, 
  {{-0.5229129309747759, -0.0012133287423613298, 0.0012133287423613244, 0}, 
   {-0.0012133287423612765, -0.00005974971415772471, 0.002903183785210957, 
    0.00024695818006799776}, {0.0012133287423612745, 0.002903183785211076, 
    -0.00005974971415767527, 0.00024695818006803506}, 
   {0, 0.00024695818006804655, 0.0002469581800680091, 0.9936536167425896}}}, 
 {{{0., 0.023660470573129776, 0.02366047057312977, 0.023660470573129783}, 
   {-0.023660470573129776, 0., -0.02410749630854067, 0.024107496308540553}, 
   {-0.02366047057312977, 0.02410749630854067, 0., -0.024107496308540588}, 
   {-0.023660470573129783, -0.024107496308540553, 0.024107496308540588, 0.}}, 
  {{0., 0.023660470573129755, 0.023660470573129783, 0.023660470573129838}, 
   {-0.023660470573129755, 0., -0.024107496308540578, 0.02410749630854072}, 
   {-0.023660470573129783, 0.024107496308540578, 0., -0.024107496308540713}, 
   {-0.023660470573129838, -0.02410749630854072, 0.024107496308540713, 0.}}}, 
 {0, 0}, {{-1.5481680877677937, -1.535873746618699}, 
  {-6.298283325295303, -1.5604624289168876, -1.588679233730764}, 
  {-1.5605785696097918, -1.548284228460697}, {{2, 0.011341229769495541}, 
   {3, 0.004486082142248861}, {4, 0.0017790019704048074}, 
   {5, 0.0007062679774294672}, {6, 0.0002805189068885161}, 
   {7, 0.0001114384808587332}, {8, 0.00004427314376086178}}, 
  {{2, 0.10193150466523496}, {3, 0.04214819645371709}, 
   {4, 0.0217292528467726}, {5, 0.014063813415742397}, 
   {6, 0.011084676120863824}, {7, 0.009911277944770047}, 
   {8, 0.009446678882171555}}, {1.9629654405468463*^-10, 0.9625207612213073}}}
