{7, 28, {{{-0.5246625462460688, 0, -0.0001286968723035537, 
    0.00012869687230354068}, {0, 0.9993065636439866, 0.000027810280232125272, 
    0.000027810280231848217}, {-0.0001286968723034932, 
    0.000027810280232158286, -8.625059818795702*^-6, 0.000313162509276438}, 
   {0.00012869687230352913, 0.000027810280232061792, 0.0003131625092764298, 
    -8.625059818460033*^-6}}, {{-0.5246625462460688, 0.00012869687230353388, 
    0, -0.00012869687230353797}, {0.0001286968723034808, 
    -8.625059818778355*^-6, 0.000027810280232154735, 0.0003131625092763362}, 
   {0, 0.000027810280232143486, 0.9993065636439867, 0.000027810280231990668}, 
   {-0.00012869687230352317, 0.00031316250927661954, 0.000027810280231915797, 
    -8.62505981846784*^-6}}, {{-0.524662546246069, -0.00012869687230349422, 
    0.00012869687230352442, 0}, {-0.00012869687230344028, 
    -8.625059818827795*^-6, 0.00031316250927672384, 0.000027810280232066583}, 
   {0.000128696872303447, 0.0003131625092765592, -8.625059818856418*^-6, 
    0.000027810280231920534}, {0, 0.00002781028023183407, 
    0.000027810280231965325, 0.9993065636439873}}}, 
 {{{0., 0.007788485393117801, 0.007788485393117793, 0.007788485393117795}, 
   {-0.007788485393117801, 0., -0.007975157862065294, 0.007975157862065273}, 
   {-0.007788485393117793, 0.007975157862065294, 0., -0.007975157862065218}, 
   {-0.007788485393117795, -0.007975157862065273, 0.007975157862065218, 0.}}, 
  {{0., 0.007788485393117788, 0.007788485393117786, 0.007788485393117798}, 
   {-0.007788485393117788, 0., -0.00797515786206531, 0.007975157862065329}, 
   {-0.007788485393117786, 0.00797515786206531, 0., -0.007975157862065294}, 
   {-0.007788485393117798, -0.007975157862065329, 0.007975157862065294, 
    0.}}}, {0, 0}, {{-1.5717291547582586, -1.5703801495167686}, 
  {-6.298511543147935, -1.5730781599997465, -1.576177611574221}, 
  {-1.573094326309777, -1.571745321068287}, {{2, 0.003726449726976092}, 
   {3, 0.0014602942672411155}, {4, 0.0005723953724381513}, 
   {5, 0.00022438809745238368}, {6, 0.00008796765895696147}}, 
  {{2, 0.1025069704249347}, {3, 0.04273362024716987}, 
   {4, 0.022431632582404187}, {5, 0.014883487857881246}, 
   {6, 0.01198387488230022}}, {2.572975969007953*^-13, 0.9958465880082537}}}
