{10, 28, {{{-0.5129990684769652, 0, -0.008076683038134141, 
    0.008076683038134124}, {0, 0.9621292109859463, 0.0013935822837508856, 
    0.001393582283750975}, {-0.008076683038134093, 0.0013935822837508475, 
    0.00007527715618595599, 0.018154994657875415}, 
   {0.008076683038134113, 0.00139358228375084, 0.01815499465787543, 
    0.00007527715618592563}}, {{-0.5129990684769652, 0.008076683038134143, 0, 
    -0.008076683038134125}, {0.008076683038134115, 0.00007527715618591089, 
    0.001393582283750866, 0.018154994657875484}, {0, 0.0013935822837508787, 
    0.9621292109859464, 0.0013935822837509281}, {-0.008076683038134119, 
    0.018154994657875376, 0.0013935822837509257, 0.00007527715618593778}}, 
  {{-0.5129990684769652, -0.008076683038134115, 0.008076683038134117, 0}, 
   {-0.008076683038134072, 0.00007527715618591089, 0.018154994657875408, 
    0.0013935822837509177}, {0.008076683038134067, 0.018154994657875526, 
    0.00007527715618585451, 0.0013935822837509656}, 
   {0, 0.0013935822837508986, 0.001393582283750861, 0.9621292109859463}}}, 
 {{{0., 0.0584732324292581, 0.05847323242925813, 0.05847323242925815}, 
   {-0.0584732324292581, 0., -0.058892284002880435, 0.058892284002880185}, 
   {-0.05847323242925813, 0.058892284002880435, 0., -0.058892284002880185}, 
   {-0.05847323242925815, -0.058892284002880185, 0.058892284002880185, 0.}}, 
  {{0., 0.0584732324292581, 0.05847323242925813, 0.058473232429258254}, 
   {-0.0584732324292581, 0., -0.05889228400288026, 0.05889228400288049}, 
   {-0.05847323242925813, 0.05889228400288026, 0., -0.05889228400288049}, 
   {-0.058473232429258254, -0.05889228400288049, 0.05889228400288049, 0.}}}, 
 {0, 0}, {{-1.4200764970878008, -1.3491814704726186}, 
  {-6.2896733505092675, -1.490971523702982, -1.6538651515516518}, 
  {-1.4912255602187592, -1.420330533603577}, {{2, 0.0285798401734198}, 
   {3, 0.011978556786890887}, {4, 0.0051255940399437955}, 
   {5, 0.002214626152544627}, {6, 0.0009610558661877489}, 
   {7, 0.0004178596711748028}, {8, 0.00018183483890547858}, 
   {9, 0.00007915583445380903}}, {{2, 0.09913232200025412}, 
   {3, 0.03930781662811896}, {4, 0.01810505752339147}, 
   {5, 0.00962184628857949}, {6, 0.006058579878555075}, 
   {7, 0.004530900797530699}, {8, 0.0038701524974087582}, 
   {9, 0.003583276964627983}}, {4.172058473009539*^-8, 0.7932323220089886}}}
