{9, 32, {{{-0.5229079863564962, 0, -0.0012150833549121947, 
    0.0012150833549121956}, {0, 0.9936527175991854, 0.00024678154003738716, 
    0.00024678154003738944}, {-0.0012150833549121592, 0.0002467815400373784, 
    -0.000059490850402110426, 0.002903739255752022}, 
   {0.0012150833549121843, 0.00024678154003737697, 0.002903739255752027, 
    -0.000059490850402031496}}, {{-0.5229079863564963, 0.0012150833549122023, 
    0, -0.0012150833549121993}, {0.0012150833549121644, 
    -0.000059490850402109125, 0.000246781540037377, 0.0029037392557520465}, 
   {0, 0.0002467815400373866, 0.9936527175991856, 0.0002467815400373662}, 
   {-0.0012150833549121802, 0.0029037392557520088, 0.0002467815400373885, 
    -0.0000594908504019942}}, {{-0.5229079863564963, -0.00121508335491219, 
    0.0012150833549121613, 0}, {-0.0012150833549121373, 
    -0.00005949085040217114, 0.0029037392557520426, 0.00024678154003738255}, 
   {0.0012150833549121236, 0.0029037392557520257, -0.00005949085040216073, 
    0.00024678154003739377}, {0, 0.00024678154003734856, 
    0.00024678154003733826, 0.9936527175991857}}}, 
 {{{0., 0.023662800149494873, 0.023662800149494862, 0.023662800149494883}, 
   {-0.023662800149494873, 0., -0.024107858418173717, 0.02410785841817361}, 
   {-0.023662800149494862, 0.024107858418173717, 0., -0.0241078584181736}, 
   {-0.023662800149494883, -0.02410785841817361, 0.0241078584181736, 0.}}, 
  {{0., 0.02366280014949486, 0.023662800149494866, 0.023662800149494928}, 
   {-0.02366280014949486, 0., -0.024107858418173644, 0.024107858418173745}, 
   {-0.023662800149494866, 0.024107858418173644, 0., -0.024107858418173735}, 
   {-0.023662800149494928, -0.024107858418173745, 0.024107858418173735, 
    0.}}}, {0, 0}, {{-1.5481510577926154, -1.5358555061601318}, 
  {-6.298223842431314, -1.560446609425096, -1.5886653117905611}, 
  {-1.5605622389551494, -1.5482666873226658}, {{2, 0.011342617104644022}, 
   {3, 0.004486911584318527}, {4, 0.0017794431949926803}, 
   {5, 0.0007064881198955222}, {6, 0.0002806242811141113}, 
   {7, 0.00011148748067761616}, {8, 0.000044295449489140104}}, 
  {{2, 0.101894007344788}, {3, 0.04210906888419841}, 
   {4, 0.02168867471585197}, {5, 0.014022283527313412}, 
   {6, 0.011042602047893549}, {7, 0.009868917512919594}, 
   {8, 0.009404175876630078}}, {1.9631423569828182*^-10, 0.9625155354028465}}}
{3, 32, {{{-0.5229038587435483, 0, -0.0012164672871731895, 
    0.0012164672871731804}, {0, 0.9936488679913933, 0.00024491333566433794, 
    0.00024491333566437903}, {-0.0012164672871731379, 0.0002449133356643416, 
    -0.00005723398074784303, 0.002907422126249968}, 
   {0.0012164672871731676, 0.00024491333566429836, 0.00290742212624994, 
    -0.00005723398074778188}}, {{-0.5229038587435485, 0.0012164672871731934, 
    0, -0.0012164672871731778}, {0.0012164672871731387, 
    -0.000057233980747763234, 0.00024491333566433, 0.0029074221262499786}, 
   {0, 0.00024491333566432737, 0.9936488679913934, 0.0002449133356643731}, 
   {-0.0012164672871731704, 0.0029074221262499274, 0.00024491333566430373, 
    -0.00005723398074786168}}, {{-0.5229038587435485, -0.0012164672871731524, 
    0.0012164672871731517, 0}, {-0.0012164672871730875, 
    -0.00005723398074790418, 0.0029074221262498584, 0.0002449133356643264}, 
   {0.0012164672871730893, 0.00290742212625001, -0.00005723398074786168, 
    0.00024491333566432373}, {0, 0.0002449133356643533, 
    0.00024491333566434753, 0.9936488679913935}}}, 
 {{{0., 0.02368768392715516, 0.023687683927155166, 0.023687683927155187}, 
   {-0.02368768392715516, 0., -0.02410852341078222, 0.02410852341078207}, 
   {-0.023687683927155166, 0.02410852341078222, 0., -0.024108523410782085}, 
   {-0.023687683927155187, -0.02410852341078207, 0.024108523410782085, 0.}}, 
  {{0., 0.023687683927155145, 0.02368768392715516, 0.023687683927155236}, 
   {-0.023687683927155145, 0., -0.02410852341078213, 0.024108523410782214}, 
   {-0.02368768392715516, 0.02410852341078213, 0., -0.024108523410782234}, 
   {-0.023687683927155236, -0.024108523410782214, 0.024108523410782234, 
    0.}}}, {0, 0}, {{-1.5481233194134334, -1.5358148377907934}, 
  {-6.298201295994015, -1.5604318010360734, -1.588668846960934}, 
  {-1.560541138341194, -1.548232656718554}, {{2, 0.00003119130329860831}}, 
  {{2, 0.008883086352409073}}, {1.9634672880065251*^-10, 0.9624931617625273}}}
