{9, 32, {{{-0.5192056371803735, 0, -0.00367430822294268, 
    0.0036743082229426524}, {0, 0.9817716588589716, 0.0006963313069304029, 
    0.0006963313069303749}, {-0.003674308222942629, 0.0006963313069302949, 
    -0.00009252393064944527, 0.008509898147131184}, 
   {0.0036743082229426403, 0.0006963313069302875, 0.00850989814713123, 
    -0.0000925239306494843}}, {{-0.5192056371803735, 0.003674308222942662, 0, 
    -0.0036743082229426516}, {0.0036743082229426342, -0.00009252393064946305, 
    0.0006963313069302934, 0.008509898147131226}, 
   {0, 0.0006963313069304044, 0.9817716588589716, 0.0006963313069303523}, 
   {-0.0036743082229426446, 0.00850989814713121, 0.0006963313069303075, 
    -0.00009252393064945741}}, {{-0.5192056371803735, -0.0036743082229426143, 
    0.0036743082229426243, 0}, {-0.003674308222942583, 
    -0.00009252393064949384, 0.008509898147131198, 0.0006963313069303326}, 
   {0.0036743082229425744, 0.008509898147131285, -0.00009252393064954068, 
    0.0006963313069303513}, {0, 0.0006963313069303101, 0.0006963313069302947, 
    0.9817716588589714}}}, 
 {{{0., 0.04026898869284394, 0.040268988692843954, 0.04026898869284398}, 
   {-0.04026898869284394, 0., -0.04085500683729479, 0.04085500683729461}, 
   {-0.040268988692843954, 0.04085500683729479, 0., -0.04085500683729461}, 
   {-0.04026898869284398, -0.04085500683729461, 0.04085500683729461, 0.}}, 
  {{0., 0.04026898869284395, 0.04026898869284394, 0.040268988692844045}, 
   {-0.04026898869284395, 0., -0.04085500683729465, 0.040855006837294844}, 
   {-0.04026898869284394, 0.04085500683729465, 0., -0.04085500683729485}, 
   {-0.040268988692844045, -0.040855006837294844, 0.04085500683729485, 0.}}}, 
 {0, 0}, {{-1.4992149462688358, -1.4643409790761248}, 
  {-6.296487030782182, -1.534088913461547, -1.614154601929544}, 
  {-1.5343426667616336, -1.4994686995689226}, {{2, 0.019478622595829484}, 
   {3, 0.007870117325860335}, {4, 0.0032068655776564814}, 
   {5, 0.001311710238980815}, {6, 0.0005374030200814284}, 
   {7, 0.00022032086340792456}, {8, 0.00009035083162092783}}, 
  {{2, 0.10073715017632275}, {3, 0.04092118580285431}, 
   {4, 0.020218445978401195}, {5, 0.012267634046288198}, 
   {6, 0.00909146721795153}, {7, 0.007802622452848217}, 
   {8, 0.00727629577341354}}, {4.650200998758078*^-9, 0.8954945480005023}}}
