{10, 32, {{{-0.5129921878491505, 0, -0.008101573968349271, 
    0.008101573968349238}, {0, 0.9621182230079259, 0.0013910222265895627, 
    0.0013910222265895635}, {-0.0081015739683492, 0.0013910222265895028, 
    0.00007984079015214583, 0.018161008457861928}, 
   {0.008101573968349233, 0.0013910222265894928, 0.018161008457861866, 
    0.00007984079015209596}}, {{-0.5129921878491506, 0.008101573968349266, 0, 
    -0.008101573968349235}, {0.008101573968349209, 0.00007984079015216231, 
    0.0013910222265895071, 0.018161008457861894}, 
   {0, 0.0013910222265895687, 0.9621182230079259, 0.0013910222265895791}, 
   {-0.008101573968349221, 0.018161008457861887, 0.001391022226589475, 
    0.00007984079015213585}}, {{-0.5129921878491506, -0.0081015739683492, 
    0.0081015739683492, 0}, {-0.008101573968349176, 0.00007984079015208381, 
    0.018161008457862005, 0.0013910222265895531}, 
   {0.008101573968349166, 0.018161008457861953, 0.00007984079015208034, 
    0.0013910222265895392}, {0, 0.0013910222265894924, 0.0013910222265894898, 
    0.9621182230079258}}}, 
 {{{0., 0.05848556758201492, 0.05848556758201494, 0.05848556758201497}, 
   {-0.05848556758201492, 0., -0.05889685904603724, 0.058896859046036955}, 
   {-0.05848556758201494, 0.05889685904603724, 0., -0.05889685904603695}, 
   {-0.05848556758201497, -0.058896859046036955, 0.05889685904603695, 0.}}, 
  {{0., 0.058485567582014904, 0.058485567582014904, 0.05848556758201505}, 
   {-0.058485567582014904, 0., -0.05889685904603703, 0.05889685904603728}, 
   {-0.058485567582014904, 0.05889685904603703, 0., -0.05889685904603728}, 
   {-0.05848556758201505, -0.05889685904603728, 0.05889685904603728, 0.}}}, 
 {0, 0}, {{-1.420029099224202, -1.3491191170311154}, 
  {-6.2895989069461855, -1.4909390814172898, -1.653860372055803}, 
  {-1.4911884136166311, -1.4202784314235446}, {{2, 0.02858712498743307}, 
   {3, 0.011983534619702335}, {4, 0.005128450522651609}, 
   {5, 0.002216153187852496}, {6, 0.0009618416507684024}, 
   {7, 0.00041825417191422576}, {8, 0.00018202939500226722}, 
   {9, 0.00007925047388168682}}, {{2, 0.09907419480497927}, 
   {3, 0.039247527265261324}, {4, 0.018042239115558748}, 
   {5, 0.00955717356048729}, {6, 0.005992735551774484}, 
   {7, 0.004464375402710521}, {8, 0.0038032525926090435}, 
   {9, 0.0035161791278285567}}, {4.174003487227158*^-8, 0.7931779689946277}}}
