{10, 32, {{{-0.5129921878491505, 0, -0.008101573968349271, 
    0.008101573968349238}, {0, 0.9621182230079259, 0.0013910222265895627, 
    0.0013910222265895635}, {-0.0081015739683492, 0.0013910222265895028, 
    0.00007984079015214583, 0.018161008457861928}, 
   {0.008101573968349233, 0.0013910222265894928, 0.018161008457861866, 
    0.00007984079015209596}}, {{-0.5129921878491506, 0.008101573968349266, 0, 
    -0.008101573968349235}, {0.008101573968349209, 0.00007984079015216231, 
    0.0013910222265895071, 0.018161008457861894}, 
   {0, 0.0013910222265895687, 0.9621182230079259, 0.0013910222265895791}, 
   {-0.008101573968349221, 0.018161008457861887, 0.001391022226589475, 
    0.00007984079015213585}}, {{-0.5129921878491506, -0.0081015739683492, 
    0.0081015739683492, 0}, {-0.008101573968349176, 0.00007984079015208381, 
    0.018161008457862005, 0.0013910222265895531}, 
   {0.008101573968349166, 0.018161008457861953, 0.00007984079015208034, 
    0.0013910222265895392}, {0, 0.0013910222265894924, 0.0013910222265894898, 
    0.9621182230079258}}}, 
 {{{0., 0.05848556758201492, 0.05848556758201494, 0.05848556758201497}, 
   {-0.05848556758201492, 0., -0.05889685904603724, 0.058896859046036955}, 
   {-0.05848556758201494, 0.05889685904603724, 0., -0.05889685904603695}, 
   {-0.05848556758201497, -0.058896859046036955, 0.05889685904603695, 0.}}, 
  {{0., 0.058485567582014904, 0.058485567582014904, 0.05848556758201505}, 
   {-0.058485567582014904, 0., -0.05889685904603703, 0.05889685904603728}, 
   {-0.058485567582014904, 0.05889685904603703, 0., -0.05889685904603728}, 
   {-0.05848556758201505, -0.05889685904603728, 0.05889685904603728, 0.}}}, 
 {0, 0}, {{-1.420029099224202, -1.3491191170311154}, 
  {-6.2895989069461855, -1.4909390814172898, -1.653860372055803}, 
  {-1.4911884136166311, -1.4202784314235446}, {{2, 0.02858712498743307}, 
   {3, 0.011983534619702335}, {4, 0.005128450522651609}, 
   {5, 0.002216153187852496}, {6, 0.0009618416507684024}, 
   {7, 0.00041825417191422576}, {8, 0.00018202939500226722}, 
   {9, 0.00007925047388168682}}, {{2, 0.09907419480497927}, 
   {3, 0.039247527265261324}, {4, 0.018042239115558748}, 
   {5, 0.00955717356048729}, {6, 0.005992735551774484}, 
   {7, 0.004464375402710521}, {8, 0.0038032525926090435}, 
   {9, 0.0035161791278285567}}, {4.174003487227158*^-8, 0.7931779689946277}}}
{3, 32, {{{-0.5129685764502434, 0, -0.008112344432549306, 
    0.008112344432549285}, {0, 0.9620886993393307, 0.001381898203708935, 
    0.0013818982037089133}, {-0.008112344432549257, 0.0013818982037087746, 
    0.00009168666917045397, 0.018184328997652214}, 
   {0.00811234443254926, 0.0013818982037088526, 0.018184328997652193, 
    0.00009168666917042361}}, {{-0.5129685764502434, 0.008112344432549302, 0, 
    -0.008112344432549282}, {0.00811234443254926, 0.00009168666917044573, 
    0.001381898203708792, 0.01818432899765221}, {0, 0.0013818982037089238, 
    0.9620886993393307, 0.0013818982037089155}, {-0.008112344432549264, 
    0.01818432899765221, 0.0013818982037088461, 0.00009168666917039325}}, 
  {{-0.5129685764502434, -0.008112344432549247, 0.00811234443254925, 0}, 
   {-0.00811234443254922, 0.00009168666917038024, 0.018184328997652252, 
    0.0013818982037089272}, {0.008112344432549216, 0.018184328997652287, 
    0.00009168666917042101, 0.0013818982037089094}, 
   {0, 0.0013818982037088132, 0.0013818982037088333, 0.9620886993393306}}}, 
 {{{0., 0.05854390737874017, 0.058543907378740184, 0.05854390737874021}, 
   {-0.05854390737874017, 0., -0.058906206311341566, 0.05890620631134127}, 
   {-0.058543907378740184, 0.058906206311341566, 0., -0.05890620631134126}, 
   {-0.05854390737874021, -0.05890620631134127, 0.05890620631134126, 0.}}, 
  {{0., 0.05854390737874017, 0.05854390737874017, 0.05854390737874031}, 
   {-0.05854390737874017, 0., -0.05890620631134138, 0.0589062063113416}, 
   {-0.05854390737874017, 0.05890620631134138, 0., -0.058906206311341594}, 
   {-0.05854390737874031, -0.0589062063113416, 0.058906206311341594, 0.}}}, 
 {0, 0}, {{-1.4198652633928897, -1.3488845479553797}, 
  {-6.28945366784248, -1.4908459788303996, -1.6538808550908404}, 
  {-1.4910656108859766, -1.4200848954484666}, {{2, 0.00007188653389533783}}, 
  {{2, 0.003094249673645872}}, {4.177979692598111*^-8, 0.7930319429043289}}}
