{9, 28, {{{-0.5192109176076207, 0, -0.0036645711948048586, 
    0.0036645711948048287}, {0, 0.9817752208382646, 0.0006971083745118923, 
    0.0006971083745118325}, {-0.0036645711948048083, 0.0006971083745117518, 
    -0.00009381504571060253, 0.008507838444077893}, 
   {0.003664571194804832, 0.0006971083745118546, 0.008507838444077877, 
    -0.00009381504571058345}}, {{-0.5192109176076207, 0.003664571194804873, 
    0, -0.0036645711948048347}, {0.0036645711948048144, 
    -0.0000938150457106034, 0.0006971083745117383, 0.008507838444077891}, 
   {0, 0.0006971083745118888, 0.9817752208382645, 0.0006971083745118598}, 
   {-0.0036645711948048347, 0.008507838444077905, 0.0006971083745118332, 
    -0.00009381504571059907}}, {{-0.5192109176076206, -0.003664571194804826, 
    0.00366457119480483, 0}, {-0.003664571194804769, -0.00009381504571061728, 
    0.008507838444077973, 0.0006971083745118795}, 
   {0.003664571194804767, 0.008507838444077879, -0.00009381504571054355, 
    0.0006971083745118604}, {0, 0.0006971083745118084, 0.0006971083745118236, 
    0.9817752208382644}}}, 
 {{{0., 0.040263419505893946, 0.040263419505893926, 0.040263419505893974}, 
   {-0.040263419505893946, 0., -0.04085350774479188, 0.0408535077447917}, 
   {-0.040263419505893926, 0.04085350774479188, 0., -0.04085350774479169}, 
   {-0.040263419505893974, -0.0408535077447917, 0.04085350774479169, 0.}}, 
  {{0., 0.040263419505893926, 0.04026341950589392, 0.040263419505894044}, 
   {-0.040263419505893926, 0., -0.04085350774479175, 0.040853507744791934}, 
   {-0.04026341950589392, 0.04085350774479175, 0., -0.04085350774479192}, 
   {-0.040263419505894044, -0.040853507744791934, 0.04085350774479192, 0.}}}, 
 {0, 0}, {{-1.4992395246031687, -1.4643703804678347}, 
  {-6.296549548138487, -1.5341086687385022, -1.6141661053307415}, 
  {-1.5343641844411826, -1.4994950403058487}, {{2, 0.01947541674761083}, 
   {3, 0.007867944126758841}, {4, 0.003205602894315124}, 
   {5, 0.0013110349280571615}, {6, 0.0005370604064760254}, 
   {7, 0.0002201532043962784}, {8, 0.00009027089410140743}}, 
  {{2, 0.10078027380611804}, {3, 0.040966728035317895}, 
   {4, 0.02026639893713457}, {5, 0.012317288771135845}, 
   {6, 0.009142152055979878}, {7, 0.007853876317517345}, 
   {8, 0.007327845549872839}}, {4.649177313895359*^-9, 0.8955140419140216}}}
