{7, 32, {{{-0.52465760670156, 0, -0.00012878308263474946, 
    0.00012878308263474005}, {0, 0.9993064727569918, 0.000027792960951190807, 
    0.000027792960951238634}, {-0.00012878308263470443, 
    0.000027792960951546547, -8.601556665387838*^-6, 0.00031322076943444526}, 
   {0.00012878308263473878, 0.000027792960951331414, 0.0003132207694341457, 
    -8.601556665571719*^-6}}, {{-0.5246576067015598, 0.00012878308263475425, 
    0, -0.00012878308263474322}, {0.00012878308263471682, 
    -8.601556665460697*^-6, 0.00002779296095153849, 0.0003132207694343003}, 
   {0, 0.00002779296095118538, 0.9993064727569916, 0.000027792960951389782}, 
   {-0.00012878308263474024, 0.00031322076943430025, 0.000027792960951184363, 
    -8.601556665321919*^-6}}, {{-0.5246576067015603, -0.00012878308263471758, 
    0.00012878308263471942, 0}, {-0.00012878308263466153, 
    -8.601556665763406*^-6, 0.00031322076943453915, 0.000027792960951335385}, 
   {0.00012878308263466023, 0.0003132207694343089, -8.601556665793764*^-6, 
    0.0000277929609511883}, {0, 0.000027792960951254734, 
    0.00002779296095138507, 0.9993064727569927}}}, 
 {{{0., 0.007789199887006928, 0.007789199887006923, 0.0077891998870069324}, 
   {-0.007789199887006928, 0., -0.007975235882663387, 0.007975235882663103}, 
   {-0.007789199887006923, 0.007975235882663387, 0., -0.007975235882663108}, 
   {-0.0077891998870069324, -0.007975235882663103, 0.007975235882663108, 
    0.}}, {{0., 0.0077891998870069186, 0.007789199887006931, 
    0.007789199887006954}, {-0.0077891998870069186, 0., 
    -0.007975235882663368, 0.007975235882663145}, 
   {-0.007789199887006931, 0.007975235882663368, 0., -0.007975235882663152}, 
   {-0.007789199887006954, -0.007975235882663145, 0.007975235882663152, 
    0.}}}, {0, 0}, {{-1.5717141129833614, -1.570364983987902}, 
  {-6.298452244111524, -1.5730632419788226, -1.5761628800769394}, 
  {-1.5730793531686476, -1.571730224173188}, {{2, 0.003726887589171517}, 
   {3, 0.0014605480339295596}, {4, 0.0005725270018144719}, 
   {5, 0.00022445230482311465}, {6, 0.00008799777293622482}}, 
  {{2, 0.10246956506026314}, {3, 0.04269445961776795}, 
   {4, 0.02239105510640473}, {5, 0.014842023507562712}, 
   {6, 0.011941919475362526}}, {2.573127000526163*^-13, 0.995846044574518}}}
{3, 32, {{{-0.5246558677309305, 0, -0.00012931290535445294, 
    0.0001293129053544864}, {0, 0.9993049518024866, 0.000026983799803953693, 
    0.00002698379980377675}, {-0.0001293129053544294, 
    0.000026983799803654765, -7.635923735638955*^-6, 0.000314740506713328}, 
   {0.00012931290535445292, 0.00002698379980385003, 0.0003147405067134712, 
    -7.63592373558171*^-6}}, {{-0.5246558677309305, 0.000129312905354478, 0, 
    -0.00012931290535449246}, {0.00012931290535445777, 
    -7.635923735623776*^-6, 0.00002698379980365181, 0.0003147405067133516}, 
   {0, 0.000026983799803954398, 0.9993049518024861, 0.00002698379980378718}, 
   {-0.0001293129053544583, 0.0003147405067135191, 0.000026983799803845883, 
    -7.635923735621608*^-6}}, {{-0.5246558677309311, -0.0001293129053544275, 
    0.00012931290535441348, 0}, {-0.00012931290535437938, 
    -7.6359237360683*^-6, 0.00031474050671354855, 0.00002698379980386357}, 
   {0.00012931290535436914, 0.00031474050671363686, -7.635923735954675*^-6, 
    0.000026983799803858175}, {0, 0.000026983799803768484, 
    0.00002698379980378637, 0.9993049518024875}}}, 
 {{{0., 0.007820939765720281, 0.007820939765720285, 0.007820939765720314}, 
   {-0.007820939765720281, 0., -0.00797532771100813, 0.007975327711008007}, 
   {-0.007820939765720285, 0.00797532771100813, 0., -0.007975327711008031}, 
   {-0.007820939765720314, -0.007975327711008007, 0.007975327711008031, 0.}}, 
  {{0., 0.007820939765720292, 0.007820939765720281, 0.007820939765720309}, 
   {-0.007820939765720292, 0., -0.007975327711008163, 0.007975327711008076}, 
   {-0.007820939765720281, 0.007975327711008163, 0., -0.007975327711008106}, 
   {-0.007820939765720309, -0.007975327711008076, 0.007975327711008106, 
    0.}}}, {0, 0}, {{-1.5717024946399882, -1.5703478681362721}, 
  {-6.298442981023727, -1.5730571211437057, -1.5761643693681577}, 
  {-1.5730704915319702, -1.5717158650282541}, {{2, 0.000010434096698905965}}, 
  {{2, 0.009870165856824804}}, {2.5733047704119397*^-13, 0.9958369504829285}}}
