{3, 32, {{{-0.5236574139216172, 0, 6.206548591570243*^-7, 
    -6.206548591856635*^-7}, {0, 0.9989447164472196, -0.0005671068138560472, 
    -0.0005671068138560466}, {6.20654859236728*^-7, -0.0005671068138560487, 
    0.0006753427224016994, 0.0010568576467377977}, 
   {-6.206548592056397*^-7, -0.0005671068138560433, 0.0010568576467377743, 
    0.0006753427224022186}}, {{-0.5236574139216186, -6.206548591645286*^-7, 
    0, 6.206548592157927*^-7}, {-6.206548592343562*^-7, 
    0.0006753427224020793, -0.0005671068138560536, 0.0010568576467376166}, 
   {0, -0.000567106813856035, 0.9989447164472194, -0.0005671068138560879}, 
   {6.20654859179981*^-7, 0.0010568576467375784, -0.000567106813856068, 
    0.0006753427224024944}}, {{-0.5236574139216158, 6.20654859204751*^-7, 
    -6.206548592151707*^-7, 0}, {6.206548591880334*^-7, 
    0.0006753427224020728, 0.0010568576467368698, -0.0005671068138560326}, 
   {-6.206548591775542*^-7, 0.0010568576467369787, 0.000675342722402078, 
    -0.000567106813856068}, {0, -0.0005671068138560571, 
    -0.0005671068138560951, 0.9989447164472214}}}, 
 {{{0., 0.018591234921591447, 0.01859123492159146, 0.018591234921591433}, 
   {-0.018591234921591447, 0., 0.000015848201652959042, 
    -0.000015848201653203997}, {-0.01859123492159146, 
    -0.000015848201652959042, 0., 0.00001584820165339544}, 
   {-0.018591234921591433, 0.000015848201653203997, -0.00001584820165339544, 
    0.}}, {{0., 0.01859123492159144, 0.01859123492159146, 
    0.018591234921591475}, {-0.01859123492159144, 0., 0.00001584820165365975, 
    -0.000015848201653309385}, {-0.01859123492159146, 
    -0.00001584820165365975, 0., 0.000015848201653115374}, 
   {-0.018591234921591475, 0.000015848201653309385, -0.000015848201653115374, 
    0.}}}, {0, 0}, {{-1.5671312262980077, -1.5639111299520447}, 
  {-6.298448076603107, -1.570351322643973, -1.5788727156575804}, 
  {-1.5687399019764663, -1.5655198056305033}, {{2, 0.00001207933728465671}}, 
  {{2, 0.5004262277820735}}, {1.584455080128706*^-29, 0.993684979548798}}}
