{80, 40, {{{-0.46764989334911067, 0, -0.030283968823556766, 
    0.030283968823556624}, {0, 0.87064055247119, -0.007340322447065938, 
    -0.0073403224470659605}, {-0.03028396882355669, -0.007340322447066062, 
    0.013999361803136212, 0.07064689000436991}, {0.030283968823556627, 
    -0.007340322447066099, 0.0706468900043699, 0.01399936180313647}}, 
  {{-0.46764989334911056, 0.03028396882355678, 0, -0.03028396882355664}, 
   {0.030283968823556703, 0.013999361803136195, -0.007340322447066073, 
    0.07064689000436991}, {0, -0.007340322447065955, 0.87064055247119, 
    -0.007340322447065955}, {-0.030283968823556648, 0.07064689000436992, 
    -0.007340322447066101, 0.013999361803136462}}, 
  {{-0.46764989334911056, -0.030283968823556603, 0.030283968823556613, 0}, 
   {-0.030283968823556648, 0.013999361803136223, 0.0706468900043699, 
    -0.0073403224470660194}, {0.03028396882355665, 0.07064689000436991, 
    0.013999361803136226, -0.007340322447066002}, 
   {0, -0.007340322447066238, -0.007340322447066243, 0.8706405524711898}}}, 
 {{{0., 0.2576005965121539, 0.25760059651215383, 0.2576005965121546}, 
   {-0.2576005965121539, 0., -0.2016720447040057, 0.2016720447040049}, 
   {-0.25760059651215383, 0.2016720447040057, 0., -0.2016720447040049}, 
   {-0.2576005965121546, -0.2016720447040049, 0.2016720447040049, 0.}}, 
  {{0., 0.2576005965121539, 0.2576005965121538, 0.25760059651215494}, 
   {-0.2576005965121539, 0., -0.20167204470400524, 0.20167204470400563}, 
   {-0.2576005965121538, 0.20167204470400524, 0., -0.20167204470400568}, 
   {-0.25760059651215494, -0.20167204470400563, 0.20167204470400568, 0.}}}, 
 {0, 0}, {{-1.108214961642571, -0.795890836789199}, 
  {-6.196826627490253, -1.4205390864959409, -1.6778742272491858}, 
  {-1.3866342038320298, -1.074310078978658}, {{2, 0.02699722221827818}, 
   {3, 0.022754035444641954}, {4, 0.019335826517390603}, 
   {5, 0.01657134868937163}, {6, 0.01431624663093567}, 
   {7, 0.01245835573179413}, {8, 0.01091259682248219}, 
   {9, 0.009614518369315705}, {10, 0.008514986951358744}, 
   {11, 0.007576218671912993}, {12, 0.006768879380717185}, 
   {13, 0.006069971912580574}, {14, 0.0054612918497156104}, 
   {15, 0.00492829238563966}, {16, 0.004459243933645579}, 
   {17, 0.004044606919029858}, {18, 0.0036765596475796802}, 
   {19, 0.0033486397707008786}, {20, 0.0030554696123755165}, 
   {21, 0.0027925439179611045}, {22, 0.0025560644585705394}, 
   {23, 0.002342810103356102}, {24, 0.0021500339625275533}, 
   {25, 0.0019753813589245273}, {26, 0.0018168239503985328}, 
   {27, 0.0016726064697205056}, {28, 0.0015412033924790403}, 
   {29, 0.001421283470307455}, {30, 0.001311680536074722}, 
   {31, 0.0012113693416239413}, {32, 0.001119445457524293}, 
   {33, 0.0010351084699945223}, {34, 0.0009576478685686118}, 
   {35, 0.000886431140865368}, {36, 0.0008208936866025418}, 
   {37, 0.000760530238146595}, {38, 0.000704887534194315}, 
   {39, 0.0006535580402442509}, {40, 0.000606174547053695}, 
   {41, 0.0005624055083722213}, {42, 0.000521951003489951}, 
   {43, 0.00048453922975805197}, {44, 0.00044992344619337876}, 
   {45, 0.0004178793023008609}, {46, 0.0003882024969230069}, 
   {47, 0.0003607067207110348}, {48, 0.0003352218430693332}, 
   {49, 0.00031159231044064484}, {50, 0.0002896757278060824}, 
   {51, 0.00026934159944935754}, {52, 0.0002504702085348032}, 
   {53, 0.00023295161798547737}, {54, 0.00021668477762359917}, 
   {55, 0.0002015767246297262}, {56, 0.0001875418661417272}, 
   {57, 0.00017450133432966863}, {58, 0.00016238240555616068}, 
   {59, 0.0001511179763332149}, {60, 0.0001406460897178663}, 
   {61, 0.0001309095065977206}, {62, 0.00012185531700681373}, 
   {63, 0.00011343458720863842}, {64, 0.00010560203879733665}, 
   {65, 0.00009831575651586544}, {66, 0.00009153692187513496}, 
   {67, 0.00008522956999468256}, {68, 0.00007936036737821173}, 
   {69, 0.00007389840859534091}, {70, 0.00006881503006050949}, 
   {71, 0.0000640836392995503}, {72, 0.00005967955826602367}, 
   {73, 0.0000555798794186213}, {74, 0.000051763333408116896}, 
   {75, 0.000048210167336359966}, {76, 0.00004490203265772319}, 
   {77, 0.000041821881883064016}, {78, 0.00003895387333041622}, 
   {79, 0.000036283283237181774}}, {{2, 0.8811800534705629}, 
   {3, 0.5007341840263595}, {4, 0.3164484174222724}, 
   {5, 0.20906550058913523}, {6, 0.13949253103914222}, 
   {7, 0.09118385533799962}, {8, 0.05595762649708478}, 
   {9, 0.029316191837354833}, {10, 0.00858915123033072}, 
   {11, 0.00790492902934552}, {12, 0.021275024587501357}, 
   {13, 0.03228056863673534}, {14, 0.041458065561696546}, 
   {15, 0.04919659693788961}, {16, 0.05578472053365694}, 
   {17, 0.06144062514442561}, {18, 0.06633210457785894}, 
   {19, 0.07059013477557498}, {20, 0.07431831482245922}, 
   {21, 0.0775995652863706}, {22, 0.08050096669939935}, 
   {23, 0.08307731133147028}, {24, 0.08537374860690657}, 
   {25, 0.08742778160214784}, {26, 0.08927079201489363}, 
   {27, 0.09092921784384973}, {28, 0.09242547209796612}, 
   {29, 0.09377866618306792}, {30, 0.09500518441549977}, 
   {31, 0.09611914395795598}, {32, 0.0971327657731973}, 
   {33, 0.09805667589103302}, {34, 0.0989001516708862}, 
   {35, 0.09967132432989759}, {36, 0.10037734645811132}, 
   {37, 0.1010245313219605}, {38, 0.1016184692980176}, 
   {39, 0.10216412566128666}, {40, 0.10266592308983548}, 
   {41, 0.10312781157733267}, {42, 0.10355332792073185}, 
   {43, 0.1039456465375966}, {44, 0.10430762304068111}, 
   {45, 0.10464183173705924}, {46, 0.1049505980106466}, 
   {47, 0.10523602637920366}, {48, 0.10550002488123711}, 
   {49, 0.1057443263379892}, {50, 0.1059705069457485}, 
   {51, 0.10618000257999849}, {52, 0.1063741231322595}, 
   {53, 0.10655406515037782}, {54, 0.10672092301147729}, 
   {55, 0.10687569882222753}, {56, 0.10701931121223551}, 
   {57, 0.10715260316220188}, {58, 0.10727634898818307}, 
   {59, 0.10739126058619455}, {60, 0.10749799302693125}, 
   {61, 0.10759714957812867}, {62, 0.10768928622167502}, 
   {63, 0.10777491572371352}, {64, 0.10785451130839453}, 
   {65, 0.1079285099794477}, {66, 0.10799731552817489}, 
   {67, 0.10806130126167046}, {68, 0.10812081248094403}, 
   {69, 0.10817616873504787}, {70, 0.10822766587421848}, 
   {71, 0.10827557792235572}, {72, 0.10832015878682733}, 
   {73, 0.1083616438215514}, {74, 0.10840025125753142}, 
   {75, 0.10843618351346203}, {76, 0.10846962839765942}, 
   {77, 0.10850076021137364}, {78, 0.1085297407624822}, 
   {79, 0.10855672029763716}}, {0.0000672781760755036, 0.4355453189495153}}}
