{10, 32, {{{-0.5241618355475668, 0, -0.00042489613916602513, 
    0.00042489613916600117}, {0, 0.9977484159207268, 0.00007853007762786835, 
    0.0000785300776276614}, {-0.0004248961391659946, 0.00007853007762770019, 
    -0.00001365469809669383, 0.0010310327192478408}, 
   {0.0004248961391660122, 0.00007853007762773236, 0.0010310327192478174, 
    -0.000013654698096571966}}, {{-0.524161835547567, 0.0004248961391660334, 
    0, -0.0004248961391660071}, {0.00042489613916601765, 
    -0.000013654698096671278, 0.00007853007762769425, 0.001031032719247836}, 
   {0, 0.00007853007762785287, 0.9977484159207269, 0.00007853007762770027}, 
   {-0.00042489613916602394, 0.0010310327192478903, 0.00007853007762770458, 
    -0.000013654698096748907}}, 
  {{-0.5241618355475671, -0.00042489613916598334, 0.00042489613916599147, 0}, 
   {-0.0004248961391659455, -0.000013654698096887685, 0.0010310327192479213, 
    0.000078530077627738}, {0.00042489613916593975, 0.0010310327192478994, 
    -0.000013654698096748907, 0.00007853007762771602}, 
   {0, 0.00007853007762764107, 0.00007853007762769328, 0.9977484159207274}}}, 
 {{{0., 0.014212440417826995, 0.014212440417826995, 0.014212440417827023}, 
   {-0.014212440417826995, 0., -0.014306096139085253, 0.014306096139085223}, 
   {-0.014212440417826995, 0.014306096139085253, 0., -0.014306096139085227}, 
   {-0.014212440417827023, -0.014306096139085223, 0.014306096139085227, 0.}}, 
  {{0., 0.014212440417827005, 0.014212440417826998, 0.014212440417827045}, 
   {-0.014212440417827005, 0., -0.014306096139085168, 0.014306096139085293}, 
   {-0.014212440417826998, 0.014306096139085168, 0., -0.014306096139085282}, 
   {-0.014212440417827045, -0.014306096139085293, 0.014306096139085282, 
    0.}}}, {0, 0}, {{-1.565119903296368, -1.5606889028937876}, 
  {-6.298418845888467, -1.5695509036989477, -1.5796585192452857}, 
  {-1.5695655031810354, -1.565134502778455}, {{2, 0.00678616201598136}, 
   {3, 0.0026662053986422074}, {4, 0.0010484251043797292}, 
   {5, 0.0004124242427571735}, {6, 0.00016226225540647704}, 
   {7, 0.00006384360340928874}, {8, 0.000025120471280153794}, 
   {9, 9.884218072318818*^-6}}, {{2, 0.09445400534549533}, 
   {3, 0.03546427502868653}, {4, 0.015397828754124578}, 
   {5, 0.007917445323809376}, {6, 0.0050346947219464}, 
   {7, 0.0039095736523448}, {8, 0.0034682735885322273}, 
   {9, 0.0032948500927664722}}, {8.572881791837557*^-12, 0.9865663120785201}}}
