{11, 32, {{{-0.5216887809100099, 0, -0.002007715372665532, 
    0.0020077153726655176}, {0, 0.9896930091353057, 0.000405895321345294, 
    0.00040589532134529367}, {-0.0020077153726654876, 0.0004058953213453519, 
    -0.00009026100819974677, 0.004742248880155067}, 
   {0.0020077153726655154, 0.00040589532134530353, 0.0047422488801550835, 
    -0.00009026100819961146}}, {{-0.52168878091001, 0.0020077153726655254, 0, 
    -0.002007715372665518}, {0.0020077153726654794, -0.00009026100819977626, 
    0.000405895321345356, 0.004742248880155061}, {0, 0.0004058953213453018, 
    0.9896930091353057, 0.0004058953213453098}, {-0.002007715372665513, 
    0.004742248880155093, 0.0004058953213452929, -0.00009026100819967131}}, 
  {{-0.5216887809100101, -0.0020077153726654837, 0.0020077153726654837, 0}, 
   {-0.002007715372665431, -0.00009026100819981443, 0.004742248880155097, 
    0.00040589532134532977}, {0.002007715372665437, 0.00474224888015513, 
    -0.00009026100819981009, 0.0004058953213453184}, 
   {0, 0.00040589532134528293, 0.00040589532134527025, 0.9896930091353058}}}, 
 {{{0., 0.030145187308371773, 0.03014518730837177, 0.030145187308371804}, 
   {-0.030145187308371773, 0., -0.030739707488836587, 0.030739707488836483}, 
   {-0.03014518730837177, 0.030739707488836587, 0., -0.03073970748883647}, 
   {-0.030145187308371804, -0.030739707488836483, 0.03073970748883647, 0.}}, 
  {{0., 0.03014518730837178, 0.03014518730837177, 0.030145187308371846}, 
   {-0.03014518730837178, 0., -0.030739707488836462, 0.030739707488836664}, 
   {-0.03014518730837177, 0.030739707488836462, 0., -0.030739707488836653}, 
   {-0.030145187308371846, -0.030739707488836664, 0.030739707488836653, 
    0.}}}, {0, 0}, {{-1.5318204766981665, -1.5119795382098875}, 
  {-6.297822333133732, -1.5516614151864416, -1.5972497513804245}, 
  {-1.5518570656265942, -1.5320161271383153}, {{2, 0.014488736505920516}, 
   {3, 0.005770807746837886}, {4, 0.0023084766264823073}, 
   {5, 0.0009252274114611506}, {6, 0.00037112390934897904}, 
   {7, 0.00014891239166713727}, {8, 0.00005975852124454062}, 
   {9, 0.000023982354231691372}, {10, 9.62482875160181*^-6}}, 
  {{2, 0.10320146960007422}, {3, 0.04322967950378116}, 
   {4, 0.02265918453325661}, {5, 0.014880464843367637}, 
   {6, 0.01183070445205714}, {7, 0.010618058431593292}, 
   {8, 0.010133187810879195}, {9, 0.00993888201858863}, 
   {10, 0.009860946863310007}}, {8.437200763664652*^-10, 0.9397298352406531}}}
