{4, 28, {{{-0.5216010862285374, 0, -0.0022174114836066355, 
    0.002217411483606634}, {0, 0.9882072957032639, 0.0007182793300648544, 
    0.0007182793300648147}, {-0.0022174114836066234, 0.0007182793300648388, 
    -0.0003849739601118054, 0.005204622272668265}, 
   {0.0022174114836066294, 0.0007182793300648453, 0.005204622272668264, 
    -0.00038497396011177767}}, {{-0.5216010862285373, 0.0022174114836066355, 
    0, -0.002217411483606624}, {0.002217411483606616, 
    -0.00038497396011178287, 0.0007182793300648461, 0.005204622272668236}, 
   {0, 0.0007182793300648603, 0.9882072957032639, 0.0007182793300648177}, 
   {-0.00221741148360662, 0.005204622272668257, 0.000718279330064824, 
    -0.0003849739601117508}}, {{-0.5216010862285373, -0.0022174114836065965, 
    0.0022174114836065817, 0}, {-0.0022174114836065566, 
    -0.00038497396011183405, 0.0052046222726682915, 0.0007182793300648721}, 
   {0.002217411483606556, 0.005204622272668283, -0.00038497396011183405, 
    0.0007182793300648512}, {0, 0.0007182793300647972, 0.0007182793300647806, 
    0.9882072957032639}}}, 
 {{{0., 0.0305844022896219, 0.030584402289621913, 0.030584402289621955}, 
   {-0.0305844022896219, 0., -0.033491469607969046, 0.03349146960796892}, 
   {-0.030584402289621913, 0.033491469607969046, 0., -0.03349146960796892}, 
   {-0.030584402289621955, -0.03349146960796892, 0.03349146960796892, 0.}}, 
  {{0., 0.030584402289621906, 0.030584402289621906, 0.030584402289621997}, 
   {-0.030584402289621906, 0., -0.03349146960796891, 0.03349146960796911}, 
   {-0.030584402289621906, 0.03349146960796891, 0., -0.03349146960796912}, 
   {-0.030584402289621997, -0.03349146960796911, 0.03349146960796912, 0.}}}, 
 {0, 0}, {{-1.5279667180897032, -1.5067772226158036}, 
  {-6.2974421788700035, -1.549156213563604, -1.5995648758713978}, 
  {-1.5501632512228836, -1.528973755748984}, {{2, 0.0018611662402798351}, 
   {3, 0.0007496367865675174}}, {{2, 0.04119311450413075}, 
   {3, 0.04752532501401076}}, {1.4112541400406231*^-9, 0.931297281344963}}}
{3, 28, {{{-0.5216400075024759, 0, -0.002202484264348173, 
    0.0022024842643481616}, {0, 0.9882458837470052, 0.0007353558436492622, 
    0.0007353558436493056}, {-0.002202484264348138, 0.0007353558436492501, 
    -0.00040588363428158743, 0.005169146307418529}, 
   {0.0022024842643481504, 0.000735355843649251, 0.005169146307418508, 
    -0.00040588363428150243}}, {{-0.5216400075024759, 0.0022024842643481855, 
    0, -0.0022024842643481647}, {0.00220248426434814, 
    -0.00040588363428155187, 0.0007353558436492579, 0.005169146307418538}, 
   {0, 0.0007353558436492537, 0.9882458837470048, 0.0007353558436493126}, 
   {-0.0022024842643481556, 0.005169146307418526, 0.0007353558436492458, 
    -0.000405883634281623}}, {{-0.5216400075024759, -0.002202484264348138, 
    0.0022024842643481373, 0}, {-0.0022024842643480853, 
    -0.0004058836342816117, 0.005169146307418544, 0.0007353558436492886}, 
   {0.002202484264348086, 0.005169146307418505, -0.00040588363428159524, 
    0.0007353558436492874}, {0, 0.0007353558436492898, 0.0007353558436492833, 
    0.988245883747005}}}, 
 {{{0., 0.030401900070530764, 0.030401900070530754, 0.030401900070530778}, 
   {-0.030401900070530764, 0., -0.03348268404546544, 0.03348268404546524}, 
   {-0.030401900070530754, 0.03348268404546544, 0., -0.03348268404546524}, 
   {-0.030401900070530778, -0.03348268404546524, 0.03348268404546524, 0.}}, 
  {{0., 0.03040190007053075, 0.03040190007053073, 0.030401900070530834}, 
   {-0.03040190007053075, 0., -0.0334826840454653, 0.03348268404546545}, 
   {-0.03040190007053073, 0.0334826840454653, 0., -0.03348268404546546}, 
   {-0.030401900070530834, -0.03348268404546545, 0.03348268404546546, 0.}}}, 
 {0, 0}, {{-1.528235542992414, -1.507172488764898}, 
  {-6.297660596757173, -1.5492985972199311, -1.5995317011586554}, 
  {-1.5503658120942765, -1.5293027578667606}, {{2, 0.00020768594095946918}}, 
  {{2, 0.05066762221748204}}, {1.4090343748297385*^-9, 0.9315154973940406}}}
