{3, 28, {{{-0.524867400598023, 0, -5.176471223002262*^-6, 
    5.176471223021084*^-6}, {0, 0.999971192898667, 1.6628071700081221*^-6, 
    1.6628071702839097*^-6}, {-5.176471222984662*^-6, 1.6628071698836922*^-6, 
    -9.378407416719275*^-7, 0.00001250695507239348}, 
   {5.176471222994287*^-6, 1.6628071709269458*^-6, 0.00001250695507231004, 
    -9.378407411176834*^-7}}, {{-0.5248674005980231, 5.1764712230092*^-6, 0, 
    -5.176471223023063*^-6}, {5.1764712229789205*^-6, -9.378407419685653*^-7, 
    1.662807169888567*^-6, 0.000012506955072755064}, 
   {0, 1.6628071699969572*^-6, 0.9999711928986681, 1.6628071702037325*^-6}, 
   {-5.1764712230004996*^-6, 0.00001250695507251832, 1.6628071710054382*^-6, 
    -9.378407418159096*^-7}}, {{-0.5248674005980236, -5.1764712229733776*^-6, 
    5.176471222984012*^-6, 0}, {-5.176471222928322*^-6, 
    -9.378407414386072*^-7, 0.000012506955072245877, 1.662807170920103*^-6}, 
   {5.176471222952546*^-6, 0.000012506955071880355, -9.378407418159096*^-7, 
    1.662807171005769*^-6}, {0, 1.6628071702774018*^-6, 
    1.6628071702101442*^-6, 0.999971192898667}}}, 
 {{{0., 0.0015191218827047088, 0.0015191218827046939, 0.0015191218827046988}, 
   {-0.0015191218827047088, 0., -0.0016500232057112285, 
    0.001650023205711323}, {-0.0015191218827046939, 0.0016500232057112285, 
    0., -0.0016500232057112083}, {-0.0015191218827046988, 
    -0.001650023205711323, 0.0016500232057112083, 0.}}, 
  {{0., 0.001519121882704675, 0.0015191218827046759, 0.0015191218827047064}, 
   {-0.001519121882704675, 0., -0.001650023205711487, 0.0016500232057114618}, 
   {-0.0015191218827046759, 0.001650023205711487, 0., 
    -0.0016500232057111409}, {-0.0015191218827047064, -0.0016500232057114618, 
    0.0016500232057111409, 0.}}}, {0, 0}, 
 {{-1.5745111413370927, -1.574458517411418}, {-6.2985041452786215, 
   -1.5745637652627673, -1.5746883073765434}, {-1.5745660325401896, 
   -1.574513408614515}, {{2, 0.00010446920871698667}}, 
  {{2, 0.04308453603918672}}, {2.018088988418196*^-17, 0.9998271698392623}}}
