{5, 28, {{{-0.5171670051105274, 0, -0.005476880626388729, 
    0.0054768806263887065}, {0, 0.9723757575265874, 0.0016791394143848876, 
    0.0016791394143849322}, {-0.005476880626388685, 0.0016791394143848594, 
    -0.000767511928968353, 0.012514979782015954}, 
   {0.005476880626388705, 0.0016791394143848399, 0.012514979782015979, 
    -0.000767511928968392}}, {{-0.5171670051105273, 0.005476880626388723, 0, 
    -0.00547688062638871}, {0.005476880626388687, -0.0007675119289683755, 
    0.0016791394143848624, 0.012514979782016005}, 
   {0, 0.0016791394143849058, 0.9723757575265877, 0.0016791394143848832}, 
   {-0.005476880626388716, 0.012514979782015934, 0.0016791394143849136, 
    -0.0007675119289684007}}, {{-0.5171670051105274, -0.0054768806263886805, 
    0.005476880626388682, 0}, {-0.005476880626388626, -0.0007675119289683964, 
    0.012514979782015925, 0.0016791394143848852}, 
   {0.00547688062638863, 0.012514979782016059, -0.0007675119289684285, 
    0.0016791394143849511}, {0, 0.0016791394143848832, 0.0016791394143848332, 
    0.9723757575265874}}}, 
 {{{0., 0.04703678205688068, 0.04703678205688068, 0.047036782056880735}, 
   {-0.04703678205688068, 0., -0.05129712919405619, 0.05129712919405596}, 
   {-0.04703678205688068, 0.05129712919405619, 0., -0.051297129194055956}, 
   {-0.047036782056880735, -0.05129712919405596, 0.051297129194055956, 0.}}, 
  {{0., 0.04703678205688068, 0.04703678205688069, 0.047036782056880805}, 
   {-0.04703678205688068, 0., -0.051297129194056, 0.05129712919405624}, 
   {-0.04703678205688069, 0.051297129194056, 0., -0.051297129194056226}, 
   {-0.047036782056880805, -0.05129712919405624, 0.051297129194056226, 0.}}}, 
 {0, 0}, {{-1.4663972938768803, -1.4175152360686418}, 
  {-6.293821395100419, -1.5152793516851164, -1.6316313458650933}, 
  {-1.5174930929949577, -1.4686110351867192}, {{2, 0.002632762549683587}, 
   {3, 0.0011105747458317328}, {4, 0.0004672637185816342}}, 
  {{2, 0.037239523221986016}, {3, 0.04287353639549725}, 
   {4, 0.045287400103427834}}, {1.822041921258246*^-8, 0.8452880649562293}}}
{3, 28, {{{-0.5171855689985823, 0, -0.005468577652743068, 
    0.005468577652743065}, {0, 0.9723972512973007, 0.0016866146254954132, 
    0.0016866146254954613}, {-0.00546857765274303, 0.0016866146254954002, 
    -0.0007770409620227337, 0.012497075885444707}, 
   {0.005468577652743061, 0.0016866146254954136, 0.012497075885444648, 
    -0.0007770409620228439}}, {{-0.5171855689985823, 0.005468577652743067, 0, 
    -0.00546857765274306}, {0.005468577652743018, -0.0007770409620227398, 
    0.0016866146254953798, 0.012497075885444693}, 
   {0, 0.0016866146254954095, 0.9723972512973009, 0.0016866146254954605}, 
   {-0.005468577652743056, 0.012497075885444624, 0.0016866146254953993, 
    -0.0007770409620228291}}, {{-0.5171855689985823, -0.0054685776527430095, 
    0.005468577652743007, 0}, {-0.005468577652742951, -0.0007770409620227832, 
    0.012497075885444686, 0.0016866146254954516}, 
   {0.005468577652742966, 0.012497075885444589, -0.0007770409620228846, 
    0.001686614625495444}, {0, 0.0016866146254954208, 0.0016866146254954193, 
    0.9723972512973008}}}, 
 {{{0., 0.04697994224087029, 0.046979942240870286, 0.04697994224087035}, 
   {-0.04697994224087029, 0., -0.051290680443799294, 0.051290680443799}, 
   {-0.046979942240870286, 0.051290680443799294, 0., -0.051290680443799}, 
   {-0.04697994224087035, -0.051290680443799, 0.051290680443799, 0.}}, 
  {{0., 0.04697994224087029, 0.0469799422408703, 0.04697994224087042}, 
   {-0.04697994224087029, 0., -0.051290680443799114, 0.05129068044379932}, 
   {-0.0469799422408703, 0.051290680443799114, 0., -0.051290680443799336}, 
   {-0.04697994224087042, -0.05129068044379932, 0.051290680443799336, 0.}}}, 
 {0, 0}, {{-1.46652783389472, -1.4177048457560166}, 
  {-6.2939323908384806, -1.5153508220334224, -1.6316153733858179}, 
  {-1.5175907473091035, -1.4687677591704}, {{2, 0.00031041362311405585}}, 
  {{2, 0.04587849619766793}}, {1.820668019680613*^-8, 0.8454001786021035}}}
