{4, 28, {{{-0.5240797324564321, 0, -0.0005213701848244324, 
    0.0005213701848244252}, {0, 0.9971178169637273, 0.00017711009915713245, 
    0.0001771100991569729}, {-0.0005213701848244074, 0.0001771100991569091, 
    -0.00010355074989923559, 0.0012485790111647522}, 
   {0.0005213701848244275, 0.0001771100991569041, 0.001248579011164856, 
    -0.0001035507498989615}}, {{-0.5240797324564321, 0.0005213701848244246, 
    0, -0.0005213701848244224}, {0.0005213701848243797, 
    -0.00010355074989918875, 0.00017711009915690775, 0.001248579011164774}, 
   {0, 0.00017711009915712805, 0.9971178169637271, 0.00017711009915693143}, 
   {-0.00052137018482442, 0.0012485790111647786, 0.00017711009915692542, 
    -0.00010355074989906732}}, {{-0.5240797324564322, -0.0005213701848244033, 
    0.0005213701848243954, 0}, {-0.0005213701848243456, 
    -0.00010355074989936396, 0.0012485790111648768, 0.00017711009915690295}, 
   {0.0005213701848243526, 0.0012485790111649352, -0.00010355074989934487, 
    0.00017711009915693374}, {0, 0.0001771100991569699, 
    0.0001771100991569233, 0.9971178169637276}}}, 
 {{{0., 0.01505970467818635, 0.015059704678186348, 0.015059704678186365}, 
   {-0.01505970467818635, 0., -0.016557984526630848, 0.016557984526630744}, 
   {-0.015059704678186348, 0.016557984526630848, 0., -0.016557984526630737}, 
   {-0.015059704678186365, -0.016557984526630744, 0.016557984526630737, 0.}}, 
  {{0., 0.015059704678186327, 0.015059704678186335, 0.015059704678186379}, 
   {-0.015059704678186327, 0., -0.016557984526630813, 0.01655798452663083}, 
   {-0.015059704678186335, 0.016557984526630813, 0., -0.016557984526630834}, 
   {-0.015059704678186379, -0.01655798452663083, 0.016557984526630834, 0.}}}, 
 {0, 0}, {{-1.5631712656107382, -1.5579544308808182}, 
  {-6.2983871177461435, -1.5683881003406581, -1.5808054585324136}, 
  {-1.5686476100228046, -1.5634307752928847}, {{2, 0.0010272001078475215}, 
   {3, 0.00040470306315661814}}, {{2, 0.0425348379058905}, 
   {3, 0.04974466234436443}}, {2.0608426537267705*^-11, 0.9828310286573962}}}
{3, 28, {{{-0.524090014439064, 0, -0.0005178753862629024, 
    0.0005178753862629254}, {0, 0.9971270439373193, 0.00018183794221364382, 
    0.00018183794221368984}, {-0.0005178753862628641, 0.00018183794221386554, 
    -0.00010922074694333546, 0.0012395192167602002}, 
   {0.0005178753862628937, 0.00018183794221361438, 0.0012395192167600835, 
    -0.00010922074694323311}}, {{-0.5240900144390639, 0.0005178753862629369, 
    0, -0.000517875386262938}, {0.0005178753862628818, 
    -0.00010922074694343607, 0.00018183794221386464, 0.0012395192167602282}, 
   {0, 0.0001818379422136411, 0.9971270439373192, 0.0001818379422136803}, 
   {-0.0005178753862629048, 0.0012395192167600805, 0.00018183794221363444, 
    -0.00010922074694319495}}, {{-0.5240900144390639, -0.0005178753862628762, 
    0.0005178753862628727, 0}, {-0.000517875386262827, 
    -0.00010922074694342913, 0.001239519216760245, 0.00018183794221364078}, 
   {0.0005178753862628144, 0.0012395192167602746, -0.0001092207469434725, 
    0.00018183794221365645}, {0, 0.000181837942213647, 
    0.00018183794221366588, 0.9971270439373197}}}, 
 {{{0., 0.014962076992055193, 0.014962076992055187, 0.014962076992055207}, 
   {-0.014962076992055193, 0., -0.01655684571315017, 0.016556845713150043}, 
   {-0.014962076992055187, 0.01655684571315017, 0., -0.016556845713150043}, 
   {-0.014962076992055207, -0.016556845713150043, 0.016556845713150043, 0.}}, 
  {{0., 0.01496207699205521, 0.014962076992055198, 0.014962076992055217}, 
   {-0.01496207699205521, 0., -0.01655684571315006, 0.01655684571315017}, 
   {-0.014962076992055198, 0.01655684571315006, 0., -0.016556845713150154}, 
   {-0.014962076992055217, -0.01655684571315017, 0.016556845713150154, 0.}}}, 
 {0, 0}, {{-1.5632415563004198, -1.5580585407930216}, 
  {-6.298442592966154, -1.568424571807821, -1.5807967246752561}, 
  {-1.568700793852945, -1.5635177783455467}, {{2, 0.00010428075807317541}}, 
  {{2, 0.053293694516534054}}, {2.0599923647706656*^-11, 0.9828855985322185}}}
