{11, 32, {{{-0.523418564792793, 0, -0.0009004163237878858, 
    0.0009004163237878687}, {0, 0.995237996195215, 0.00019881873439980797, 
    0.00019881873439980103}, {-0.0009004163237878546, 0.00019881873439984104, 
    -0.00006233854289703538, 0.0021594903715787947}, 
   {0.0009004163237878709, 0.00019881873439977056, 0.002159490371578838, 
    -0.00006233854289682157}}, {{-0.5234185647927929, 0.0009004163237878863, 
    0, -0.0009004163237878739}, {0.0009004163237878617, 
    -0.00006233854289704362, 0.00019881873439983876, 0.002159490371578839}, 
   {0, 0.00019881873439980954, 0.9952379961952151, 0.00019881873439975004}, 
   {-0.000900416323787874, 0.0021594903715787695, 0.00019881873439982662, 
    -0.00006233854289688923}}, {{-0.5234185647927931, -0.0009004163237878423, 
    0.0009004163237878506, 0}, {-0.0009004163237878084, 
    -0.0000623385428970575, 0.0021594903715787895, 0.00019881873439977772}, 
   {0.0009004163237878069, 0.002159490371578902, -0.00006233854289700025, 
    0.0001988187343998298}, {0, 0.00019881873439979517, 
    0.00019881873439973896, 0.9952379961952154}}}, 
 {{{0., 0.02034922156770373, 0.020349221567703725, 0.020349221567703746}, 
   {-0.02034922156770373, 0., -0.020931875522352976, 0.020931875522352927}, 
   {-0.020349221567703725, 0.020931875522352976, 0., -0.02093187552235292}, 
   {-0.020349221567703746, -0.020931875522352927, 0.02093187552235292, 0.}}, 
  {{0., 0.02034922156770372, 0.020349221567703725, 0.020349221567703787}, 
   {-0.02034922156770372, 0., -0.020931875522352907, 0.02093187552235306}, 
   {-0.020349221567703725, 0.020931875522352907, 0., -0.02093187552235306}, 
   {-0.020349221567703787, -0.02093187552235306, 0.02093187552235306, 0.}}}, 
 {0, 0}, {{-1.554856472973567, -1.5456925427046353}, 
  {-6.2983171082425695, -1.5640204032424987, -1.585138150878786}, 
  {-1.5641515974553482, -1.5549876671864165}, {{2, 0.009736704748776161}, 
   {3, 0.0038412539765515855}, {4, 0.0015182067075377656}, 
   {5, 0.0006005338583823377}, {6, 0.00023762237438777756}, 
   {7, 0.0000940361136306106}, {8, 0.00003721558935661923}, 
   {9, 0.000014728692944575295}, {10, 5.82917524399873*^-6}}, 
  {{2, 0.1078529507934623}, {3, 0.047483399993128436}, 
   {4, 0.026896885814014133}, {5, 0.019190040417321145}, 
   {6, 0.01620487307159747}, {7, 0.015033370728298906}, 
   {8, 0.014571266003515274}, {9, 0.014388618672515775}, 
   {10, 0.01431636961420594}}, {8.411023773186248*^-11, 0.971765975344888}}}
