{7, 40, {{{-0.5248053399858439, 0, -0.000038507284320457764, 
    0.00003850728432045331}, {0, 0.9997917655342814, 8.550930881557778*^-6, 
    8.550930882174679*^-6}, {-0.00003850728432040838, 8.550930882256855*^-6, 
    -2.840585847707633*^-6, 0.00009375615632488475}, 
   {0.0000385072843204648, 8.55093088220131*^-6, 0.00009375615632474429, 
    -2.8405858479227386*^-6}}, 
  {{-0.5248053399858439, 0.000038507284320458564, 0, 
    -0.00003850728432045108}, {0.00003850728432042742, 
    -2.840585847518548*^-6, 8.550930882261161*^-6, 0.00009375615632492267}, 
   {0, 8.550930881560953*^-6, 0.999791765534281, 8.55093088214276*^-6}, 
   {-0.00003850728432046851, 0.00009375615632473274, 8.550930882241215*^-6, 
    -2.8405858478741663*^-6}}, 
  {{-0.5248053399858441, -0.00003850728432043176, 0.000038507284320423774, 
    0}, {-0.00003850728432038484, -2.8405858478702632*^-6, 
    0.00009375615632492261, 8.550930882218249*^-6}, 
   {0.00003850728432036227, 0.00009375615632512408, -2.840585847707633*^-6, 
    8.550930882249841*^-6}, {0, 8.550930882162538*^-6, 8.550930882140042*^-6, 
    0.9997917655342814}}}, 
 {{{0., 0.008514975795939107, 0.008514975795939132, 0.008514975795939236}, 
   {-0.008514975795939107, 0., -0.008747354435261786, 0.008747354435261628}, 
   {-0.008514975795939132, 0.008747354435261786, 0., -0.008747354435261614}, 
   {-0.008514975795939236, -0.008747354435261628, 0.008747354435261614, 0.}}, 
  {{0., 0.00851497579593916, 0.008514975795939152, 0.008514975795939218}, 
   {-0.00851497579593916, 0., -0.008747354435261794, 0.008747354435261721}, 
   {-0.008514975795939152, 0.008747354435261794, 0., -0.008747354435261746}, 
   {-0.008514975795939218, -0.008747354435261721, 0.008747354435261746, 
    0.}}}, {0, 0}, {{-1.5737157518890603, -1.5731258170609121}, 
  {-6.298428215533055, -1.5743056867172132, -1.5749084210493143}, 
  {-1.5743137365494098, -1.5737238017212616}, {{2, 0.00002287596488450075}, 
   {3, 0.00001791513158762477}, {4, 0.000014030099917128336}, 
   {5, 0.00001098757031367699}, {6, 8.604837674851956*^-6}}, 
  {{2, 0.016771442140955647}, {3, 0.01568044329285519}, 
   {4, 0.014829249612486621}, {5, 0.014164604623997407}, 
   {6, 0.01364529065563344}}, {4.4798177348310074*^-13, 0.998751243449019}}}
