{15, 40, {{{-0.5209281659375116, 0, -0.002460373406164335, 
    0.002460373406164318}, {0, 0.9876357590792948, 0.0004018607231839823, 
    0.0004018607231839736}, {-0.002460373406164294, 0.0004018607231838984, 
    -4.374348642539015*^-6, 0.005785855978151035}, 
   {0.0024603734061643067, 0.0004018607231839066, 0.005785855978151069, 
    -4.37434864255376*^-6}}, {{-0.5209281659375115, 0.002460373406164334, 0, 
    -0.0024603734061643184}, {0.0024603734061642984, -4.374348642545087*^-6, 
    0.00040186072318389306, 0.005785855978151077}, 
   {0, 0.0004018607231839888, 0.9876357590792948, 0.00040186072318394733}, 
   {-0.0024603734061643054, 0.005785855978151046, 0.00040186072318393416, 
    -4.374348642588455*^-6}}, {{-0.5209281659375116, -0.0024603734061642802, 
    0.0024603734061642837, 0}, {-0.00246037340616423, -4.374348642562868*^-6, 
    0.005785855978151022, 0.00040186072318394955}, 
   {0.0024603734061642377, 0.00578585597815107, -4.374348642532944*^-6, 
    0.0004018607231839652}, {0, 0.00040186072318392646, 
    0.00040186072318392895, 0.9876357590792948}}}, 
 {{{0., 0.06711857251966791, 0.06711857251966791, 0.0671185725196682}, 
   {-0.06711857251966791, 0., -0.06693970576841378, 0.06693970576841339}, 
   {-0.06711857251966791, 0.06693970576841378, 0., -0.06693970576841342}, 
   {-0.0671185725196682, -0.06693970576841339, 0.06693970576841342, 0.}}, 
  {{0., 0.06711857251966791, 0.06711857251966791, 0.0671185725196683}, 
   {-0.06711857251966791, 0., -0.06693970576841353, 0.06693970576841379}, 
   {-0.06711857251966791, 0.06693970576841353, 0., -0.06693970576841382}, 
   {-0.0671185725196683, -0.06693970576841379, 0.06693970576841382, 0.}}}, 
 {0, 0}, {{-1.5221007287850026, -1.4872248954643366}, 
  {-6.297509664779506, -1.556976562105671, -1.591778270284082}, 
  {-1.5569300911605273, -1.5220542578398613}, {{2, 0.00013691596532229566}, 
   {3, 0.00010909136038407541}, {4, 0.0000869224563162102}, 
   {5, 0.00006926001162171902}, {6, 0.000055187431003217435}, 
   {7, 0.000043974753939760025}, {8, 0.00003504056836005354}, 
   {9, 0.00002792173755938876}, {10, 0.000022249312201114146}, 
   {11, 0.000017729358081919333}, {12, 0.00001412769285144555}, 
   {13, 0.000011257732393424313}, {14, 8.970811848946214*^-6}}, 
  {{2, 0.002294730382865531}, {3, 0.0015013194623270207}, 
   {4, 0.0008710458780455713}, {5, 0.0003700409560167844}, 
   {6, 0.000028408834070738694}, {7, 0.0003454233819471914}, 
   {8, 0.000597726848396172}, {9, 0.0007985794339530353}, 
   {10, 0.0009585055375271618}, {11, 0.001085864975829541}, 
   {12, 0.001187302476782877}, {13, 0.0012681022709075157}, 
   {14, 0.0013324683805066375}}, {8.997105117522784*^-8, 0.9280702165762552}}}
