{11, 32, {{{-0.5228608290593416, 0, -0.0012203258585964456, 
    0.001220325858596455}, {0, 0.9936876843697044, 0.00020558242330659274, 
    0.0002055824233065704}, {-0.0012203258585964214, 0.0002055824233066194, 
    -0.000014191475859475292, 0.0029249981527666646}, 
   {0.0012203258585964287, 0.00020558242330654536, 0.0029249981527666303, 
    -0.000014191475859447536}}, {{-0.5228608290593415, 0.0012203258585964513, 
    0, -0.0012203258585964548}, {0.001220325858596427, 
    -0.000014191475859467052, 0.0002055824233066218, 0.0029249981527666377}, 
   {0, 0.00020558242330659024, 0.9936876843697043, 0.00020558242330658322}, 
   {-0.001220325858596428, 0.002924998152766608, 0.000205582423306537, 
    -0.000014191475859404168}}, {{-0.5228608290593415, -0.001220325858596406, 
    0.001220325858596401, 0}, {-0.001220325858596374, 
    -0.00001419147585948223, 0.0029249981527666577, 0.0002055824233065651}, 
   {0.0012203258585963715, 0.002924998152766674, -0.00001419147585951519, 
    0.0002055824233065556}, {0, 0.00020558242330654997, 
    0.0002055824233065472, 0.9936876843697044}}}, 
 {{{0., 0.023945251096979675, 0.023945251096979682, 0.023945251096979692}, 
   {-0.023945251096979675, 0., -0.02390933345394278, 0.023909333453942666}, 
   {-0.023945251096979682, 0.02390933345394278, 0., -0.02390933345394268}, 
   {-0.023945251096979692, -0.023909333453942666, 0.02390933345394268, 0.}}, 
  {{0., 0.023945251096979682, 0.023945251096979668, 0.023945251096979737}, 
   {-0.023945251096979682, 0., -0.023909333453942687, 0.02390933345394282}, 
   {-0.023945251096979668, 0.023909333453942687, 0., -0.023909333453942826}, 
   {-0.023945251096979737, -0.02390933345394282, 0.023909333453942826, 0.}}}, 
 {0, 0}, {{-1.547958907127104, -1.535516589677116}, 
  {-6.298211770364253, -1.5604012245770948, -1.5887046606050315}, 
  {-1.5603918928996987, -1.5479495754497106}, {{2, 0.011470325479144141}, 
   {3, 0.004537381982929495}, {4, 0.0017995365175035444}, 
   {5, 0.0007145133819895233}, {6, 0.0002838337016948522}, 
   {7, 0.00011277160074992659}, {8, 0.00004480932202678006}, 
   {9, 0.000017805332209609726}, {10, 7.0751718245221085*^-6}}, 
  {{2, 0.09013392173025195}, {3, 0.03155049137751133}, 
   {4, 0.011540841084964115}, {5, 0.004028374879052943}, 
   {6, 0.0011083353936880724}, {7, 0.00004194190126435194}, 
   {8, 0.0004974511423717758}, {9, 0.0006782076634781963}, 
   {10, 0.0007499951220281198}}, {1.8681201890763883*^-10, 
   0.9627187795763471}}}
