{3, 32, {{{-0.5129224886077643, 0, -0.008120405904490625, 
    0.00812040590449059}, {0, 0.9621216943546669, 0.0013404912331377652, 
    0.0013404912331376954}, {-0.008120405904490589, 0.0013404912331376325, 
    0.00013619708547483664, 0.018201453917685084}, 
   {0.008120405904490586, 0.001340491233137629, 0.01820145391768506, 
    0.00013619708547480108}}, {{-0.5129224886077646, 0.008120405904490634, 0, 
    -0.00812040590449059}, {0.008120405904490587, 0.0001361970854748375, 
    0.001340491233137649, 0.018201453917685087}, {0, 0.0013404912331377548, 
    0.9621216943546667, 0.0013404912331377006}, {-0.008120405904490584, 
    0.018201453917685066, 0.0013404912331376208, 0.00013619708547485398}}, 
  {{-0.5129224886077645, -0.00812040590449054, 0.008120405904490535, 0}, 
   {-0.008120405904490546, 0.0001361970854747577, 0.018201453917685146, 
    0.0013404912331377128}, {0.00812040590449054, 0.018201453917685136, 
    0.00013619708547474296, 0.0013404912331376946}, 
   {0, 0.001340491233137583, 0.001340491233137598, 0.9621216943546667}}}, 
 {{{0., 0.05865663122437171, 0.058656631224371716, 0.05865663122437178}, 
   {-0.05865663122437171, 0., -0.058826351603980975, 0.058826351603980684}, 
   {-0.058656631224371716, 0.058826351603980975, 0., -0.058826351603980684}, 
   {-0.05865663122437178, -0.058826351603980684, 0.058826351603980684, 0.}}, 
  {{0., 0.058656631224371696, 0.05865663122437169, 0.05865663122437184}, 
   {-0.058656631224371696, 0., -0.05882635160398074, 0.05882635160398102}, 
   {-0.05865663122437169, 0.05882635160398074, 0., -0.058826351603981024}, 
   {-0.05865663122437184, -0.05882635160398102, 0.058826351603981024, 0.}}}, 
 {0, 0}, {{-1.4196859767585084, -1.3485685909214988}, 
  {-6.289446467315445, -1.4908033625955197, -1.6539198710622027}, 
  {-1.4909062501077155, -1.419788864270706}, {{2, 0.00007172534137608877}}, 
  {{2, 0.0014467279834048578}}, {4.144112019464467*^-8, 0.7931951399858489}}}
{10, 32, {{{-0.5129461507770476, 0, -0.008109635865132764, 
    0.008109635865132721}, {0, 0.962151264659908, 0.001349642312968366, 
    0.0013496423129683585}, {-0.008109635865132704, 0.0013496423129682363, 
    0.00012432070327862048, 0.018178092031345953}, 
   {0.008109635865132699, 0.0013496423129682614, 0.018178092031345947, 
    0.00012432070327863306}}, {{-0.5129461507770476, 0.008109635865132752, 0, 
    -0.008109635865132716}, {0.00810963586513271, 0.0001243207032786322, 
    0.0013496423129682345, 0.018178092031345995}, 
   {0, 0.001349642312968352, 0.9621512646599076, 0.0013496423129683167}, 
   {-0.008109635865132706, 0.01817809203134596, 0.0013496423129682586, 
    0.00012432070327864087}}, {{-0.5129461507770476, -0.00810963586513266, 
    0.008109635865132662, 0}, {-0.008109635865132664, 0.00012432070327855413, 
    0.018178092031345967, 0.0013496423129683295}, 
   {0.008109635865132657, 0.018178092031346044, 0.0001243207032785576, 
    0.0013496423129683475}, {0, 0.001349642312968218, 0.0013496423129682128, 
    0.9621512646599076}}}, 
 {{{0., 0.05859827943011647, 0.05859827943011647, 0.05859827943011654}, 
   {-0.05859827943011647, 0., -0.058816995514777065, 0.0588169955147768}, 
   {-0.05859827943011647, 0.058816995514777065, 0., -0.058816995514776815}, 
   {-0.05859827943011654, -0.0588169955147768, 0.058816995514776815, 0.}}, 
  {{0., 0.05859827943011647, 0.058598279430116446, 0.05859827943011662}, 
   {-0.05859827943011647, 0., -0.05881699551477682, 0.05881699551477715}, 
   {-0.058598279430116446, 0.05881699551477682, 0., -0.05881699551477715}, 
   {-0.05859827943011662, -0.05881699551477715, 0.05881699551477715, 0.}}}, 
 {0, 0}, {{-1.4198500000278587, -1.348803361981504}, 
  {-6.289591964794387, -1.4908966380742146, -1.653899344322979}, 
  {-1.4910292276540873, -1.4199825896077327}, {{2, 0.028638139939553456}, 
   {3, 0.012004670678235699}, {4, 0.005137665551689527}, 
   {5, 0.0022202647648845997}, {6, 0.0009636934682331066}, 
   {7, 0.0004190908991964226}, {8, 0.00018240767412608383}, 
   {9, 0.00007942139968858397}}, {{2, 0.09703807009394619}, 
   {3, 0.037452490046527474}, {4, 0.01633374239410499}, 
   {5, 0.007883190160654339}, {6, 0.00433308171966181}, 
   {7, 0.002810768008202852}, {8, 0.002152213139795603}, 
   {9, 0.0018662329917152262}}, {4.1401589677437675*^-8, 0.7933414218427766}}}
