{11, 32, {{{-0.5229071842115245, 0, -0.0012156383808326894, 
    0.0012156383808326874}, {0, 0.9936497839437038, 0.00024696805832411124, 
    0.000246968058324071}, {-0.0012156383808326413, 0.00024696805832415483, 
    -0.00005959250049096315, 0.002905031260161809}, 
   {0.0012156383808326864, 0.00024696805832406636, 0.002905031260161786, 
    -0.00005959250049093236}}, {{-0.5229071842115245, 0.0012156383808326894, 
    0, -0.0012156383808326855}, {0.0012156383808326547, 
    -0.000059592500491007384, 0.0002469680583241581, 0.0029050312601618064}, 
   {0, 0.000246968058324111, 0.9936497839437037, 0.0002469680583240739}, 
   {-0.001215638380832689, 0.0029050312601617877, 0.00024696805832405714, 
    -0.00005959250049075715}}, {{-0.5229071842115247, -0.0012156383808326421, 
    0.0012156383808326373, 0}, {-0.0012156383808325927, 
    -0.00005959250049103904, 0.002905031260161812, 0.0002469680583240806}, 
   {0.0012156383808325766, 0.0029050312601618445, -0.00005959250049109022, 
    0.0002469680583240757}, {0, 0.0002469680583240482, 0.0002469680583240537, 
    0.9936497839437041}}}, 
 {{{0., 0.02366764634916646, 0.02366764634916646, 0.023667646349166495}, 
   {-0.02366764634916646, 0., -0.02411367001618056, 0.02411367001618052}, 
   {-0.02366764634916646, 0.02411367001618056, 0., -0.024113670016180533}, 
   {-0.023667646349166495, -0.02411367001618052, 0.024113670016180533, 0.}}, 
  {{0., 0.023667646349166467, 0.023667646349166457, 0.02366764634916653}, 
   {-0.023667646349166467, 0., -0.02411367001618046, 0.02411367001618065}, 
   {-0.023667646349166457, 0.02411367001618046, 0., -0.024113670016180668}, 
   {-0.02366764634916653, -0.02411367001618065, 0.024113670016180668, 0.}}}, 
 {0, 0}, {{-1.5481422345026044, -1.5358441647109067}, 
  {-6.29821273188333, -1.5604403042943034, -1.5886660616473618}, 
  {-1.5605561846421998, -1.5482581148505021}, {{2, 0.011339094819914082}, 
   {3, 0.00448551966329367}, {4, 0.0017788891198042348}, 
   {5, 0.0007062668608630376}, {6, 0.00028053581275994804}, 
   {7, 0.00011145209032383668}, {8, 0.000044281289837924676}, 
   {9, 0.000017594020938149768}, {10, 6.990609384180391*^-6}}, 
  {{2, 0.10222211605159894}, {3, 0.04240364900566884}, 
   {4, 0.021971792610202767}, {5, 0.014301105886956728}, 
   {6, 0.011319759956296799}, {7, 0.010145422169768357}, 
   {8, 0.009680422867918072}, {9, 0.009495915911558437}, 
   {10, 0.009422645167879043}}, {1.9659835564054438*^-10, 0.962498485171402}}}
