{8, 20, {{{-0.524872487468986, -1.7978546896639067*^-8, 
    -5.413383464829321*^-6, 5.41835614432384*^-6}, 
   {1.7978548559257202*^-8, 0.9999635875292378, 1.6512741862044432*^-6, 
    1.6440678857648059*^-6}, {-5.423538916590574*^-6, 1.651044193699869*^-6, 
    -3.684099706378896*^-7, 0.00033982946092011966}, 
   {5.41856623499683*^-6, 1.6582504937940186*^-6, 0.00033982945523368255, 
    -3.684099728028245*^-7}}, {{-0.5248724874689852, 5.437622659576613*^-6, 
    -4.7619737719775244*^-9, -5.418569380487045*^-6}, 
   {5.399299721874875*^-6, -3.6840996885459387*^-7, 1.6512673273774332*^-6, 
    0.0003398294576426339}, {4.761972527430109*^-9, 1.6510510525447346*^-6, 
    0.9999635875292379, 1.679867630191927*^-6}, {-5.418352998835942*^-6, 
    0.0003398294585119022, 1.6224507489557939*^-6, -3.6840997380549467*^-7}}, 
  {{-0.5248724874689853, -5.3993009884871455*^-6, 5.423534503092795*^-6, 0}, 
   {-5.4376213917904965*^-6, -3.684099700619614*^-7, 0.00033982945768274927, 
    1.6440769447916839*^-6}, {5.413387877443071*^-6, 0.00033982945847763383, 
    -3.684099703360477*^-7, 1.6798654321707455*^-6}, 
   {0, 1.65824143627738*^-6, 1.6224529490968472*^-6, 0.999963587529238}}}, 
 {{{0., 0.003511134099328911, 0.0035111342948387415, 0.003511134024331972}, 
   {-0.003511134099328911, 0., -0.003661597927354744, 0.00366159824458912}, 
   {-0.0035111342948387415, 0.003661597927354744, 0., -0.00366159801583657}, 
   {-0.003511134024331972, -0.00366159824458912, 0.00366159801583657, 0.}}, 
  {{0., 0.0035111341796704564, 0.0035111339841621646, 0.0035111342546671693}, 
   {-0.0035111341796704564, 0., -0.003661598197831717, 0.003661597880598669}, 
   {-0.0035111339841621646, 0.003661598197831717, 0., -0.003661598109350366}, 
   {-0.0035111342546671693, -0.003661597880598669, 0.003661598109350366, 
    0.}}}, {0, 0}, {{-1.574584947958038, -1.5745727850325935}, 
  {-0.7873249620346334, -0.39367870432519614, 0.000016223307879426052}, 
  {-1.574597371494641, -1.5745852085691965}, {{2, 1.865828143880928*^-6}, 
   {3, 1.621736834722838*^-6}, {4, 1.4083574827131878*^-6}, 
   {5, 1.2239319184367999*^-6}, {6, 1.063363805325207*^-6}, 
   {7, 9.244428615202624*^-7}}, {{2, 0.0001493530413041403}, 
   {3, 0.0001496424288633725}, {4, 0.0001498927172856815}, 
   {5, 0.0001501105922477401}, {6, 0.00015029943283859505}, 
   {7, 0.00015046392309362857}}, {2.410038707248273*^-15, 
   0.9997815450624823}}}
