{23, 40, {{{-0.5048704296440378, 0, -0.012586193851358854, 
    0.012586193851358814}, {0, 0.9461759530337567, -0.00026882648497747984, 
    -0.00026882648497751713}, {-0.01258619385135883, -0.0002688264849775787, 
    0.002792494114915247, 0.027893980531949383}, 
   {0.012586193851358802, -0.0002688264849775865, 0.02789398053194935, 
    0.002792494114915291}}, {{-0.5048704296440377, 0.012586193851358854, 0, 
    -0.012586193851358824}, {0.012586193851358809, 0.0027924941149152453, 
    -0.0002688264849775813, 0.02789398053194935}, 
   {0, -0.0002688264849774781, 0.9461759530337567, -0.0002688264849774893}, 
   {-0.012586193851358802, 0.02789398053194936, -0.0002688264849776151, 
    0.002792494114915278}}, {{-0.5048704296440377, -0.01258619385135875, 
    0.012586193851358746, 0}, {-0.01258619385135874, 0.0027924941149151884, 
    0.027893980531949376, -0.00026882648497750846}, 
   {0.012586193851358757, 0.02789398053194933, 0.002792494114915195, 
    -0.00026882648497752825}, {0, -0.0002688264849776212, 
    -0.0002688264849776337, 0.9461759530337566}}}, 
 {{{0., 0.15207300462499382, 0.1520730046249938, 0.15207300462499432}, 
   {-0.15207300462499382, 0., -0.13544756969119798, 0.13544756969119737}, 
   {-0.1520730046249938, 0.13544756969119798, 0., -0.1354475696911973}, 
   {-0.15207300462499432, -0.13544756969119737, 0.1354475696911973, 0.}}, 
  {{0., 0.15207300462499385, 0.1520730046249938, 0.15207300462499457}, 
   {-0.15207300462499385, 0., -0.13544756969119756, 0.13544756969119806}, 
   {-0.1520730046249938, 0.13544756969119756, 0., -0.13544756969119803}, 
   {-0.15207300462499457, -0.13544756969119806, 0.13544756969119803, 0.}}}, 
 {0, 0}, {{-1.3549644005247659, -1.2074614250614861}, 
  {-6.278971673476386, -1.5024673759880494, -1.6370184607501437}, 
  {-1.4944044685471336, -1.3469014930838539}, {{2, 0.00023425870447896235}, 
   {3, 0.00020013220566730827}, {4, 0.0001708187752286483}, 
   {5, 0.00014581842810595935}, {6, 0.00012448669514678046}, 
   {7, 0.00010628270355464431}, {8, 0.00009074592208607735}, 
   {9, 0.00007748415156255684}, {10, 0.00006616324317515465}, 
   {11, 0.00005649840407362383}, {12, 0.000048246832516585236}, 
   {13, 0.00004120147204020319}, {14, 0.0000351857092832919}, 
   {15, 0.000030048868989357436}, {16, 0.000025662383472624395}, 
   {17, 0.00002191653347791145}, {18, 0.000018717673673257496}, 
   {19, 0.000015985869590867674}, {20, 0.000013652884184950365}, 
   {21, 0.000011660461682161394}, {22, 9.958864393477818*^-6}}, 
  {{2, 0.0515010583110391}, {3, 0.05198825798406638}, 
   {4, 0.05240256587739006}, {5, 0.05275539235495534}, 
   {6, 0.0530559852466159}, {7, 0.05331217194424678}, 
   {8, 0.05353058117322235}, {9, 0.053716833571643426}, 
   {10, 0.053875700002788615}, {11, 0.054011233675003295}, 
   {12, 0.05412688074744465}, {13, 0.05422557317981539}, 
   {14, 0.05430980686309645}, {15, 0.054381707501184706}, 
   {16, 0.05444308626376139}, {17, 0.054495486871625094}, 
   {18, 0.054540225486901496}, {19, 0.05457842454671204}, 
   {20, 0.054611041488441966}, {21, 0.05463889315878298}, 
   {22, 0.05466267657035502}}, {6.174862650405199*^-6, 0.7175157487107706}}}
