{10, 32, {{{-0.5186065980413946, 0, -0.004033025941796211, 
    0.004033025941796173}, {0, 0.9802587118772783, 0.0006651967987943491, 
    0.0006651967987945291}, {-0.004033025941796155, 0.0006651967987944985, 
    8.81603963795571*^-6, 0.009315873772268817}, 
   {0.004033025941796204, 0.0006651967987944161, 0.009315873772268723, 
    8.816039638076707*^-6}}, {{-0.5186065980413946, 0.004033025941796218, 0, 
    -0.004033025941796176}, {0.004033025941796162, 8.816039637970889*^-6, 
    0.0006651967987944972, 0.009315873772268793}, 
   {0, 0.0006651967987943773, 0.9802587118772783, 0.0006651967987945364}, 
   {-0.004033025941796191, 0.009315873772268706, 0.0006651967987944144, 
    8.816039637982165*^-6}}, {{-0.5186065980413946, -0.004033025941796196, 
    0.004033025941796177, 0}, {-0.0040330259417961445, 8.816039637874612*^-6, 
    0.009315873772268828, 0.0006651967987944599}, 
   {0.004033025941796124, 0.009315873772268822, 8.81603963795441*^-6, 
    0.000665196798794456}, {0, 0.0006651967987944488, 0.0006651967987943723, 
    0.9802587118772784}}}, 
 {{{0., 0.042353949134740915, 0.04235394913474092, 0.04235394913474094}, 
   {-0.042353949134740915, 0., -0.04235385894087128, 0.04235385894087109}, 
   {-0.04235394913474092, 0.04235385894087128, 0., -0.0423538589408711}, 
   {-0.04235394913474094, -0.04235385894087109, 0.0423538589408711, 0.}}, 
  {{0., 0.042353949134740915, 0.042353949134740915, 0.04235394913474101}, 
   {-0.042353949134740915, 0., -0.04235385894087116, 0.04235385894087136}, 
   {-0.042353949134740915, 0.04235385894087116, 0., -0.042353858940871354}, 
   {-0.04235394913474101, -0.04235385894087136, 0.042353858940871354, 0.}}}, 
 {0, 0}, {{-1.492340698585941, -1.4541939188486082}, 
  {-6.2960631292232465, -1.5304874783232698, -1.6175440862883534}, 
  {-1.530487437705977, -1.492340657968644}, {{2, 0.004266934570350239}, 
   {3, 0.001751211495912855}, {4, 0.000720514577394471}, 
   {5, 0.00029672862714097414}, {6, 0.00012224995282296425}, 
   {7, 0.00005037432853703672}, {8, 0.000020758657644601164}, 
   {9, 8.554633251597887*^-6}}, {{2, 0.01668856552405221}, 
   {3, 0.006692894074299254}, {4, 0.0027112562042101856}, 
   {5, 0.001093082673802164}, {6, 0.00043001941947160515}, 
   {7, 0.00015740732883644742}, {8, 0.00004517046679590286}, 
   {9, 1.0647633993493332*^-6}}, {5.7724198998745376*^-9, 
   0.8872464375044342}}}
