{8, 32, {{{-0.5234250537736207, 0, -0.00031133078278528555, 
    0.00031133078278528924}, {0, 0.9983214806643321, -0.0005704611301752835, 
    -0.0005704611301758611}, {-0.0003113307827852544, -0.0005704611301754331, 
    0.0006998470927063391, 0.0013650659486394517}, 
   {0.00031133078278539067, -0.0005704611301751688, 0.001365065948639508, 
    0.0006998470927061205}}, {{-0.5234250537736206, 0.00031133078278530637, 
    0, -0.000311330782785298}, {0.0003113307827852854, 0.0006998470927061786, 
    -0.0005704611301754228, 0.0013650659486393194}, 
   {0, -0.0005704611301752746, 0.9983214806643312, -0.0005704611301756259}, 
   {-0.00031133078278539777, 0.001365065948639559, -0.0005704611301753351, 
    0.0006998470927066514}}, {{-0.5234250537736209, -0.00031133078278526837, 
    0.00031133078278527813, 0}, {-0.0003113307827852695, 
    0.0006998470927060407, 0.0013650659486393137, -0.0005704611301751209}, 
   {0.0003113307827852538, 0.001365065948639456, 0.0006998470927060407, 
    -0.0005704611301753117}, {0, -0.0005704611301758607, 
    -0.0005704611301758743, 0.9983214806643327}}}, 
 {{{0., 0.040590206254589804, 0.04059020625458979, 0.04059020625458996}, 
   {-0.040590206254589804, 0., -0.014511560830550437, 0.014511560830549997}, 
   {-0.04059020625458979, 0.014511560830550437, 0., -0.014511560830550085}, 
   {-0.04059020625458996, -0.014511560830549997, 0.014511560830550085, 0.}}, 
  {{0., 0.04059020625458981, 0.04059020625458978, 0.040590206254590026}, 
   {-0.04059020625458981, 0., -0.014511560830550359, 0.014511560830550208}, 
   {-0.04059020625458978, 0.014511560830550359, 0., -0.014511560830550059}, 
   {-0.040590206254590026, -0.014511560830550208, 0.014511560830550059, 
    0.}}}, {0, 0}, {{-1.5655516886793723, -1.5585212587271065}, 
  {-6.299675699979456, -1.5725821186316362, -1.577255731358092}, 
  {-1.5703236416882869, -1.563293211736021}, {{2, 0.008410875667252214}, 
   {3, 0.006586778127004537}, {4, 0.005159551982193138}, 
   {5, 0.004042799749725566}, {6, 0.003168722496714911}, 
   {7, 0.0024843173274305477}}, {{2, 0.12268128556301955}, 
   {3, 0.21900741055796114}, {4, 0.2657113747870735}, {5, 0.292633608317272}, 
   {6, 0.3097223898395717}, {7, 0.32124307598327057}}, 
  {9.338664216470907*^-12, 0.9899710509302645}}}
