{15, 32, {{{-0.5166619035414874, 0, -0.0016691885485403035, 
    0.0016691885485403245}, {0, 0.990991224563807, -0.00341860382782297, 
    -0.0034186038278229067}, {-0.0016691885485403046, -0.0034186038278229596, 
    0.0041509981777219755, 0.0075843653807895865}, 
   {0.0016691885485402907, -0.0034186038278230324, 0.00758436538078978, 
    0.004150998177721923}}, {{-0.5166619035414874, 0.0016691885485403137, 0, 
    -0.0016691885485403232}, {0.0016691885485403065, 0.004150998177721996, 
    -0.0034186038278229683, 0.007584365380789726}, 
   {0, -0.003418603827822984, 0.9909912245638072, -0.003418603827823017}, 
   {-0.0016691885485402868, 0.007584365380789659, -0.003418603827822953, 
    0.004150998177721882}}, {{-0.5166619035414874, -0.0016691885485402833, 
    0.0016691885485402738, 0}, {-0.0016691885485402855, 0.004150998177721901, 
    0.007584365380789458, -0.0034186038278230225}, 
   {0.0016691885485402768, 0.007584365380789743, 0.004150998177721937, 
    -0.0034186038278229145}, {0, -0.003418603827822956, 
    -0.003418603827823041, 0.9909912245638073}}}, 
 {{{0., 0.0967843333299386, 0.0967843333299386, 0.09678433332993902}, 
   {-0.0967843333299386, 0., -0.029809446201750397, 0.029809446201750314}, 
   {-0.0967843333299386, 0.029809446201750397, 0., -0.029809446201750404}, 
   {-0.09678433332993902, -0.029809446201750314, 0.029809446201750404, 0.}}, 
  {{0., 0.0967843333299386, 0.09678433332993863, 0.0967843333299392}, 
   {-0.0967843333299386, 0., -0.029809446201750446, 0.02980944620175051}, 
   {-0.09678433332993863, 0.029809446201750446, 0., -0.029809446201750547}, 
   {-0.0967843333299392, -0.02980944620175051, 0.029809446201750547, 0.}}}, 
 {0, 0}, {{-1.530596782421672, -1.4970697058808455}, 
  {-6.29919330292456, -1.5641238589625008, -1.5854727924997791}, 
  {-1.5525234682287778, -1.5189963916879514}, {{2, 0.016857844016722398}, 
   {3, 0.01321321695119912}, {4, 0.010367048084782164}, 
   {5, 0.008143880865021408}, {6, 0.006405225058550901}, 
   {7, 0.005043339493936871}, {8, 0.003974851972400939}, 
   {9, 0.0031352956024017498}, {10, 0.002474747691167803}, 
   {11, 0.0019544537290593494}, {12, 0.0015442468333077136}, 
   {13, 0.0012205824636259133}, {14, 0.0009650403347174208}}, 
  {{2, 0.12214118101186325}, {3, 0.21796578144513562}, 
   {4, 0.26425539449225455}, {5, 0.29086244279521833}, 
   {6, 0.3077204246349859}, {7, 0.31907766323438974}, 
   {8, 0.32705293593794327}, {9, 0.3328197101521229}, 
   {10, 0.3370793594555598}, {11, 0.340275998897375}, 
   {12, 0.3427037597866971}, {13, 0.34456448337605555}, 
   {14, 0.3460006636604618}}, {7.016547132405022*^-10, 0.9471501936594304}}}
