{11, 32, {{{-0.521651585677257, 0, -0.0020120218210702484, 
    0.0020120218210702445}, {0, 0.9897233747912524, 0.0003725787890705664, 
    0.00037257878907050483}, {-0.0020120218210702293, 0.0003725787890705699, 
    -0.00005379624465422922, 0.004757837519033695}, 
   {0.0020120218210702436, 0.00037257878907050656, 0.004757837519033616, 
    -0.00005379624465410779}}, {{-0.5216515856772571, 0.002012021821070257, 
    0, -0.002012021821070244}, {0.002012021821070213, 
    -0.000053796244654217944, 0.000372578789070565, 0.0047578375190336425}, 
   {0, 0.0003725787890705729, 0.9897233747912524, 0.00037257878907056164}, 
   {-0.002012021821070238, 0.004757837519033644, 0.00037257878907046135, 
    -0.00005379624465418065}}, {{-0.5216515856772572, -0.0020120218210701894, 
    0.0020120218210701885, 0}, {-0.002012021821070158, 
    -0.00005379624465430034, 0.00475783751903373, 0.00037257878907053193}, 
   {0.0020120218210701664, 0.004757837519033628, -0.00005379624465429167, 
    0.00037257878907048553}, {0, 0.0003725787890704838, 
    0.0003725787890705224, 0.9897233747912527}}}, 
 {{{0., 0.03032070718162242, 0.03032070718162242, 0.030320707181622452}, 
   {-0.03032070718162242, 0., -0.03061106994018224, 0.03061106994018213}, 
   {-0.03032070718162242, 0.03061106994018224, 0., -0.030611069940182124}, 
   {-0.030320707181622452, -0.03061106994018213, 0.030611069940182124, 0.}}, 
  {{0., 0.030320707181622417, 0.03032070718162241, 0.030320707181622497}, 
   {-0.030320707181622417, 0., -0.030611069940182107, 0.030611069940182322}, 
   {-0.03032070718162241, 0.030611069940182107, 0., -0.030611069940182308}, 
   {-0.030320707181622497, -0.030611069940182322, 0.030611069940182308, 
    0.}}}, {0, 0}, {{-1.5316738773402943, -1.5117174153034978}, 
  {-6.2978209676396375, -1.5516303393770907, -1.597280144442728}, 
  {-1.5517258947566757, -1.5317694327198792}, {{2, 0.014571299397764276}, 
   {3, 0.005803636452492489}, {4, 0.0023216903577718273}, 
   {5, 0.0009305744759362383}, {6, 0.00037329228067255193}, 
   {7, 0.00014979241330037585}, {8, 0.00006011575750127646}, 
   {9, 0.000024127373130962415}, {10, 9.683694541601229*^-6}}, 
  {{2, 0.09714820726780339}, {3, 0.037806551671381514}, 
   {4, 0.017452550031374282}, {5, 0.009755473159194096}, 
   {6, 0.006737567521471123}, {7, 0.005537514235162439}, 
   {8, 0.00505764732417442}, {9, 0.004865333740519439}, 
   {10, 0.0047881923864849605}}, {8.227559994707757*^-10, 
   0.9399028446576839}}}
