{21, 40, {{{-0.5237774839863825, 0, -0.0007207587680823169, 
    0.0007207587680822893}, {0, 0.9945857893419994, 0.00021999900972326627, 
    0.00021999900972306287}, {-0.0007207587680823121, 0.0002199990097233478, 
    -0.0052650653103111815, -0.02289457016437807}, 
   {0.0007207587680822863, 0.0002199990097230273, -0.02289457016437816, 
    -0.005265065310311496}}, {{-0.5237774839863825, 0.0007207587680823189, 0, 
    -0.0007207587680823004}, {0.0007207587680823115, -0.0052650653103114954, 
    0.00021999900972337035, -0.02289457016437819}, 
   {0, 0.00021999900972328318, 0.9945857893419996, 0.00021999900972313678}, 
   {-0.0007207587680822945, -0.022894570164378285, 0.0002199990097232028, 
    -0.005265065310311345}}, {{-0.5237774839863825, -0.0007207587680823557, 
    0.0007207587680823572, 0}, {-0.0007207587680823609, 
    -0.005265065310311912, -0.022894570164377168, 0.0002199990097232424}, 
   {0.0007207587680823736, -0.022894570164377084, -0.005265065310311706, 
    0.00021999900972340572}, {0, 0.00021999900972326627, 
    0.00021999900972334633, 0.9945857893419991}}}, 
 {{{0., 0.034671528815317015, 0.034671528815317, 0.034671528815317036}, 
   {-0.034671528815317015, 0., -0.040581658366203366, 0.04058165836620374}, 
   {-0.034671528815317, 0.040581658366203366, 0., -0.040581658366203525}, 
   {-0.034671528815317036, -0.04058165836620374, 0.040581658366203525, 0.}}, 
  {{0., 0.034671528815317015, 0.034671528815317015, 0.034671528815317015}, 
   {-0.034671528815317015, 0., -0.04058165836620328, 0.04058165836620377}, 
   {-0.034671528815317015, 0.04058165836620328, 0., -0.04058165836620354}, 
   {-0.034671528815317015, -0.04058165836620377, 0.04058165836620354, 0.}}}, 
 {0, 0}, {{-6.2434337418560215, -0.7770486419207212, -2.3446682290072896}, 
  {-1.503589164391271, 0.03849754955332818}, {{2, 0.009294651018463454}, 
   {3, 0.003196431786821642}, {4, 0.0011141980360225776}, 
   {5, 0.00039011117791672156}, {6, 0.00013681237168316346}, 
   {7, 0.000048008207310157314}, {8, 0.0000168498059246458}, 
   {9, 5.914332209630557*^-6}, {10, 2.0760009864020934*^-6}, 
   {11, 7.287075472900417*^-7}, {12, 2.557881016371222*^-7}, 
   {13, 8.978584797869615*^-8}, {14, 3.1516327506087016*^-8}, 
   {15, 1.1062757578061966*^-8}, {16, 3.883212647270984*^-9}, 
   {17, 1.3630723216806473*^-9}, {18, 4.784616383646245*^-10}, 
   {19, 1.6794787088825203*^-10}, {20, 5.895280097423239*^-11}}, 
  {{2, 0.08563241919192888}, {3, 0.08539152676168156}, 
   {4, 0.08528930836340343}, {5, 0.08525130531640981}, 
   {6, 0.08523770874673522}, {7, 0.08523290466892482}, 
   {8, 0.08523121449014487}, {9, 0.08523062073301531}, 
   {10, 0.08523041225568687}, {11, 0.08523033906943273}, 
   {12, 0.08523031337894373}, {13, 0.08523030436104263}, 
   {14, 0.08523030119559608}, {15, 0.08523030008446797}, 
   {16, 0.08523029969444387}, {17, 0.08523029955753905}, 
   {18, 0.0852302995094831}, {19, 0.0852302994926144}, 
   {20, 0.08523029948669247}}, {4.466617290967919*^-9, 0.9679512798607659}}}
