{14, 35, {{{-0.5237780035146921, 0, -0.0007207186890761197, 
    0.0007207186890760737}, {0, 0.9945858744325566, 0.00022000261716689914, 
    0.000220002617167129}, {-0.0007207186890761169, 0.0002200026171666979, 
    -0.005265120083331709, -0.02289456351862193}, 
   {0.0007207186890760967, 0.00022000261716691866, -0.02289456351862159, 
    -0.005265120083331118}}, {{-0.5237780035146922, 0.0007207186890761069, 0, 
    -0.0007207186890760731}, {0.0007207186890761104, -0.005265120083331706, 
    0.00022000261716669921, -0.022894563518621697}, 
   {0, 0.0002200026171668909, 0.9945858744325565, 0.0002200026171669771}, 
   {-0.0007207186890760914, -0.022894563518621715, 0.0002200026171670487, 
    -0.005265120083331187}}, {{-0.5237780035146921, -0.0007207186890761876, 
    0.0007207186890761945, 0}, {-0.0007207186890761729, 
    -0.0052651200833322915, -0.022894563518621246, 0.00022000261716713723}, 
   {0.0007207186890761876, -0.02289456351862074, -0.005265120083332214, 
    0.00022000261716725866}, {0, 0.0002200026171673428, 
    0.0002200026171671871, 0.9945858744325573}}}, 
 {{{0., 0.0346711307849806, 0.03467113078498063, 0.03467113078498063}, 
   {-0.0346711307849806, 0., -0.04058142928114948, 0.04058142928114929}, 
   {-0.03467113078498063, 0.04058142928114948, 0., -0.04058142928114934}, 
   {-0.03467113078498063, -0.04058142928114929, 0.04058142928114934, 0.}}, 
  {{0., 0.034671130784980596, 0.03467113078498062, 0.03467113078498063}, 
   {-0.034671130784980596, 0., -0.04058142928114965, 0.04058142928114941}, 
   {-0.03467113078498062, 0.04058142928114965, 0., -0.040581429281149335}, 
   {-0.03467113078498063, -0.04058142928114941, 0.040581429281149335, 0.}}}, 
 {0, 0}, {{-1.5608599839521677, -0.7770494416067022, -0.003380550369381674, 
   -1.557479433582786, -0.790571643084217}, {-1.5035914032570024, 
   0.038497047941311605}, {{2, 0.009294558280255855}, 
   {3, 0.003196385627887599}, {4, 0.0011141742687859196}, 
   {5, 0.0003901000523056572}, {6, 0.00013680746732741556}, 
   {7, 0.0000480061318387931}, {8, 0.00001684895269400688}, 
   {9, 5.913988874978182*^-6}, {10, 2.07586507439822*^-6}, 
   {11, 7.286544343038104*^-7}, {12, 2.557675610262433*^-7}, 
   {13, 8.977797173737034*^-8}}, {{2, 0.08563580489721152}, 
   {3, 0.08539492510721558}, {4, 0.08529271350165321}, 
   {5, 0.08525471339779303}, {6, 0.08524111800026035}, 
   {7, 0.08523631437471516}, {8, 0.08523462436792564}, 
   {9, 0.08523403067566493}, {10, 0.08523382222266525}, 
   {11, 0.08523374904549864}, {12, 0.08523372335838504}, 
   {13, 0.08523371434173761}}, {4.466466007723524*^-9, 0.9679517767321221}}}
