{10, 40, {{{-0.5244681741537827, 0, -0.00024356026819898638, 
    0.00024356026819899435}, {0, 0.9986916546671141, 0.00005309794196745556, 
    0.000053097941967458024}, {-0.00024356026819895253, 
    0.00005309794196742482, -0.000016712745515416218, 0.0005909214696798757}, 
   {0.00024356026819898787, 0.0000530979419673882, 0.0005909214696799306, 
    -0.000016712745515393233}}, 
  {{-0.5244681741537828, 0.00024356026819897738, 0, -0.00024356026819898806}, 
   {0.00024356026819895228, -0.00001671274551537632, 0.00005309794196742906, 
    0.000590921469679919}, {0, 0.000053097941967460776, 0.9986916546671138, 
    0.00005309794196737484}, {-0.00024356026819898226, 0.0005909214696798318, 
    0.00005309794196745942, -0.000016712745515456984}}, 
  {{-0.5244681741537831, -0.00024356026819896478, 0.0002435602681989659, 0}, 
   {-0.00024356026819891206, -0.00001671274551556714, 0.000590921469679883, 
    0.000053097941967393934}, {0.0002435602681989122, 0.0005909214696801081, 
    -0.00001671274551554025, 0.00005309794196747002}, 
   {0, 0.00005309794196745141, 0.00005309794196737015, 0.9986916546671143}}}, 
 {{{0., 0.02137389899684164, 0.021373898996841657, 0.021373898996841764}, 
   {-0.02137389899684164, 0., -0.021917968387032936, 0.02191796838703279}, 
   {-0.021373898996841657, 0.021917968387032936, 0., -0.021917968387032805}, 
   {-0.021373898996841764, -0.02191796838703279, 0.021917968387032805, 0.}}, 
  {{0., 0.021373898996841643, 0.02137389899684166, 0.021373898996841768}, 
   {-0.021373898996841643, 0., -0.02191796838703291, 0.021917968387032954}, 
   {-0.02137389899684166, 0.02191796838703291, 0., -0.02191796838703289}, 
   {-0.021373898996841768, -0.021917968387032954, 0.02191796838703289, 0.}}}, 
 {0, 0}, {{-1.5690144287707875, -1.5653123608689508}, 
  {-6.2984200817382385, -1.5727164966726261, -1.5764935441964931}, 
  {-1.5727636144639576, -1.569061546562121}, {{2, 0.00004923103068686652}, 
   {3, 0.0000386095629017931}, {4, 0.00003027971784513167}, 
   {5, 0.00002374704382480594}, {6, 0.000018623783082996614}, 
   {7, 0.000014605846876663414}, {8, 0.000011454759225523747}, 
   {9, 8.983498240612564*^-6}}, {{2, 0.016249348252872456}, 
   {3, 0.015315199421321594}, {4, 0.014584963699865412}, 
   {5, 0.01401372620277757}, {6, 0.013566620557165343}, 
   {7, 0.013216521217308153}, {8, 0.01294228841965843}, 
   {9, 0.012727424937106394}}, {1.1086686758074617*^-10, 0.9921755597676042}}}
