{8, 32, {{{-0.5234060965205489, 0, -0.0009007214977088492, 
    0.0009007214977088454}, {0, 0.9952559025006786, 0.00018576728527615636, 
    0.00018576728527604122}, {-0.0009007214977088214, 0.00018576728527604008, 
    -0.00004822104830479786, 0.002162914321670569}, 
   {0.0009007214977088556, 0.00018576728527607683, 0.0021629143216705627, 
    -0.000048221048304626125}}, {{-0.5234060965205491, 0.0009007214977088569, 
    0, -0.0009007214977088497}, {0.000900721497708832, 
    -0.00004822104830484427, 0.00018576728527603997, 0.0021629143216705528}, 
   {0, 0.0001857672852761536, 0.9952559025006785, 0.00018576728527606263}, 
   {-0.0009007214977088574, 0.0021629143216705905, 0.00018576728527605705, 
    -0.000048221048304458725}}, 
  {{-0.5234060965205494, -0.0009007214977088125, 0.000900721497708812, 0}, 
   {-0.0009007214977087784, -0.0000482210483047571, 0.002162914321670572, 
    0.00018576728527608507}, {0.0009007214977087836, 0.0021629143216705636, 
    -0.00004822104830479179, 0.0001857672852760726}, 
   {0, 0.00018576728527604122, 0.00018576728527605174, 0.9952559025006786}}}, 
 {{{0., 0.020436342909037526, 0.02043634290903753, 0.020436342909037567}, 
   {-0.020436342909037526, 0., -0.020845657370329822, 0.02084565737032968}, 
   {-0.02043634290903753, 0.020845657370329822, 0., -0.020845657370329698}, 
   {-0.020436342909037567, -0.02084565737032968, 0.020845657370329698, 0.}}, 
  {{0., 0.02043634290903753, 0.020436342909037536, 0.02043634290903759}, 
   {-0.02043634290903753, 0., -0.020845657370329704, 0.02084565737032982}, 
   {-0.020436342909037536, 0.020845657370329704, 0., -0.02084565737032982}, 
   {-0.02043634290903759, -0.02084565737032982, 0.02084565737032982, 0.}}}, 
 {0, 0}, {{-1.5548187893330039, -1.5456156254307734}, 
  {-6.298339435851, -1.5640219532352366, -1.5851477646902634}, 
  {-1.5641141171828556, -1.5549109532806251}, {{2, 0.009791742688767487}, 
   {3, 0.0038629501379333978}, {4, 0.0015268053118221922}, 
   {5, 0.0006039495931219052}, {6, 0.00023898052588365581}, 
   {7, 0.00009457633119535486}}, {{2, 0.10190672852895884}, 
   {3, 0.04214029860075236}, {4, 0.021759580654307376}, 
   {5, 0.014129674280068134}, {6, 0.011174241062282993}, 
   {7, 0.010014376425226257}}, {8.205283128307438*^-11, 0.9718708840471074}}}
