{5, 20, {{{-0.5248806042282111, 0, -1.370729694416183*^-6, 
    1.3707296948304584*^-6}, {0, 0.9999912453702562, 3.382287790960221*^-7, 
    3.3822878466605146*^-7}, {-1.370729700937142*^-6, 3.3822878131492484*^-7, 
    -4.013263989015303*^-8, 0.0000768765789722548}, 
   {1.3707297009166815*^-6, 3.3822877692876293*^-7, 0.00007687657896959484, 
    -4.013265180596859*^-8}}, {{-0.5248806042282127, 1.3707296942618698*^-6, 
    0, -1.3707296961004132*^-6}, {1.3707297010203279*^-6, 
    -4.013264927674176*^-8, 3.382287824243737*^-7, 0.00007687657897385809}, 
   {0, 3.382287779859007*^-7, 0.999991245370259, 3.3822879009087153*^-7}, 
   {-1.3707296996454947*^-6, 0.00007687657896859601, 3.3822877140124085*^-7, 
    -4.01326469001706*^-8}}, {{-0.5248806042282117, -1.3707297011323969*^-6, 
    1.3707297008424336*^-6, 0}, {-1.3707296940234046*^-6, 
    -4.013264401185601*^-8, 0.00007687657897205967, 3.3822878711292805*^-7}, 
   {1.370729694404603*^-6, 0.00007687657897748792, -4.01326491761278*^-8, 
    3.3822878744431063*^-7}, {0, 3.382287747610142*^-7, 
    3.3822877435775165*^-7, 0.9999912453702573}}}, 
 {{{0., 0.0017548465346731504, 0.0017548465346729578, 0.0017548465346744256}, 
   {-0.0017548465346731504, 0., -0.0017889053351645228, 
    0.0017889053351595537}, {-0.0017548465346729578, 0.0017889053351645228, 
    0., -0.0017889053351605269}, {-0.0017548465346744256, 
    -0.0017889053351595537, 0.0017889053351605269, 0.}}, 
  {{0., 0.0017548465346735168, 0.001754846534672794, 0.0017548465346746945}, 
   {-0.0017548465346735168, 0., -0.0017889053351660888, 
    0.0017889053351593555}, {-0.001754846534672794, 0.0017889053351660888, 
    0., -0.0017889053351614228}, {-0.0017548465346746945, 
    -0.0017889053351593555, 0.0017889053351614228, 0.}}}, {0, 0}, 
 {{-1.5746342262543118, -1.5746311867709546}, {-0.7873249663340588, 
   -0.39366642988374756, 3.9467167181617135*^-6}, 
  {-1.5746372952334557, -1.5746342557500985}, {{2, 1.3181406002889424*^-6}, 
   {3, 1.1447712773850725*^-6}, {4, 9.940451520657183*^-7}}, 
  {{2, 0.0000336780623623169}, {3, 0.00003388195481490563}, 
   {4, 0.0000340588004883219}}, {3.277360051884474*^-17, 0.9999474733711847}}}
{6, 20, {{{-0.5248806024835206, 0, -1.3714808804631655*^-6, 
    1.3714808985693394*^-6}, {0, 0.9999912408027172, 3.3865972594960117*^-7, 
    3.386597502832467*^-7}, {-1.3714809259569665*^-6, 3.3865972470525217*^-7, 
    -7.172598610709346*^-8, 0.00007043358483335402}, 
   {1.3714809069355707*^-6, 3.386597003727637*^-7, 0.00007043358483347744, 
    -7.172598686690235*^-8}}, {{-0.5248806024835203, 1.3714808857267555*^-6, 
    0, -1.3714809066581877*^-6}, {1.3714809208805438*^-6, 
    -7.172598230804905*^-8, 3.3865972801425584*^-7, 0.00007043358482988169}, 
   {0, 3.3865972265014696*^-7, 0.999991240802717, 3.386597570663253*^-7}, 
   {-1.371480898847805*^-6, 0.00007043358483589497, 3.386596935424895*^-7, 
    -7.172599464366769*^-8}}, {{-0.5248806024835218, -1.371480921023207*^-6, 
    1.37148092653312*^-6, 0}, {-1.3714808853973522*^-6, 
    -7.172599451529815*^-8, 0.00007043358484635599, 3.3865975358877244*^-7}, 
   {1.3714808797274382*^-6, 0.00007043358482524965, -7.172598853744105*^-8, 
    3.3865975680447505*^-7}, {0, 3.386596973462201*^-7, 
    3.386596941512335*^-7, 0.9999912408027178}}}, 
 {{{0., 0.001755405663840354, 0.001755405663839112, 0.0017554056638432137}, 
   {-0.001755405663840354, 0., -0.001789591593114926, 0.001789591593108339}, 
   {-0.001755405663839112, 0.001789591593114926, 0., -0.0017895915931117126}, 
   {-0.0017554056638432137, -0.001789591593108339, 0.0017895915931117126, 
    0.}}, {{0., 0.0017554056638401717, 0.001755405663839115, 
    0.0017554056638428418}, {-0.0017554056638401717, 0., 
    -0.0017895915931151686, 0.0017895915931099766}, 
   {-0.001755405663839115, 0.0017895915931151686, 0., 
    -0.0017895915931101713}, {-0.0017554056638428418, -0.0017895915931099766, 
    0.0017895915931101713, 0.}}}, {0, 0}, 
 {{-1.574634218747658, -1.57463117829586}, {-0.7873249658229924, 
   -0.39366643268651436, 3.949775018163848*^-6}, 
  {-1.574637288805339, -1.574634248353541}, {{2, 1.330632813736866*^-6}, 
   {3, 1.1564841672598736*^-6}, {4, 1.004873953320282*^-6}, 
   {5, 8.73576490339166*^-7}}, {{2, 0.0000336463690135999}, 
   {3, 0.000033852158831212194}, {4, 0.00003403060279492071}, 
   {5, 0.00003418592927091432}}, {3.2849108343316103*^-17, 
   0.9999474459671436}}}
