{8, 20, {{{-0.5248724138350827, 1.8758135866108343*^-10, 
    -5.525694229307657*^-6, 5.525787869859909*^-6}, 
   {-1.8758118443140235*^-10, 0.9999645175819287, 1.370173491344062*^-6, 
    1.370352099135535*^-6}, {-5.525896595836437*^-6, 1.3701228167018248*^-6, 
    -2.2965152040275993*^-7, 0.0003343256082841345}, 
   {5.525802955668761*^-6, 1.3699442076131445*^-6, 0.000334325608319219, 
    -2.2965152114175214*^-7}}, {{-0.5248724138350822, 5.525592052660096*^-6, 
    0, -5.525802827061153*^-6}, {5.5259987724634264*^-6, 
    -2.2965152174717063*^-7, 1.3701734003717002*^-6, 0.0003343256083013675}, 
   {0, 1.3701229077082915*^-6, 0.9999645175819285, 1.3701949764959603*^-6}, 
   {-5.5257879984580555*^-6, 0.0003343256083039767, 1.3701013302711384*^-6, 
    -2.296515204669447*^-7}}, {{-0.5248724138350814, -5.525998820332211*^-6, 
    5.525896676218768*^-6, 0}, {-5.525592004682645*^-6, 
    -2.2965152103940345*^-7, 0.0003343256083077647, 1.370352110102423*^-6}, 
   {5.5256941488068885*^-6, 0.0003343256083034034, -2.2965152041143355*^-7, 
    1.3701950548235825*^-6}, {0, 1.3699441969187097*^-6, 
    1.3701012523726412*^-6, 0.999964517581931}}}, 
 {{{0., 0.0035230481695583517, 0.003523048168541026, 0.003523048170153294}, 
   {-0.0035230481695583517, 0., -0.003593582880472619, 0.00359358287876029}, 
   {-0.003523048168541026, 0.003593582880472619, 0., -0.0035935828796663603}, 
   {-0.003523048170153294, -0.00359358287876029, 0.0035935828796663603, 0.}}, 
  {{0., 0.0035230481692762766, 0.0035230481702933068, 0.003523048168683267}, 
   {-0.0035230481692762766, 0., -0.0035935828787977747, 
    0.003593582880504466}, {-0.0035230481702933068, 0.0035935828787977747, 
    0., -0.003593582879597877}, {-0.003523048168683267, 
    -0.003593582880504466, 0.003593582879597877, 0.}}}, {0, 0}, 
 {{-1.5745864016863402, -1.5745741974894867}, {-0.7873249622828451, 
   -0.39367841120506797, 0.0000159300636454196}, 
  {-1.574598728052896, -1.5745865238560424}, {{2, 1.8700754016841986*^-6}, 
   {3, 1.625876741438454*^-6}, {4, 1.4121372349045445*^-6}, 
   {5, 1.2276107596428595*^-6}, {6, 1.0666862682692964*^-6}, 
   {7, 9.27642325181284*^-7}}, {{2, 0.00006942099285378661}, 
   {3, 0.00006971110154286642}, {4, 0.00006996183560529022}, 
   {5, 0.00007018037436404372}, {6, 0.00007036961819893658}, 
   {7, 0.00007053471021564403}}, {2.153604714432513*^-15, 
   0.9997871243757129}}}
{8, 20, {{{-0.5248724154025349, 0, -5.524900930877288*^-6, 
    5.524913252176458*^-6}, {0, 0.9999645326752904, 1.36983243697461*^-6, 
    1.3698485245895132*^-6}, {-5.5249308032325456*^-6, 
    1.3698302391427751*^-6, -2.7214367007317997*^-7, 0.0003272095739786493}, 
   {5.524918481771186*^-6, 1.36981415142408*^-6, 0.0003272095739727497, 
    -2.721436728088389*^-7}}, {{-0.5248724154025348, 5.524904419086381*^-6, 
    0, -5.524918467956857*^-6}, {5.524927315060078*^-6, 
    -2.7214367471183054*^-7, 1.3698324296169566*^-6, 0.0003272095739765662}, 
   {0, 1.3698302464834473*^-6, 0.9999645326752912, 1.3698517983223524*^-6}, 
   {-5.52491326599033*^-6, 0.0003272095739774175, 1.3698108777527526*^-6, 
    -2.7214367337435874*^-7}}, {{-0.5248724154025353, -5.524927323609863*^-6, 
    5.524930807313828*^-6, 0}, {-5.5249044103549415*^-6, 
    -2.7214367289557506*^-7, 0.00032720957398404873, 1.3698485311436373*^-6}, 
   {5.524900926638692*^-6, 0.00032720957397617043, -2.721436728747584*^-7, 
    1.3698518039898046*^-6}, {0, 1.3698141450785902*^-6, 
    1.3698108724167475*^-6, 0.9999645326752917}}}, 
 {{{0., 0.003522779279305696, 0.0035227792793554604, 0.0035227792793739478}, 
   {-0.003522779279305696, 0., -0.0035932686760345063, 
    0.0035932686759922138}, {-0.0035227792793554604, 0.0035932686760345063, 
    0., -0.0035932686759407315}, {-0.0035227792793739478, 
    -0.0035932686759922138, 0.0035932686759407315, 0.}}, 
  {{0., 0.0035227792793838626, 0.003522779279333521, 0.0035227792793177245}, 
   {-0.0035227792793838626, 0., -0.0035932686759468264, 
    0.003593268675984625}, {-0.003522779279333521, 0.0035932686759468264, 0., 
    -0.003593268676035496}, {-0.0035227792793177245, -0.003593268675984625, 
    0.003593268676035496, 0.}}}, {0, 0}, 
 {{-1.5745864254026025, -1.574574222137212}, {-0.7873249627515863, 
   -0.39367840856730624, 0.00001592719151310984}, 
  {-1.5745987507592103, -1.5745865474938199}, {{2, 1.8818857014735527*^-6}, 
   {3, 1.6385969580728042*^-6}, {4, 1.4242277888839791*^-6}, 
   {5, 1.2403552251860801*^-6}, {6, 1.0787082344791525*^-6}, 
   {7, 9.401264542390625*^-7}}, {{2, 0.00006936682115106572}, 
   {3, 0.00006965920320290435}, {4, 0.00006991093203353714}, 
   {5, 0.0000701317461922848}, {6, 0.0000703220775290296}, 
   {7, 0.00007048939664403117}}, {2.1524751633774822*^-15, 
   0.9997872149198211}}}
