{5, 20, {{{-0.5248805727004465, 0, -1.4132460771435183*^-6, 
    1.4132460769591796*^-6}, {0, 0.9999916178782903, 2.2434119525344174*^-7, 
    2.2434119603869718*^-7}, {-1.413246078800288*^-6, 2.243411957117645*^-7, 
    2.143230474864477*^-8, 0.00006597359859692946}, 
   {1.4132460780511525*^-6, 2.2434119480171398*^-7, 0.00006597359859954225, 
    2.1432293891010534*^-8}}, {{-0.5248805727004463, 1.4132460771101084*^-6, 
    0, -1.4132460770988257*^-6}, {1.4132460789138045*^-6, 
    2.1432296918103*^-8, 2.24341196146887*^-7, 0.00006597359859701581}, 
   {0, 2.2434119483086547*^-7, 0.9999916178782862, 2.243411969095306*^-7}, 
   {-1.4132460779452274*^-6, 0.00006597359859742357, 2.2434119404229272*^-7, 
    2.143229921314216*^-8}}, {{-0.5248805727004465, -1.4132460787026214*^-6, 
    1.4132460781336209*^-6, 0}, {-1.4132460771557677*^-6, 
    2.1432294994294665*^-8, 0.00006597359859689136, 2.2434119703189583*^-7}, 
   {1.4132460776698036*^-6, 0.00006597359860386389, 2.1432294466938728*^-8, 
    2.243411964228045*^-7}, {0, 2.2434119406687394*^-7, 
    2.2434119475040062*^-7, 0.999991617878289}}}, 
 {{{0., 0.0017650363370603646, 0.001765036337061252, 0.001765036337062324}, 
   {-0.0017650363370603646, 0., -0.0017325634557557427, 
    0.001732563455755518}, {-0.001765036337061252, 0.0017325634557557427, 0., 
    -0.0017325634557535411}, {-0.001765036337062324, -0.001732563455755518, 
    0.0017325634557535411, 0.}}, {{0., 0.0017650363370605641, 
    0.0017650363370615234, 0.001765036337062232}, 
   {-0.0017650363370605641, 0., -0.0017325634557543144, 0.00173256345575624}, 
   {-0.0017650363370615234, 0.0017325634557543144, 0., 
    -0.001732563455754073}, {-0.001765036337062232, -0.00173256345575624, 
    0.001732563455754073, 0.}}}, {0, 0}, 
 {{-1.5746348081900068, -1.5746317510573937}, {-0.7873249661842698, 
   -0.3936663079823698, 3.824890234871425*^-6}, 
  {-1.5746378372002796, -1.5746347800676666}, {{2, 1.2585803829477226*^-6}, 
   {3, 1.0941080594031004*^-6}, {4, 9.51039774422591*^-7}}, 
  {{2, 0.00003283613318138117}, {3, 0.00003264166674075002}, 
   {4, 0.000032472881306471814}}, {2.7047983859155244*^-17, 
   0.9999497083236185}}}
