{3, 20, {{{0, 0, 0, 0}, {0, 0, 0, 0}, {0, 0, 0, 0}, {0, 0, 0, 0}}, 
  {{0, 0, 0, 0}, {0, 0, 0, 0}, {0, 0, 0, 0}, {0, 0, 0, 0}}, 
  {{0, 0, 0, 0}, {0, 0, 0, 0}, {0, 0, 0, 0}, {0, 0, 0, 0}}}, 
 {{{0., 0.5773502691896029, 0.5773502691896024, 0.5773502691896719}, 
   {-0.5773502691896029, 0., -0.57735026918958, 0.5773502691896484}, 
   {-0.5773502691896024, 0.57735026918958, 0., -0.5773502691896488}, 
   {-0.5773502691896719, -0.5773502691896484, 0.5773502691896488, 0.}}, 
  {{0., 0.5773502691896029, 0.5773502691896029, 0.5773502691896713}, 
   {-0.5773502691896029, 0., -0.5773502691895803, 0.5773502691896484}, 
   {-0.5773502691896029, 0.5773502691895803, 0., -0.5773502691896482}, 
   {-0.5773502691896713, -0.5773502691896484, 0.5773502691896482, 0.}}}, 
 {0, 0}, {{-0.9969999999999998, -0.9939999999999996}, 
  {-1.0014999999999998, -0.9999999999999998, 0.49924999999999986}, 
  {-0.9999999999999998, -0.9969999999999996}, {{2, 3.3084646133829665*^-14}}, 
  {{2, 6.0932740334844*^-14}}, {0.037037037037037, 0}}}
