{5, 20, {{{-0.5248722921742721, 0, -5.694410006518568*^-6, 
    5.694413749453547*^-6}, {0, 0.9999660418158147, 9.115123295010876*^-7, 
    9.115187333524002*^-7}, {-5.694419313327073*^-6, 9.115106900548387*^-7, 
    5.198002767797805*^-8, 0.00031711307854106417}, 
   {5.694415569457247*^-6, 9.115042851590667*^-7, 0.000317113078545533, 
    5.198002530834578*^-8}}, {{-0.5248722921742724, 5.694409663523814*^-6, 0, 
    -5.694415564567446*^-6}, {5.69441965631927*^-6, 5.198002822962011*^-8, 
    9.115123222698318*^-7, 0.00031711307854205215}, 
   {0, 9.115106972950053*^-7, 0.9999660418158163, 9.115229237119506*^-7}, 
   {-5.694413754340665*^-6, 0.00031711307854392337, 9.115000947754292*^-7, 
    5.198002756001685*^-8}}, {{-0.524872292174273, -5.694419659434404*^-6, 
    5.694419314604148*^-6, 0}, {-5.694409660232408*^-6, 
    5.1980027462872336*^-8, 0.0003171130785498915, 9.115187385170379*^-7}, 
   {5.694410005049564*^-6, 0.00031711307855324214, 5.198002558937098*^-8, 
    9.115229267291577*^-7}, {0, 9.115042801954401*^-7, 9.115000919675929*^-7, 
    0.9999660418158154}}}, 
 {{{0., 0.003542627266569558, 0.003542627266584655, 0.0035426272665710946}, 
   {-0.003542627266569558, 0., -0.003479903689314407, 0.0034799036893121086}, 
   {-0.003542627266584655, 0.003479903689314407, 0., -0.0034799036892977065}, 
   {-0.0035426272665710946, -0.0034799036893121086, 0.0034799036892977065, 
    0.}}, {{0., 0.003542627266579317, 0.0035426272665634705, 
    0.003542627266582489}, {-0.003542627266579317, 0., -0.003479903689308947, 
    0.0034799036892997374}, {-0.0035426272665634705, 0.003479903689308947, 
    0., -0.003479903689315356}, {-0.003542627266582489, 
    -0.0034799036892997374, 0.003479903689315356, 0.}}}, {0, 0}, 
 {{-1.574588783995919, -1.574576511975082}, {-0.7873249631655678, 
   -0.39367791370895067, 0.000015432126166781135}, 
  {-1.5746009473763323, -1.5745886753554954}, {{2, 1.2421443380933837*^-6}, 
   {3, 1.0828339082162575*^-6}, {4, 9.430485223985499*^-7}}, 
  {{2, 0.00006308238008082058}, {3, 0.00006289006511504651}, 
   {4, 0.00006272357726705359}}, {1.7758380076855512*^-15, 
   0.9997962681914836}}}
