{9, 32, {{{-0.5248332502828501, 0, -0.000022648036423027393, 
    0.000022648036423002815}, {0, 0.9998772796856686, 5.168054676568478*^-6, 
    5.168054676263444*^-6}, {-0.000022648036422983157, 5.168054676054576*^-6, 
    -1.8254794327955508*^-6, 0.000055124538272755533}, 
   {0.000022648036423031197, 5.168054676292504*^-6, 0.00005512453827284517, 
    -1.8254794323623036*^-6}}, {{-0.5248332502828501, 0.00002264803642301882, 
    0, -0.000022648036423004316}, {0.000022648036422992725, 
    -1.8254794324967447*^-6, 5.168054676062738*^-6, 0.00005512453827272751}, 
   {0, 5.168054676567812*^-6, 0.9998772796856686, 5.168054676268325*^-6}, 
   {-0.0000226480364230276, 0.0000551245382728361, 5.168054676283186*^-6, 
    -1.825479432754351*^-6}}, 
  {{-0.5248332502828503, -0.000022648036423007372, 0.000022648036423006535, 
    0}, {-0.00002264803642296949, -1.8254794332660945*^-6, 
    0.0000551245382729793, 5.168054676299116*^-6}, 
   {0.00002264803642295648, 0.00005512453827302012, -1.8254794329208845*^-6, 
    5.16805467629152*^-6}, {0, 5.168054676264606*^-6, 5.1680546762660836*^-6, 
    0.9998772796856698}}}, 
 {{{0., 0.00326017295236978, 0.0032601729523697768, 0.0032601729523697833}, 
   {-0.00326017295236978, 0., -0.0033606581377877073, 0.0033606581377872615}, 
   {-0.0032601729523697768, 0.0033606581377877073, 0., 
    -0.003360658137787242}, {-0.0032601729523697833, -0.0033606581377872615, 
    0.003360658137787242, 0.}}, {{0., 0.00326017295236978, 
    0.0032601729523697954, 0.003260172952369785}, 
   {-0.00326017295236978, 0., -0.003360658137787684, 0.0033606581377872364}, 
   {-0.0032601729523697954, 0.003360658137787684, 0., 
    -0.0033606581377872754}, {-0.003260172952369785, -0.0033606581377872364, 
    0.0033606581377872754, 0.}}}, {0, 0}, 
 {{-1.5741012489490611, -1.5738640839708746}, 
  {-6.298446873381378, -1.5743384139272503, -1.5748850227634388}, 
  {-1.5743420688816272, -1.5741049039034407}, {{2, 0.001554295477948918}, 
   {3, 0.0006085632845720555}, {4, 0.00023828515683326553}, 
   {5, 0.00009330319148212474}, {6, 0.000036534180245124774}, 
   {7, 0.000014305517364262589}, {8, 5.601551017994297*^-6}}, 
  {{2, 0.10836279746710671}, {3, 0.0480091739794324}, 
   {4, 0.027520195604195222}, {5, 0.01990926106728587}, 
   {6, 0.0169886476708784}, {7, 0.01585396597323777}, 
   {8, 0.015411020655296242}}, {1.4406086470244707*^-15, 0.9992639039811867}}}
