{13, 32, {{{-0.5157201901591707, 0, -0.006067014646162352, 
    0.006067014646162324}, {0, 0.9711402537864354, 0.000982526091773493, 
    0.0009825260917735125}, {-0.006067014646162294, 0.0009825260917734435, 
    0.00007669701324059105, 0.01376703406265466}, 
   {0.00606701464616231, 0.000982526091773446, 0.013767034062654622, 
    0.00007669701324055159}}, {{-0.5157201901591707, 0.0060670146461623605, 
    0, -0.006067014646162325}, {0.006067014646162306, 0.00007669701324058021, 
    0.0009825260917734294, 0.013767034062654698}, 
   {0, 0.0009825260917734869, 0.9711402537864353, 0.0009825260917734873}, 
   {-0.006067014646162319, 0.013767034062654601, 0.0009825260917734721, 
    0.000076697013240562}}, {{-0.5157201901591706, -0.006067014646162317, 
    0.0060670146461623145, 0}, {-0.006067014646162277, 
    0.00007669701324056286, 0.013767034062654672, 0.0009825260917734838}, 
   {0.006067014646162265, 0.013767034062654743, 0.00007669701324053424, 
    0.0009825260917735112}, {0, 0.000982526091773434, 0.000982526091773427, 
    0.9711402537864351}}}, 
 {{{0., 0.05126113156257468, 0.05126113156257468, 0.05126113156257472}, 
   {-0.05126113156257468, 0., -0.05125504384614585, 0.05125504384614556}, 
   {-0.05126113156257468, 0.05125504384614585, 0., -0.051255043846145584}, 
   {-0.05126113156257472, -0.05125504384614556, 0.051255043846145584, 0.}}, 
  {{0., 0.05126113156257468, 0.05126113156257466, 0.0512611315625748}, 
   {-0.05126113156257468, 0., -0.05125504384614564, 0.05125504384614586}, 
   {-0.05126113156257466, 0.05125504384614564, 0., -0.051255043846145876}, 
   {-0.0512611315625748, -0.05125504384614586, 0.051255043846145876, 0.}}}, 
 {0, 0}, {{-1.4553451516108158, -1.4002972833325062}, 
  {-6.293280910347099, -1.5103930198891238, -1.6362474352844258}, 
  {-1.5103897511765354, -1.4553418828982259}, {{2, 0.024929036075017508}, 
   {3, 0.01027530437701088}, {4, 0.0042991837822108775}, 
   {5, 0.0018112338042623605}, {6, 0.0007653773833612709}, 
   {7, 0.0003238471218400263}, {8, 0.00013710217536258562}, 
   {9, 0.00005805645081531641}, {10, 0.000024586674404428188}, 
   {11, 0.00001041279669516948}, {12, 4.410042110380985*^-6}}, 
  {{2, 0.09370168525903147}, {3, 0.03455880340478877}, 
   {4, 0.01382554451933668}, {5, 0.005684400648770583}, 
   {6, 0.002342801379872661}, {7, 0.0009460388315709114}, 
   {8, 0.00035774638528482465}, {9, 0.00010917273050194576}, 
   {10, 3.999608639217629*^-6}, {11, 0.00004052531260809203}, 
   {12, 0.00005937945811383965}}, {1.8130912259343817*^-8, 
   0.8388643459430992}}}
