{6, 32, {{{-0.5244278410862133, 0, -0.00022370558227228146, 
    0.00022370558227227726}, {0, 0.9988830133130118, 
    -0.000023471072330087767, -0.00002347107233013928}, 
   {-0.00022370558227225164, -0.000023471072330200687, 
    0.00006342193258813576, 0.0005699658038988001}, 
   {0.00022370558227228148, -0.00002347107233029367, 0.000569965803899034, 
    0.0000634219325882663}}, {{-0.5244278410862134, 0.0002237055822722792, 0, 
    -0.00022370558227228119}, {0.00022370558227225273, 
    0.00006342193258813619, -0.000023471072330197637, 0.0005699658038990048}, 
   {0, -0.00002347107233009304, 0.9988830133130114, 
    -0.000023471072330310408}, {-0.00022370558227227636, 
    0.0005699658038988893, -0.00002347107233012105, 0.00006342193258829232}}, 
  {{-0.5244278410862137, -0.0002237055822722482, 0.0002237055822722422, 0}, 
   {-0.00022370558227220318, 0.00006342193258779185, 0.0005699658038988765, 
    -0.00002347107233028798}, {0.0002237055822722106, 0.0005699658038992422, 
    0.00006342193258787598, -0.000023471072330117945}, 
   {0, -0.00002347107233014756, -0.000023471072330315453, 
    0.9988830133130124}}}, 
 {{{0., 0.022462749044876232, 0.02246274904487623, 0.02246274904487626}, 
   {-0.022462749044876232, 0., -0.019143389497056903, 0.01914338949705671}, 
   {-0.02246274904487623, 0.019143389497056903, 0., -0.019143389497056705}, 
   {-0.02246274904487626, -0.01914338949705671, 0.019143389497056705, 0.}}, 
  {{0., 0.022462749044876232, 0.02246274904487621, 0.022462749044876294}, 
   {-0.022462749044876232, 0., -0.019143389497056802, 0.01914338949705681}, 
   {-0.02246274904487621, 0.019143389497056802, 0., -0.019143389497056806}, 
   {-0.022462749044876294, -0.01914338949705681, 0.019143389497056806, 0.}}}, 
 {0, 0}, {{-1.5691492495299229, -1.5652585872675822}, 
  {-6.2991737128164536, -1.5730399117922618, -1.576546944615965}, 
  {-1.5727524468229916, -1.568861784560651}, {{2, 0.005407015408425567}, 
   {3, 0.004236867659040369}, {4, 0.0033203050564283992}, 
   {5, 0.0026023578384318583}}, {{2, 0.2771042652893281}, 
   {3, 0.07825322762215645}, {4, 0.018231344338894794}, 
   {5, 0.07388587080744242}}, {4.9216759334545634*^-11, 0.9933167669179187}}}
{6, 32, {{{-0.5244278410862133, 0, -0.00022370558227228146, 
    0.00022370558227227726}, {0, 0.9988830133130118, 
    -0.000023471072330087767, -0.00002347107233013928}, 
   {-0.00022370558227225164, -0.000023471072330200687, 
    0.00006342193258813576, 0.0005699658038988001}, 
   {0.00022370558227228148, -0.00002347107233029367, 0.000569965803899034, 
    0.0000634219325882663}}, {{-0.5244278410862134, 0.0002237055822722792, 0, 
    -0.00022370558227228119}, {0.00022370558227225273, 
    0.00006342193258813619, -0.000023471072330197637, 0.0005699658038990048}, 
   {0, -0.00002347107233009304, 0.9988830133130114, 
    -0.000023471072330310408}, {-0.00022370558227227636, 
    0.0005699658038988893, -0.00002347107233012105, 0.00006342193258829232}}, 
  {{-0.5244278410862137, -0.0002237055822722482, 0.0002237055822722422, 0}, 
   {-0.00022370558227220318, 0.00006342193258779185, 0.0005699658038988765, 
    -0.00002347107233028798}, {0.0002237055822722106, 0.0005699658038992422, 
    0.00006342193258787598, -0.000023471072330117945}, 
   {0, -0.00002347107233014756, -0.000023471072330315453, 
    0.9988830133130124}}}, 
 {{{0., 0.022462749044876232, 0.02246274904487623, 0.02246274904487626}, 
   {-0.022462749044876232, 0., -0.019143389497056903, 0.01914338949705671}, 
   {-0.02246274904487623, 0.019143389497056903, 0., -0.019143389497056705}, 
   {-0.02246274904487626, -0.01914338949705671, 0.019143389497056705, 0.}}, 
  {{0., 0.022462749044876232, 0.02246274904487621, 0.022462749044876294}, 
   {-0.022462749044876232, 0., -0.019143389497056802, 0.01914338949705681}, 
   {-0.02246274904487621, 0.019143389497056802, 0., -0.019143389497056806}, 
   {-0.022462749044876294, -0.01914338949705681, 0.019143389497056806, 0.}}}, 
 {0, 0}, {{-1.5691492495299229, -1.5652585872675822}, 
  {-6.2991737128164536, -1.5730399117922618, -1.576546944615965}, 
  {-1.5727524468229916, -1.568861784560651}, {{2, 0.005407015408425567}, 
   {3, 0.004236867659040369}, {4, 0.0033203050564283992}, 
   {5, 0.0026023578384318583}}, {{2, 0.2771042652893281}, 
   {3, 0.07825322762215645}, {4, 0.018231344338894794}, 
   {5, 0.07388587080744242}}, {4.9216759334545634*^-11, 0.9933167669179187}}}
