{29, 40, {{{-0.5248598056080479, 0, -7.753233580767648*^-6, 
    7.753233580796991*^-6}, {0, 0.9999488781084602, 6.516900284701971*^-6, 
    6.516900285033762*^-6}, {-7.753233580708036*^-6, 6.516900284653928*^-6, 
    -5.695926084679434*^-6, 0.000018780787417855833}, 
   {7.753233580719482*^-6, 6.5169002848160764*^-6, 0.00001878078741762571, 
    -5.695926085542893*^-6}}, {{-0.5248598056080479, 7.753233580751348*^-6, 
    0, -7.753233580800445*^-6}, {7.753233580720157*^-6, 
    -5.6959260851530136*^-6, 6.516900284653601*^-6, 0.000018780787417801647}, 
   {0, 6.516900284698446*^-6, 0.9999488781084607, 6.5169002850479305*^-6}, 
   {-7.75323358072693*^-6, 0.000018780787417599568, 6.5169002848082185*^-6, 
    -5.6959260852917915*^-6}}, {{-0.5248598056080481, -7.753233580736826*^-6, 
    7.753233580735307*^-6, 0}, {-7.753233580682831*^-6, 
    -5.695926084815176*^-6, 0.000018780787417396728, 6.516900284826042*^-6}, 
   {7.753233580658234*^-6, 0.00001878078741728653, -5.695926085375058*^-6, 
    6.5169002848134184*^-6}, {0, 6.516900285050929*^-6, 
    6.5169002850637616*^-6, 0.9999488781084611}}}, 
 {{{0., 0.0032307231079330223, 0.0032307231079330085, 0.0032307231079330037}, 
   {-0.0032307231079330223, 0., -0.00464621280453118, 0.004646212804528857}, 
   {-0.0032307231079330085, 0.00464621280453118, 0., -0.00464621280452875}, 
   {-0.0032307231079330037, -0.004646212804528857, 0.00464621280452875, 0.}}, 
  {{0., 0.0032307231079330093, 0.0032307231079330197, 0.0032307231079330484}, 
   {-0.0032307231079330093, 0., -0.004646212804530729, 0.004646212804528742}, 
   {-0.0032307231079330197, 0.004646212804530729, 0., 
    -0.0046462128045288735}, {-0.0032307231079330484, -0.004646212804528742, 
    0.0046462128045288735, 0.}}}, {0, 0}, 
 {{-1.5744183185300156, -1.574306402998651}, {-6.29842760895151, 
   -1.5745302340613772, -1.5746835704143778}, 
  {-1.574554751062099, -1.5744428355307345}, {{2, 0.0005495554843837449}, 
   {3, 0.0004302901778182281}, {4, 0.0003369083487257045}, 
   {5, 0.0002637926392746815}, {6, 0.00020654473847296845}, 
   {7, 0.00016172088790015072}, {8, 0.0001266247352514089}, 
   {9, 0.00009914512545462426}, {10, 0.00007762909095487044}, 
   {11, 0.0000607824069604199}, {12, 0.00004759173056840139}, 
   {13, 0.00003726363942947123}, {14, 0.00002917690187870985}, 
   {15, 0.00002284510652867137}, {16, 0.00001788740271375022}, 
   {17, 0.00001400559128953132}, {18, 0.00001096618744869703}, 
   {19, 8.586376407710653*^-6}, {20, 6.723017063671368*^-6}, 
   {21, 5.264032107704566*^-6}, {22, 4.121666663830636*^-6}, 
   {23, 3.227209932607066*^-6}, {24, 2.526862333828133*^-6}, 
   {25, 1.978499549022076*^-6}, {26, 1.5491388199186627*^-6}, 
   {27, 1.2129550989326693*^-6}, {28, 9.497277253848156*^-7}}, 
  {{2, 1.3563364488350829}, {3, 0.881367621374963}, {4, 0.6508201152910773}, 
   {5, 0.517815842001409}, {6, 0.43335572715845455}, {7, 0.376412934532393}, 
   {8, 0.3364567743078978}, {9, 0.3076273674005453}, 
   {10, 0.2864052261411889}, {11, 0.270551505567347}, 
   {12, 0.25857757390239483}, {13, 0.24945882311567838}, 
   {14, 0.24247058856336212}, {15, 0.23708921738588198}, 
   {16, 0.23292982836481985}, {17, 0.22970571070350987}, 
   {18, 0.2272010046133905}, {19, 0.2252518252711131}, 
   {20, 0.22373292345112353}, {21, 0.22254807789530096}, 
   {22, 0.22162306453865915}, {23, 0.22090044320555471}, 
   {24, 0.2203356498845638}, {25, 0.21989404167405013}, 
   {26, 0.21954864614239203}, {27, 0.21927843732340957}, 
   {28, 0.21906700904215184}}, {1.005992132143293*^-14, 0.999693307849809}}}
