{19, 40, {{{-0.513563695200729, 0, -0.00712619026408827, 
    0.007126190264088228}, {0, 0.9677341154027794, 0.0003377638647009537, 
    0.0003377638647009064}, {-0.007126190264088209, 0.000337763864700883, 
    0.0009681176398700433, 0.01609699264409542}, 
   {0.0071261902640882245, 0.00033776386470086303, 0.016096992644095358, 
    0.0009681176398700381}}, {{-0.513563695200729, 0.007126190264088266, 0, 
    -0.007126190264088228}, {0.00712619026408821, 0.000968117639870072, 
    0.0003377638647008795, 0.016096992644095382}, 
   {0, 0.00033776386470094674, 0.9677341154027792, 0.00033776386470091855}, 
   {-0.007126190264088227, 0.01609699264409538, 0.00033776386470084054, 
    0.0009681176398700364}}, {{-0.5135636952007288, -0.007126190264088176, 
    0.007126190264088181, 0}, {-0.007126190264088152, 0.0009681176398699956, 
    0.016096992644095427, 0.0003377638647009077}, 
   {0.007126190264088152, 0.01609699264409535, 0.0009681176398700364, 
    0.0003377638647009004}, {0, 0.00033776386470084395, 
    0.00033776386470084504, 0.9677341154027791}}}, 
 {{{0., 0.11401349880376012, 0.11401349880376013, 0.11401349880376051}, 
   {-0.11401349880376012, 0., -0.10616467899674603, 0.10616467899674548}, 
   {-0.11401349880376013, 0.10616467899674603, 0., -0.10616467899674548}, 
   {-0.11401349880376051, -0.10616467899674548, 0.10616467899674548, 0.}}, 
  {{0., 0.1140134988037601, 0.11401349880376009, 0.11401349880376066}, 
   {-0.1140134988037601, 0., -0.10616467899674562, 0.10616467899674609}, 
   {-0.11401349880376009, 0.10616467899674562, 0., -0.1061646789967461}, 
   {-0.11401349880376066, -0.10616467899674609, 0.1061646789967461, 0.}}}, 
 {0, 0}, {{-1.439137059131274, -1.3482975596999425}, 
  {-6.291606205614129, -1.5299765585626046, -1.61582654424446}, 
  {-1.5268498109850084, -1.4360103115536769}, {{2, 0.00020177941878167516}, 
   {3, 0.0001662149457224149}, {4, 0.0001368993540200869}, 
   {5, 0.00011276172031754461}, {6, 0.00009288457507018733}, 
   {7, 0.00007651442857403712}, {8, 0.00006303151982195443}, 
   {9, 0.00005192593593729422}, {10, 0.00004277803889382592}, 
   {11, 0.000035242412977212756}, {12, 0.000029034689144571968}, 
   {13, 0.000023920723546913547}, {14, 0.000019707704715571372}, 
   {15, 0.0000162368423613779}, {16, 0.000013377354235746819}, 
   {17, 0.000011021519056575446}, {18, 9.080605453154478*^-6}}, 
  {{2, 0.03109326153060216}, {3, 0.03171170057668332}, 
   {4, 0.032219509383803746}, {5, 0.03263679484923464}, 
   {6, 0.03297985409612201}, {7, 0.03326199915310381}, 
   {8, 0.033494119662691245}, {9, 0.03368513487176614}, 
   {10, 0.03384235773196068}, {11, 0.03397178931322105}, 
   {12, 0.034078357621781095}, {13, 0.03416611183450556}, 
   {14, 0.03423838062248277}, {15, 0.03429790144131624}, 
   {16, 0.03434692627428759}, {17, 0.034387308227173924}, 
   {18, 0.03442057251713606}}, {1.4317932334875817*^-6, 0.8213652192294549}}}
