{7, 20, {{{-0.5248128720150917, 0, 0.00008728610427884915, 
    -0.00008728610427913366}, {0, 0.998716586122529, 0.0002713364872469148, 
    0.00027133648724686065}, {0.00008728610427892546, 0.00027133648724697097, 
    -0.0000767451040661329, 0.0018497472026090581}, 
   {-0.00008728610427867327, 0.00027133648724654455, 0.001849747202608708, 
    -0.00007674510406545636}}, 
  {{-0.5248128720150922, -0.00008728610427889618, 0, 0.00008728610427912358}, 
   {-0.00008728610427885458, -0.00007674510406615372, 0.0002713364872469697, 
    0.0018497472026088855}, {0, 0.0002713364872469352, 0.9987165861225292, 
    0.0002713364872468077}, {0.00008728610427867656, 0.001849747202608768, 
    0.000271336487246644, -0.00007674510406506215}}, 
  {{-0.5248128720150927, 0.00008728610427886807, -0.00008728610427896744, 0}, 
   {0.00008728610427928997, -0.00007674510406538958, 0.0018497472026108215, 
    0.0002713364872471948}, {-0.00008728610427918254, 0.0018497472026090345, 
    -0.00007674510406563417, 0.00027133648724723416}, 
   {0, 0.0002713364872470766, 0.0002713364872469882, 0.9987165861225298}}}, 
 {{{0, 0.008964578960432953, 0.008964578960432932, 0.008964578960432916}, 
   {-0.008964578960432953, 0, -0.024674932411818194, 0.024674932411818194}, 
   {-0.008964578960432932, 0.024674932411818194, 0, -0.024674932411818035}, 
   {-0.008964578960432916, -0.024674932411818194, 0.024674932411818035, 0}}, 
  {{0, 0.00896457896043293, 0.008964578960432904, 0.008964578960432911}, 
   {-0.00896457896043293, 0, -0.024674932411817917, 0.02467493241181829}, 
   {-0.008964578960432904, 0.024674932411817917, 0, -0.02467493241181836}, 
   {-0.008964578960432911, -0.02467493241181829, 0.02467493241181836, 0}}}, 
 {0, 0}, {{-1.5695536294584453, -1.5664482082128592}, 
  {-6.298599100031602, -1.5758233410838764, -1.5734762089319245}, 
  {-1.5753801637422984, -1.5722747424967123}, {{2, 0.003130640966471237}, 
   {3, 0.0006977590085281392}, {4, 0.0003282559900117916}, 
   {5, 0.00031670377416731055}, {6, 0.00030492098811603363}}, 
  {{2, 0.015528960319137294}, {3, 0.015664544643930196}, 
   {4, 0.015693314088747558}, {5, 0.01570819802536579}, 
   {6, 0.015710353451385238}}, {2.25702219836038*^-10, 0.9923241817640314}}}
