{3, 40, {{{-0.000019994693728135947, 0, -5.600457020699575*^-6, 
    5.600457020702012*^-6}, {0, 0.000028611294537492053, 
    1.292156624194505*^-6, 1.2921566241947944*^-6}, 
   {-5.600457020699274*^-6, 1.292156624190466*^-6, -4.3083003918745574*^-6, 
    0.000017410380458720132}, {5.600457020698752*^-6, 1.2921566241978591*^-6, 
    0.000017410380458718564, -4.30830039187702*^-6}}, 
  {{-0.000019994693728136546, 5.60045702070286*^-6, 0, 
    -5.600457020700671*^-6}, {5.600457020700481*^-6, -4.308300391878528*^-6, 
    1.2921566241945007*^-6, 0.00001741038045871973}, 
   {0, 1.2921566241936053*^-6, 0.000028611294537492392, 
    1.2921566241931217*^-6}, {-5.600457020702442*^-6, 
    0.000017410380458717642, 1.2921566241919619*^-6, 
    -4.308300391877655*^-6}}, {{-0.00001999469372814017, 
    -5.600457020706169*^-6, 5.600457020704448*^-6, 0}, 
   {-5.600457020703608*^-6, -4.308300391881367*^-6, 0.000017410380458720807, 
    1.292156624195413*^-6}, {5.60045702070279*^-6, 0.000017410380458722125, 
    -4.308300391880615*^-6, 1.2921566241968508*^-6}, 
   {0, 1.292156624192027*^-6, 1.2921566241954337*^-6, 
    0.000028611294537503234}}}, 
 {{{0., 0.5773502687890733, 0.577350268789073, 0.5773502687890739}, 
   {-0.5773502687890733, 0., -0.5773502687267952, 0.5773502687267943}, 
   {-0.577350268789073, 0.5773502687267952, 0., -0.5773502687267944}, 
   {-0.5773502687890739, -0.5773502687267943, 0.5773502687267944, 0.}}, 
  {{0., 0.5773502687890728, 0.5773502687890728, 0.5773502687890746}, 
   {-0.5773502687890728, 0., -0.5773502687267958, 0.5773502687267941}, 
   {-0.5773502687890728, 0.5773502687267958, 0., -0.5773502687267941}, 
   {-0.5773502687890746, -0.5773502687267941, 0.5773502687267941, 0.}}}, 
 {0, 0}, {{-0.08000000096694276, 0.8399999983947816}, 
  {-5.840000000020653, -1.000000000328668, -1.9199999996816584}, 
  {-1.0000000002790472, -0.08000000091732284}, {{2, 6.541305641408413*^-6}}, 
  {{2, 5.393498504539115*^-11}}, {0.03703703685889326, 
   5.485611528863873*^-28}}}
