{9, 32, {{{-0.5248323528930343, 0, -0.000022722224777395034, 
    0.000022722224777403894}, {0, 0.9998780466647009, 4.3626188983913*^-6, 
    4.3626188981896415*^-6}, {-0.000022722224777376593, 4.36261889829898*^-6, 
    -9.397999605185482*^-7, 0.00005552006384689318}, 
   {0.000022722224777407323, 4.362618898258749*^-6, 0.000055520063847079076, 
    -9.397999605580132*^-7}}, {{-0.5248323528930345, 0.000022722224777392256, 
    0, -0.000022722224777401333}, {0.00002272222477738084, 
    -9.397999605723246*^-7, 4.362618898297989*^-6, 0.0000555200638467395}, 
   {0, 4.362618898402374*^-6, 0.9998780466647008, 4.362618898226016*^-6}, 
   {-0.00002272222477740247, 0.000055520063846994366, 4.3626188982214975*^-6, 
    -9.397999607141383*^-7}}, 
  {{-0.5248323528930352, -0.000022722224777384518, 0.000022722224777382464, 
    0}, {-0.00002272222477734877, -9.397999609309787*^-7, 
    0.00005552006384639648, 4.362618898255442*^-6}, 
   {0.00002272222477734201, 0.000055520063847063985, -9.397999607696494*^-7, 
    4.362618898217856*^-6}, {0, 4.362618898185022*^-6, 4.362618898225408*^-6, 
    0.999878046664701}}}, 
 {{{0., 0.0032991454144617374, 0.003299145414461733, 0.0032991454144617348}, 
   {-0.0032991454144617374, 0., -0.003331788570158175, 
    0.0033317885701576863}, {-0.003299145414461733, 0.003331788570158175, 0., 
    -0.0033317885701576837}, {-0.0032991454144617348, -0.0033317885701576863, 
    0.0033317885701576837, 0.}}, {{0., 0.0032991454144617512, 
    0.0032991454144617478, 0.0032991454144617417}, 
   {-0.0032991454144617512, 0., -0.0033317885701581477, 
    0.003331788570157786}, {-0.0032991454144617478, 0.0033317885701581477, 
    0., -0.0033317885701576134}, {-0.0032991454144617417, 
    -0.003331788570157786, 0.0033317885701576134, 0.}}}, {0, 0}, 
 {{-1.574097696518642, -1.573857696444506}, {-6.298446878299705, 
   -1.5743376965927771, -1.5748857425570755}, 
  {-1.574338883924465, -1.574098883850329}, {{2, 0.0015728709039128756}, 
   {3, 0.000615836098977039}, {4, 0.0002411330525587509}, 
   {5, 0.00009441843762700644}, {6, 0.000036970924860393016}, 
   {7, 0.000014476553716807894}, {8, 5.6685319025813474*^-6}}, 
  {{2, 0.09601070637172476}, {3, 0.03688315234196216}, 
   {4, 0.01681040798335005}, {5, 0.009354084064375772}, 
   {6, 0.006492797289164289}, {7, 0.005381162862159542}, 
   {8, 0.004947213838016516}}, {1.3679322987519237*^-15, 0.9992685030411735}}}
