{20, 20, {{{-0.5242090343942089, 0, -0.000385276407386926, 
    0.00038527640738639625}, {0, 0.9984524995750536, -0.00013423582746648034, 
    -0.00013423582746557465}, {-0.0003852764073865459, 
    -0.00013423582746670165, 0.00013101996231338047, 0.010798098203874774}, 
   {0.0003852764073860548, -0.00013423582746639783, 0.01079809820387734, 
    0.00013101996231460519}}, {{-0.5242090343942093, 0.00038527640738683666, 
    0, -0.0003852764073863617}, {0.00038527640738667766, 
    0.00013101996231168304, -0.00013423582746679538, 0.010798098203876172}, 
   {0, -0.00013423582746630112, 0.9984524995750531, -0.0001342358274657866}, 
   {-0.0003852764073861378, 0.010798098203874996, -0.00013423582746587944, 
    0.00013101996231282362}}, {{-0.52420903439421, -0.0003852764073865128, 
    0.00038527640738681595, 0}, {-0.0003852764073867547, 
    0.00013101996231026057, 0.010798098203872819, -0.00013423582746584142}, 
   {0.0003852764073865321, 0.0107980982038773, 0.00013101996231007496, 
    -0.00013423582746478443}, {0, -0.00013423582746594897, 
    -0.0001342358274667755, 0.9984524995750582}}}, 
 {{{0, 0.02788144007431271, 0.027881440074312657, 0.027881440074312897}, 
   {-0.02788144007431271, 0, -0.01926340146876702, 0.01926340146876919}, 
   {-0.027881440074312657, 0.01926340146876702, 0, -0.0192634014687686}, 
   {-0.027881440074312897, -0.01926340146876919, 0.0192634014687686, 0}}, 
  {{0, 0.027881440074312626, 0.02788144007431266, 0.027881440074312987}, 
   {-0.027881440074312626, 0, -0.019263401468767392, 0.01926340146876905}, 
   {-0.02788144007431266, 0.019263401468767392, 0, -0.01926340146876905}, 
   {-0.027881440074312987, -0.01926340146876905, 0.01926340146876905, 0}}}, 
 {0, 0}, {{-1.558037964934956, -1.5435503436958875}, 
  {-3.149271439687213, -3.154423472430155, -1.5720597034721355}, 
  {-1.5702865540650661, -1.5557989328259976}, {{2, 0.004355726324214951}, 
   {3, 0.000959399445039158}, {4, 0.0006820220559285116}, 
   {5, 0.0006603982272542102}, {6, 0.0006386740805356954}, 
   {7, 0.0006185026137095241}, {8, 0.0005998303560783144}, 
   {9, 0.0005828118489709403}, {10, 0.0005671150520289462}, 
   {11, 0.0005528344355258258}, {12, 0.0005396693331175166}, 
   {13, 0.0005277184744510773}, {14, 0.0005167198107534337}, 
   {15, 0.0005067753483076441}, {16, 0.0004976559803901888}, 
   {17, 0.0004894642219297422}, {18, 0.0004819989720314978}, 
   {19, 0.0004753613788147752}}, {{2, 0.008691045593040892}, 
   {3, 0.008551784380443718}, {4, 0.008521155287697006}, 
   {5, 0.008527402682510538}, {6, 0.008529282699271135}, 
   {7, 0.008541585466005598}, {8, 0.008544799165978905}, 
   {9, 0.008556426244655739}, {10, 0.008559534213603875}, 
   {11, 0.008570287485881817}, {12, 0.008573273634420878}, 
   {13, 0.00858325137439374}, {14, 0.008586156207183757}, 
   {15, 0.008595455317811373}, {16, 0.008598312944108072}, 
   {17, 0.008607017624813574}, {18, 0.008609855029133244}, 
   {19, 0.008618038605544371}}, {5.1097288556587773*^-11, 
   0.9907508447820107}}}
{20, 20, {{{-0.5242090343942098, 0, -0.0003852764073865906, 
    0.00038527640738667874}, {0, 0.9984524995750543, -0.00013423582746701973, 
    -0.00013423582746634102}, {-0.000385276407386651, 
    -0.00013423582746647424, 0.00013101996230982993, 0.010798098203875514}, 
   {0.0003852764073865078, -0.00013423582746564165, 0.010798098203875712, 
    0.00013101996231311072}}, {{-0.5242090343942092, 0.0003852764073865058, 
    0, -0.00038527640738668785}, {0.00038527640738666703, 
    0.0001310199623102211, -0.00013423582746630708, 0.010798098203875344}, 
   {0, -0.00013423582746729224, 0.9984524995750544, -0.0001342358274655284}, 
   {-0.00038527640738650625, 0.010798098203875095, -0.0001342358274669718, 
    0.0001310199623136654}}, {{-0.5242090343942095, -0.0003852764073865206, 
    0.0003852764073867628, 0}, {-0.0003852764073865538, 
    0.00013101996231270133, 0.010798098203874128, -0.0001342358274650788}, 
   {0.0003852764073863875, 0.01079809820387484, 0.0001310199623126007, 
    -0.00013423582746559034}, {0, -0.00013423582746680896, 
    -0.0001342358274666679, 0.9984524995750563}}}, 
 {{{0, 0.027881440074312674, 0.027881440074312647, 0.02788144007431277}, 
   {-0.027881440074312674, 0, -0.019263401468766955, 0.019263401468768676}, 
   {-0.027881440074312647, 0.019263401468766955, 0, -0.01926340146876896}, 
   {-0.02788144007431277, -0.019263401468768676, 0.01926340146876896, 0}}, 
  {{0, 0.02788144007431261, 0.027881440074312643, 0.027881440074312806}, 
   {-0.02788144007431261, 0, -0.019263401468767878, 0.019263401468768898}, 
   {-0.027881440074312643, 0.019263401468767878, 0, -0.01926340146876903}, 
   {-0.027881440074312806, -0.019263401468768898, 0.01926340146876903, 0}}}, 
 {0, 0}, {{-1.5580379649349567, -1.5435503436958877}, 
  {-6.298542879374424, -3.1677592889348896, -4.714663234906979}, 
  {-1.5702865540650668, -1.5557989328259978}, {{2, 0.0043557263242145865}, 
   {3, 0.000959399445039269}, {4, 0.0006820220559284943}, 
   {5, 0.0006603982272541326}, {6, 0.0006386740805351399}, 
   {7, 0.0006185026137088081}, {8, 0.0005998303560781366}, 
   {9, 0.0005828118489704399}, {10, 0.0005671150520272462}, 
   {11, 0.0005528344355240572}, {12, 0.0005396693331165018}, 
   {13, 0.0005277184744507694}, {14, 0.0005167198107539992}, 
   {15, 0.0005067753483067837}, {16, 0.000497655980389311}, 
   {17, 0.0004894642219289442}, {18, 0.0004819989720307571}, 
   {19, 0.0004753613788128653}}, {{2, 0.008691045593040932}, 
   {3, 0.008551784380443683}, {4, 0.008521155287697018}, 
   {5, 0.008527402682510498}, {6, 0.008529282699271099}, 
   {7, 0.008541585466005546}, {8, 0.008544799165978952}, 
   {9, 0.008556426244655704}, {10, 0.00855953421360379}, 
   {11, 0.008570287485881706}, {12, 0.00857327363442088}, 
   {13, 0.008583251374393794}, {14, 0.008586156207183693}, 
   {15, 0.008595455317811236}, {16, 0.008598312944107938}, 
   {17, 0.008607017624813463}, {18, 0.008609855029133293}, 
   {19, 0.008618038605544292}}, {5.1097288556588025*^-11, 
   0.9907508447820111}}}
{20, 20, {{{-0.5242090343942098, 0, -0.0003852764073865906, 
    0.00038527640738667874}, {0, 0.9984524995750543, -0.00013423582746701973, 
    -0.00013423582746634102}, {-0.000385276407386651, 
    -0.00013423582746647424, 0.00013101996230982993, 0.010798098203875514}, 
   {0.0003852764073865078, -0.00013423582746564165, 0.010798098203875712, 
    0.00013101996231311072}}, {{-0.5242090343942092, 0.0003852764073865058, 
    0, -0.00038527640738668785}, {0.00038527640738666703, 
    0.0001310199623102211, -0.00013423582746630708, 0.010798098203875344}, 
   {0, -0.00013423582746729224, 0.9984524995750544, -0.0001342358274655284}, 
   {-0.00038527640738650625, 0.010798098203875095, -0.0001342358274669718, 
    0.0001310199623136654}}, {{-0.5242090343942095, -0.0003852764073865206, 
    0.0003852764073867628, 0}, {-0.0003852764073865538, 
    0.00013101996231270133, 0.010798098203874128, -0.0001342358274650788}, 
   {0.0003852764073863875, 0.01079809820387484, 0.0001310199623126007, 
    -0.00013423582746559034}, {0, -0.00013423582746680896, 
    -0.0001342358274666679, 0.9984524995750563}}}, 
 {{{0, 0.027881440074312674, 0.027881440074312647, 0.02788144007431277}, 
   {-0.027881440074312674, 0, -0.019263401468766955, 0.019263401468768676}, 
   {-0.027881440074312647, 0.019263401468766955, 0, -0.01926340146876896}, 
   {-0.02788144007431277, -0.019263401468768676, 0.01926340146876896, 0}}, 
  {{0, 0.02788144007431261, 0.027881440074312643, 0.027881440074312806}, 
   {-0.02788144007431261, 0, -0.019263401468767878, 0.019263401468768898}, 
   {-0.027881440074312643, 0.019263401468767878, 0, -0.01926340146876903}, 
   {-0.027881440074312806, -0.019263401468768898, 0.01926340146876903, 0}}}, 
 {0, 0}, {{-1.5580379649349567, -1.5435503436958877}, 
  {-6.298542879374424, -3.1677592889348896, 0.018487849247677435}, 
  {-1.5702865540650668, -1.5557989328259978}, {{2, 0.0043557263242145865}, 
   {3, 0.000959399445039269}, {4, 0.0006820220559284943}, 
   {5, 0.0006603982272541326}, {6, 0.0006386740805351399}, 
   {7, 0.0006185026137088081}, {8, 0.0005998303560781366}, 
   {9, 0.0005828118489704399}, {10, 0.0005671150520272462}, 
   {11, 0.0005528344355240572}, {12, 0.0005396693331165018}, 
   {13, 0.0005277184744507694}, {14, 0.0005167198107539992}, 
   {15, 0.0005067753483067837}, {16, 0.000497655980389311}, 
   {17, 0.0004894642219289442}, {18, 0.0004819989720307571}, 
   {19, 0.0004753613788128653}}, {{2, 0.008691045593040932}, 
   {3, 0.008551784380443683}, {4, 0.008521155287697018}, 
   {5, 0.008527402682510498}, {6, 0.008529282699271099}, 
   {7, 0.008541585466005546}, {8, 0.008544799165978952}, 
   {9, 0.008556426244655704}, {10, 0.00855953421360379}, 
   {11, 0.008570287485881706}, {12, 0.00857327363442088}, 
   {13, 0.008583251374393794}, {14, 0.008586156207183693}, 
   {15, 0.008595455317811236}, {16, 0.008598312944107938}, 
   {17, 0.008607017624813463}, {18, 0.008609855029133293}, 
   {19, 0.008618038605544292}}, {5.1097288556588025*^-11, 
   0.9907508447820111}}}
