{5, 32, {{{-0.5246378560466016, 0, -0.00017430528444355994, 
    0.0001743052844435405}, {0, 0.998945963722742, 0.00010448176868852024, 
    0.0001044817686889816}, {-0.00017430528444352508, 0.00010448176868895785, 
    -0.00008336066536432547, 0.00041691359793285886}, 
   {0.0001743052844435402, 0.00010448176868872108, 0.00041691359793259605, 
    -0.00008336066536438445}}, {{-0.5246378560466017, 0.0001743052844435718, 
    0, -0.00017430528444355202}, {0.00017430528444351326, 
    -0.00008336066536426346, 0.00010448176868895585, 0.00041691359793279777}, 
   {0, 0.00010448176868852172, 0.9989459637227418, 0.00010448176868905562}, 
   {-0.00017430528444353912, 0.0004169135979326589, 0.00010448176868867527, 
    -0.00008336066536443476}}, 
  {{-0.5246378560466021, -0.00017430528444353267, 0.00017430528444353907, 0}, 
   {-0.00017430528444344003, -0.00008336066536472186, 0.00041691359793266593, 
    0.00010448176868874409}, {0.00017430528444349575, 0.00041691359793278107, 
    -0.00008336066536449027, 0.00010448176868868125}, 
   {0, 0.00010448176868898675, 0.00010448176868911024, 0.9989459637227425}}}, 
 {{{0., 0.016285511496500836, 0.016285511496500836, 0.01628551149650091}, 
   {-0.016285511496500836, 0., -0.02064398490098672, 0.020643984900986442}, 
   {-0.016285511496500836, 0.02064398490098672, 0., -0.020643984900986373}, 
   {-0.01628551149650091, -0.020643984900986442, 0.020643984900986373, 0.}}, 
  {{0., 0.01628551149650083, 0.016285511496500822, 0.016285511496500957}, 
   {-0.01628551149650083, 0., -0.020643984900986633, 0.02064398490098655}, 
   {-0.016285511496500822, 0.020643984900986633, 0., -0.02064398490098645}, 
   {-0.016285511496500957, -0.02064398490098655, 0.02064398490098645, 0.}}}, 
 {0, 0}, {{-1.5702295264619066, -1.5674087931279899}, 
  {-6.299009784146435, -1.5730502597958258, -1.5764546322773916}, 
  {-1.5734277146648257, -1.570606981330909}, {{2, 0.004433779926602091}, 
   {3, 0.003474939731493586}, {4, 0.002723651623104062}}, 
  {{2, 0.5227851437609594}, {3, 0.2609038018256429}, 
   {4, 0.13381444621564792}}, {7.740360651842148*^-11, 0.9936924238215386}}}
