{3, 28, {{{-0.5248754620622368, 0, -9.634719568784133*^-9, 
    9.634719580815468*^-9}, {0, 0.9999999493228924, -1.563613459104928*^-8, 
    -1.5636134702014367*^-8}, {-9.63471957290921*^-9, 
    -1.5636134504327336*^-8, 1.9339626606759697*^-8, 3.9776060010469503*^-8}, 
   {9.634719581723907*^-9, -1.5636134530262952*^-8, 3.9776059950721546*^-8, 
    1.9339626631045825*^-8}}, {{-0.5248754620622367, 9.634719572040278*^-9, 
    0, -9.634719579742472*^-9}, {9.634719577573512*^-9, 
    1.9339626610229144*^-8, -1.5636134510267747*^-8, 3.977605992984095*^-8}, 
   {0, -1.563613459722197*^-8, 0.9999999493228923, -1.5636134586263635*^-8}, 
   {-9.634719581212849*^-9, 3.977606009703263*^-8, -1.5636134647787106*^-8, 
    1.9339626594616632*^-8}}, {{-0.5248754620622366, -9.634719561354591*^-9, 
    9.634719564449802*^-9, 0}, {-9.634719551412162*^-9, 
    1.933962663278055*^-8, 3.977606004969744*^-8, -1.563613453802538*^-8}, 
   {9.634719553120945*^-9, 3.977605976228238*^-8, 1.9339626566861057*^-8, 
    -1.5636134649474296*^-8}, {0, -1.563613470130908*^-8, 
    -1.5636134583819204*^-8, 0.9999999493228922}}}, 
 {{{0., 0.00010859487673801965, 0.00010859487673802411, 
    0.00010859487673802259}, {-0.00010859487673801965, 0., 
    -0.00004296780503254541, 0.000042967805032443265}, 
   {-0.00010859487673802411, 0.00004296780503254541, 0., 
    -0.000042967805032437485}, {-0.00010859487673802259, 
    -0.000042967805032443265, 0.000042967805032437485, 0.}}, 
  {{0., 0.00010859487673803579, 0.00010859487673801782, 
    0.00010859487673802197}, {-0.00010859487673803579, 0., 
    -0.00004296780503254578, 0.00004296780503235502}, 
   {-0.00010859487673801782, 0.00004296780503254578, 0., 
    -0.00004296780503239183}, {-0.00010859487673802197, 
    -0.00004296780503235502, 0.00004296780503239183, 0.}}}, {0, 0}, 
 {{-1.5746225799308626, -1.5746188180939833}, 
  {-6.29861008739264, -1.5746263417677406, -1.5746787019285793}, 
  {-1.574625205073516, -1.5746214432366368}, {{2, 1.7288443972845644*^-7}}, 
  {{2, 1.2086587079773665}}, {6.2930185582826095*^-27, 0.9999996959373921}}}
{3, 28, {{{-0.5248476041000234, 0, -4.003748802491398*^-6, 
    4.003748802545413*^-6}, {0, 0.9999720231012226, -0.00001207813178878495, 
    -0.000012078131789424426}, {-4.003748802490724*^-6, 
    -0.000012078131792024177, 0.000014573428788253531, 
    0.000025257732803763978}, {4.003748802448601*^-6, 
    -0.000012078131789477228, 0.000025257732805547396, 
    0.000014573428787161523}}, {{-0.5248476041000234, 4.003748802511411*^-6, 
    0, -4.003748802549169*^-6}, {4.003748802466339*^-6, 
    0.000014573428788215367, -0.000012078131792017199, 
    0.000025257732804110337}, {0, -0.00001207813178879432, 
    0.9999720231012224, -0.000012078131789802995}, 
   {-4.003748802436628*^-6, 0.000025257732805128792, 
    -0.000012078131789088321, 0.000014573428787079123}}, 
  {{-0.5248476041000242, -4.003748802549683*^-6, 4.003748802517905*^-6, 0}, 
   {-4.003748802484867*^-6, 0.00001457342878843481, 0.000025257732804139844, 
    -0.000012078131789472766}, {4.003748802490017*^-6, 
    0.000025257732804469394, 0.000014573428788550169, 
    -0.000012078131789098659}, {0, -0.000012078131789420945, 
    -0.000012078131789801259, 0.9999720231012207}}}, 
 {{{0., 0.002818837324967618, 0.0028188373249676407, 0.002818837324967627}, 
   {-0.002818837324967618, 0., -0.0006875570651550501, 
    0.0006875570651554389}, {-0.0028188373249676407, 0.0006875570651550501, 
    0., -0.0006875570651557972}, {-0.002818837324967627, 
    -0.0006875570651554389, 0.0006875570651557972, 0.}}, 
  {{0., 0.002818837324967628, 0.002818837324967626, 0.00281883732496762}, 
   {-0.002818837324967628, 0., -0.0006875570651553521, 
    0.0006875570651556551}, {-0.002818837324967626, 0.0006875570651553521, 
    0., -0.0006875570651556952}, {-0.00281883732496762, 
    -0.0006875570651556551, 0.0006875570651556952, 0.}}}, {0, 0}, 
 {{-1.5744249516174802, -1.5743273042281793}, 
  {-6.29850251880219, -1.5745225990067835, -1.5747286603943114}, 
  {-1.574485684149831, -1.57438803676053}, {{2, 0.00010440970980646683}}, 
  {{2, 0.3780424363148742}}, {1.056458629093133*^-19, 0.9998321503474964}}}
{3, 28, {{{-0.5248476042057088, 0, -4.003741209686246*^-6, 
    4.003741209741335*^-6}, {0, 0.9999720231928864, -0.000012078082453977213, 
    -0.000012078082454485699}, {-4.003741209701556*^-6, 
    -0.000012078082455409446, 0.000014573369999682298, 
    0.000025257640702732573}, {4.003741209720349*^-6, -0.0000120780824553262, 
    0.000025257640704710998, 0.000014573370000501087}}, 
  {{-0.5248476042057095, 4.003741209704483*^-6, 0, -4.003741209736912*^-6}, 
   {4.00374120971862*^-6, 0.00001457336999992169, -0.000012078082455408551, 
    0.000025257640703805933}, {0, -0.000012078082453969547, 
    0.9999720231928859, -0.000012078082455727927}, 
   {-4.003741209718332*^-6, 0.000025257640703320794, 
    -0.000012078082454076822, 0.000014573369999965058}}, 
  {{-0.5248476042057104, -4.003741209706507*^-6, 4.003741209722596*^-6, 0}, 
   {-4.003741209710334*^-6, 0.000014573369997296186, 0.00002525764070412834, 
    -0.00001207808245532411}, {4.003741209720365*^-6, 
    0.000025257640706308828, 0.000014573369997827879, 
    -0.000012078082454080563}, {0, -0.000012078082454487064, 
    -0.000012078082455733095, 0.999972023192889}}}, 
 {{{0., 0.002818831985893693, 0.002818831985893697, 0.0028188319858937607}, 
   {-0.002818831985893693, 0., -0.0006875570646680518, 
    0.0006875570646672567}, {-0.002818831985893697, 0.0006875570646680518, 
    0., -0.0006875570646672224}, {-0.0028188319858937607, 
    -0.0006875570646672567, 0.0006875570646672224, 0.}}, 
  {{0., 0.0028188319858937173, 0.002818831985893701, 0.00281883198589374}, 
   {-0.0028188319858937173, 0., -0.0006875570646674373, 
    0.0006875570646672984}, {-0.002818831985893701, 0.0006875570646674373, 
    0., -0.0006875570646676199}, {-0.00281883198589374, 
    -0.0006875570646672984, 0.0006875570646676199, 0.}}}, {0, 0}, 
 {{-1.5744249521735114, -1.574327304969161}, {-6.298502519366363, 
   -1.574522599377863, -1.5747286603053186}, {-1.5744856846133781, 
   -1.5743880374090278}, {{2, 0.0001043931120022967}}, 
  {{2, 0.378042205404894}}, {1.0564586245939885*^-19, 0.9998321508974105}}}
