{7, 32, {{{-0.5246565941222989, 0, -0.0001288686572671946, 
    0.00012886865726720415}, {0, 0.9993073446754615, 0.000026882137117998926, 
    0.000026882137117691717}, {-0.00012886865726716956, 
    0.000026882137117679005, -7.600435767106829*^-6, 0.0003136635700506356}, 
   {0.0001288686572671781, 0.000026882137117692015, 0.00031366357005073345, 
    -7.6004357672278255*^-6}}, {{-0.5246565941222987, 0.000128868657267206, 
    0, -0.00012886865726720613}, {0.0001288686572671839, 
    -7.600435767210045*^-6, 0.00002688213711766953, 0.0003136635700506194}, 
   {0, 0.000026882137118003588, 0.9993073446754615, 0.00002688213711772484}, 
   {-0.0001288686572671775, 0.00031366357005075177, 0.0000268821371176632, 
    -7.600435767113334*^-6}}, {{-0.5246565941222991, -0.00012886865726718816, 
    0.0001288686572671684, 0}, {-0.00012886865726714715, 
    -7.600435767408237*^-6, 0.0003136635700509323, 0.000026882137117701475}, 
   {0.00012886865726712498, 0.0003136635700507942, -7.6004357675296674*^-6, 
    0.000026882137117673238}, {0, 0.000026882137117699652, 
    0.000026882137117721096, 0.9993073446754626}}}, 
 {{{0., 0.007807695203689199, 0.007807695203689204, 0.007807695203689227}, 
   {-0.007807695203689199, 0., -0.00796149955839528, 0.007961499558395275}, 
   {-0.007807695203689204, 0.00796149955839528, 0., -0.007961499558395299}, 
   {-0.007807695203689227, -0.007961499558395275, 0.007961499558395299, 0.}}, 
  {{0., 0.007807695203689214, 0.007807695203689208, 0.007807695203689235}, 
   {-0.007807695203689214, 0., -0.007961499558395261, 0.007961499558395355}, 
   {-0.007807695203689208, 0.007961499558395261, 0., -0.00796149955839536}, 
   {-0.007807695203689235, -0.007961499558395355, 0.00796149955839536, 0.}}}, 
 {0, 0}, {{-1.5717101116513792, -1.570357779173099}, 
  {-6.298452281103554, -1.5730624441296592, -1.5761636964221177}, 
  {-1.5730757639774982, -1.571723431499218}, {{2, 0.003735724158039912}, 
   {3, 0.0014640106638725437}, {4, 0.0005738848750460931}, 
   {5, 0.0002249849717605376}, {6, 0.0000882067556816895}}, 
  {{2, 0.10000583963882394}, {3, 0.04047593265313163}, 
   {4, 0.02025581925476867}, {5, 0.012737749720579419}, 
   {6, 0.009849536303198432}}, {2.5466499442904844*^-13, 0.9958512579808776}}}
{3, 32, {{{-0.524654848152244, 0, -0.0001293984716931424, 
    0.0001293984716931526}, {0, 0.999305817629092, 0.000026069706449732694, 
    0.000026069706449885946}, {-0.00012939847169310352, 
    0.000026069706449861375, -6.6309059741928925*^-6, 
    0.00031518941135298163}, {0.00012939847169311057, 
    0.000026069706449819457, 0.0003151894113531893, -6.630905974027226*^-6}}, 
  {{-0.5246548481522438, 0.00012939847169314117, 0, -0.00012939847169315505}, 
   {0.0001293984716931171, -6.630905974178147*^-6, 0.00002606970644985991, 
    0.0003151894113530405}, {0, 0.000026069706449730444, 0.9993058176290919, 
    0.000026069706449816476}, {-0.0001293984716931146, 
    0.00031518941135312117, 0.000026069706449893657, 
    -6.6309059741642695*^-6}}, {{-0.5246548481522443, -0.000129398471693119, 
    0.00012939847169311596, 0}, {-0.00012939847169306988, 
    -6.630905974357691*^-6, 0.0003151894113530935, 0.000026069706449821653}, 
   {0.0001293984716930585, 0.00031518941135332874, -6.630905974247536*^-6, 
    0.00002606970644989546}, {0, 0.00002606970644990179, 
    0.000026069706449819905, 0.999305817629092}}}, 
 {{{0., 0.007839487391608233, 0.007839487391608231, 0.00783948739160824}, 
   {-0.007839487391608233, 0., -0.007961591598016918, 0.007961591598016871}, 
   {-0.007839487391608231, 0.007961591598016918, 0., -0.007961591598016848}, 
   {-0.00783948739160824, -0.007961591598016871, 0.007961591598016848, 0.}}, 
  {{0., 0.00783948739160824, 0.007839487391608224, 0.00783948739160825}, 
   {-0.00783948739160824, 0., -0.007961591598016921, 0.007961591598016918}, 
   {-0.007839487391608224, 0.007961591598016921, 0., -0.007961591598016914}, 
   {-0.00783948739160825, -0.007961591598016918, 0.007961591598016914, 0.}}}, 
 {0, 0}, {{-1.571698459658469, -1.5703406206117134}, 
  {-6.2984429808312585, -1.5730562987052252, -1.576165191710404}, 
  {-1.573066873239691, -1.5717090341929354}, {{2, 0.000010387048119227943}}, 
  {{2, 0.007787767254997327}}, {2.5468265940308123*^-13, 0.995842127425116}}}
