{9, 32, {{{-0.5228987647093198, 0, -0.0012160372543146875, 
    0.0012160372543146753}, {0, 0.9936603914704626, 0.00023851527951098198, 
    0.00023851527951088884}, {-0.0012160372543146359, 0.0002385152795108882, 
    -0.00005042588768185358, 0.0029076760771567516}, 
   {0.001216037254314671, 0.0002385152795108934, 0.002907676077156764, 
    -0.000050425887681784624}}, {{-0.52289876470932, 0.0012160372543146849, 
    0, -0.001216037254314675}, {0.0012160372543146382, 
    -0.000050425887681856615, 0.00023851527951088619, 0.002907676077156757}, 
   {0, 0.00023851527951097932, 0.9936603914704629, 0.0002385152795108909}, 
   {-0.0012160372543146723, 0.0029076760771567516, 0.00023851527951088152, 
    -0.00005042588768175427}}, {{-0.52289876470932, -0.001216037254314659, 
    0.0012160372543146458, 0}, {-0.0012160372543146012, 
    -0.00005042588768186789, 0.002907676077156728, 0.00023851527951091844}, 
   {0.001216037254314589, 0.002907676077156754, -0.00005042588768186529, 
    0.00023851527951091413}, {0, 0.00023851527951087177, 
    0.0002385152795108717, 0.9936603914704631}}}, 
 {{{0., 0.02371829574481704, 0.02371829574481704, 0.02371829574481707}, 
   {-0.02371829574481704, 0., -0.02406699066533685, 0.02406699066533681}, 
   {-0.02371829574481704, 0.02406699066533685, 0., -0.024066990665336803}, 
   {-0.02371829574481707, -0.02406699066533681, 0.024066990665336803, 0.}}, 
  {{0., 0.023718295744817035, 0.023718295744817056, 0.023718295744817115}, 
   {-0.023718295744817035, 0., -0.024066990665336775, 0.024066990665336935}, 
   {-0.023718295744817056, 0.024066990665336775, 0., -0.02406699066533695}, 
   {-0.023718295744817115, -0.024066990665336935, 0.02406699066533695, 0.}}}, 
 {0, 0}, {{-1.5481146583908778, -1.535790270401188}, 
  {-6.298223697668315, -1.5604390463805684, -1.5886728024535892}, 
  {-1.5605296399783704, -1.5482052519886806}, {{2, 0.011368867775963402}, 
   {3, 0.004497285355461837}, {4, 0.0017835727619267133}, 
   {5, 0.0007081372456782808}, {6, 0.00028128369621487764}, 
   {7, 0.00011175128042203303}, {8, 0.00004440100005521225}}, 
  {{2, 0.09945510857099261}, {3, 0.03991938434670295}, 
   {4, 0.019584187213617592}, {5, 0.01194972392534831}, 
   {6, 0.008982413927524361}, {7, 0.007813584831277587}, 
   {8, 0.007350758340130556}}, {1.943259220843181*^-10, 0.962560136677311}}}
{3, 32, {{{-0.5228946246689437, 0, -0.0012174204255103959, 
    0.0012174204255103937}, {0, 0.9936565309070023, 0.0002366411796815498, 
    0.00023664117968142902}, {-0.0012174204255103553, 0.00023664117968144485, 
    -0.00004816200964498623, 0.002911369751533885}, 
   {0.0012174204255103762, 0.0002366411796814274, 0.002911369751533867, 
    -0.00004816200964488041}}, {{-0.5228946246689435, 0.0012174204255103937, 
    0, -0.0012174204255103998}, {0.0012174204255103577, 
    -0.000048162009645007046, 0.00023664117968145114, 0.002911369751533843}, 
   {0, 0.00023664117968153853, 0.9936565309070025, 0.0002366411796814544}, 
   {-0.0012174204255103837, 0.00291136975153391, 0.0002366411796813973, 
    -0.00004816200964485873}}, {{-0.5228946246689437, -0.0012174204255103681, 
    0.0012174204255103703, 0}, {-0.0012174204255103018, 
    -0.00004816200964506776, 0.0029113697515340286, 0.00023664117968146095}, 
   {0.0012174204255103022, 0.0029113697515339154, -0.00004816200964510853, 
    0.00023664117968142555}, {0, 0.00023664117968138235, 
    0.00023664117968142222, 0.9936565309070029}}}, 
 {{{0., 0.023743196047889995, 0.023743196047889978, 0.023743196047890016}, 
   {-0.023743196047889995, 0., -0.02406765656622553, 0.024067656566225493}, 
   {-0.023743196047889978, 0.02406765656622553, 0., -0.024067656566225493}, 
   {-0.023743196047890016, -0.024067656566225493, 0.024067656566225493, 0.}}, 
  {{0., 0.02374319604788999, 0.02374319604788998, 0.023743196047890054}, 
   {-0.02374319604788999, 0., -0.024067656566225445, 0.024067656566225632}, 
   {-0.02374319604788998, 0.024067656566225445, 0., -0.024067656566225643}, 
   {-0.023743196047890054, -0.024067656566225632, 0.024067656566225643, 
    0.}}}, {0, 0}, {{-1.5480868678443862, -1.5357495412776832}, 
  {-6.29820108536015, -1.5604241944110908, -1.588676348268984}, 
  {-1.5605084917265115, -1.5481711651598085}, {{2, 0.000031133775929712004}}, 
  {{2, 0.006832705202810531}}, {1.9435818471921173*^-10, 0.9625376984976447}}}
