{10, 32, {{{-0.5129399152690841, 0, -0.008110723583377395, 
    0.008110723583377402}, {0, 0.9621557219061256, 0.0013440420162024918, 
    0.0013440420162024996}, {-0.00811072358337736, 0.0013440420162024289, 
    0.00013034096450869823, 0.018180411635928755}, 
   {0.008110723583377392, 0.0013440420162024367, 0.01818041163592875, 
    0.000130340964508595}}, {{-0.5129399152690841, 0.008110723583377392, 0, 
    -0.008110723583377404}, {0.008110723583377376, 0.00013034096450868391, 
    0.0013440420162024293, 0.01818041163592877}, {0, 0.0013440420162024948, 
    0.9621557219061259, 0.0013440420162024935}, {-0.008110723583377388, 
    0.01818041163592873, 0.001344042016202454, 0.00013034096450861843}}, 
  {{-0.512939915269084, -0.008110723583377354, 0.008110723583377362, 0}, 
   {-0.00811072358337732, 0.00013034096450862797, 0.01818041163592879, 
    0.0013440420162024905}, {0.008110723583377315, 0.018180411635928775, 
    0.00013034096450867394, 0.0013440420162025052}, 
   {0, 0.001344042016202434, 0.0013440420162024371, 0.9621557219061257}}}, 
 {{{0., 0.058613528766298384, 0.058613528766298384, 0.05861352876629841}, 
   {-0.058613528766298384, 0., -0.05880618867661993, 0.05880618867661966}, 
   {-0.058613528766298384, 0.05880618867661993, 0., -0.058806188676619645}, 
   {-0.05861352876629841, -0.05880618867661966, 0.058806188676619645, 0.}}, 
  {{0., 0.05861352876629837, 0.0586135287662984, 0.05861352876629851}, 
   {-0.05861352876629837, 0., -0.05880618867661974, 0.05880618867661995}, 
   {-0.0586135287662984, 0.05880618867661974, 0., -0.05880618867661995}, 
   {-0.05861352876629851, -0.05880618867661995, 0.05880618867661995, 0.}}}, 
 {0, 0}, {{-1.419825733790002, -1.34876060690611}, 
  {-6.289591030377507, -1.4908908606738906, -1.653904654514863}, 
  {-1.4910076545375326, -1.4199425276536406}, {{2, 0.02864504097297073}, 
   {3, 0.012007529854692514}, {4, 0.0051389121930623255}, 
   {5, 0.0022208210444537163}, {6, 0.0009639440369688529}, 
   {7, 0.00041920412811576047}, {8, 0.00018245886939054212}, 
   {9, 0.00007944453459601819}}, {{2, 0.096763185493309}, 
   {3, 0.037210148000432326}, {4, 0.016103082028272202}, 
   {5, 0.007657188708210153}, {6, 0.00410901465922059}, 
   {7, 0.002587517201442844}, {8, 0.0019293090101005586}, 
   {9, 0.0016434764667519763}}, {4.135596869934241*^-8, 0.7933634734211652}}}
