{10, 32, {{{-0.5129399152690841, 0, -0.008110723583377395, 
    0.008110723583377402}, {0, 0.9621557219061256, 0.0013440420162024918, 
    0.0013440420162024996}, {-0.00811072358337736, 0.0013440420162024289, 
    0.00013034096450869823, 0.018180411635928755}, 
   {0.008110723583377392, 0.0013440420162024367, 0.01818041163592875, 
    0.000130340964508595}}, {{-0.5129399152690841, 0.008110723583377392, 0, 
    -0.008110723583377404}, {0.008110723583377376, 0.00013034096450868391, 
    0.0013440420162024293, 0.01818041163592877}, {0, 0.0013440420162024948, 
    0.9621557219061259, 0.0013440420162024935}, {-0.008110723583377388, 
    0.01818041163592873, 0.001344042016202454, 0.00013034096450861843}}, 
  {{-0.512939915269084, -0.008110723583377354, 0.008110723583377362, 0}, 
   {-0.00811072358337732, 0.00013034096450862797, 0.01818041163592879, 
    0.0013440420162024905}, {0.008110723583377315, 0.018180411635928775, 
    0.00013034096450867394, 0.0013440420162025052}, 
   {0, 0.001344042016202434, 0.0013440420162024371, 0.9621557219061257}}}, 
 {{{0., 0.058613528766298384, 0.058613528766298384, 0.05861352876629841}, 
   {-0.058613528766298384, 0., -0.05880618867661993, 0.05880618867661966}, 
   {-0.058613528766298384, 0.05880618867661993, 0., -0.058806188676619645}, 
   {-0.05861352876629841, -0.05880618867661966, 0.058806188676619645, 0.}}, 
  {{0., 0.05861352876629837, 0.0586135287662984, 0.05861352876629851}, 
   {-0.05861352876629837, 0., -0.05880618867661974, 0.05880618867661995}, 
   {-0.0586135287662984, 0.05880618867661974, 0., -0.05880618867661995}, 
   {-0.05861352876629851, -0.05880618867661995, 0.05880618867661995, 0.}}}, 
 {0, 0}, {{-1.419825733790002, -1.34876060690611}, 
  {-6.289591030377507, -1.4908908606738906, -1.653904654514863}, 
  {-1.4910076545375326, -1.4199425276536406}, {{2, 0.02864504097297073}, 
   {3, 0.012007529854692514}, {4, 0.0051389121930623255}, 
   {5, 0.0022208210444537163}, {6, 0.0009639440369688529}, 
   {7, 0.00041920412811576047}, {8, 0.00018245886939054212}, 
   {9, 0.00007944453459601819}}, {{2, 0.096763185493309}, 
   {3, 0.037210148000432326}, {4, 0.016103082028272202}, 
   {5, 0.007657188708210153}, {6, 0.00410901465922059}, 
   {7, 0.002587517201442844}, {8, 0.0019293090101005586}, 
   {9, 0.0016434764667519763}}, {4.135596869934241*^-8, 0.7933634734211652}}}
{3, 32, {{{-0.5129162433083483, 0, -0.008121494891861028, 
    0.008121494891861019}, {0, 0.9621261416405604, 0.0013348861439835377, 
    0.0013348861439835403}, {-0.008121494891860995, 0.0013348861439835117, 
    0.0001422229419172417, 0.018203782000699387}, 
   {0.008121494891861009, 0.0013348861439834631, 0.018203782000699335, 
    0.0001422229419172161}}, {{-0.5129162433083482, 0.00812149489186104, 0, 
    -0.00812149489186102}, {0.008121494891860995, 0.0001422229419172495, 
    0.001334886143983507, 0.0182037820006994}, {0, 0.0013348861439835408, 
    0.9621261416405603, 0.0013348861439835442}, {-0.008121494891861009, 
    0.018203782000699317, 0.0013348861439834818, 0.0001422229419172638}}, 
  {{-0.5129162433083482, -0.008121494891860984, 0.008121494891860976, 0}, 
   {-0.00812149489186096, 0.00014222294191718228, 0.018203782000699425, 
    0.001334886143983527}, {0.00812149489186096, 0.018203782000699435, 
    0.00014222294191718055, 0.0013348861439835434}, 
   {0, 0.0013348861439834783, 0.0013348861439834824, 0.9621261416405602}}}, 
 {{{0., 0.05867188938117922, 0.05867188938117922, 0.058671889381179246}, 
   {-0.05867188938117922, 0., -0.058815547113173466, 0.0588155471131732}, 
   {-0.05867188938117922, 0.058815547113173466, 0., -0.05881554711317321}, 
   {-0.058671889381179246, -0.0588155471131732, 0.05881554711317321, 0.}}, 
  {{0., 0.0586718893811792, 0.058671889381179204, 0.05867188938117935}, 
   {-0.0586718893811792, 0., -0.05881554711317327, 0.05881554711317352}, 
   {-0.058671889381179204, 0.05881554711317327, 0., -0.05881554711317353}, 
   {-0.05867188938117935, -0.05881554711317352, 0.05881554711317353, 0.}}}, 
 {0, 0}, {{-1.419661664918783, -1.3485257795497978}, 
  {-6.289445479976546, -1.4907975502877677, -1.6539251897005054}, 
  {-1.4908846381595173, -1.4197487527905321}, {{2, 0.00007172217201879827}}, 
  {{2, 0.001224246683627429}}, {4.139547282940139*^-8, 0.7932171389055833}}}
