{7, 32, {{{-0.5246565941222989, 0, -0.0001288686572671946, 
    0.00012886865726720415}, {0, 0.9993073446754615, 0.000026882137117998926, 
    0.000026882137117691717}, {-0.00012886865726716956, 
    0.000026882137117679005, -7.600435767106829*^-6, 0.0003136635700506356}, 
   {0.0001288686572671781, 0.000026882137117692015, 0.00031366357005073345, 
    -7.6004357672278255*^-6}}, {{-0.5246565941222987, 0.000128868657267206, 
    0, -0.00012886865726720613}, {0.0001288686572671839, 
    -7.600435767210045*^-6, 0.00002688213711766953, 0.0003136635700506194}, 
   {0, 0.000026882137118003588, 0.9993073446754615, 0.00002688213711772484}, 
   {-0.0001288686572671775, 0.00031366357005075177, 0.0000268821371176632, 
    -7.600435767113334*^-6}}, {{-0.5246565941222991, -0.00012886865726718816, 
    0.0001288686572671684, 0}, {-0.00012886865726714715, 
    -7.600435767408237*^-6, 0.0003136635700509323, 0.000026882137117701475}, 
   {0.00012886865726712498, 0.0003136635700507942, -7.6004357675296674*^-6, 
    0.000026882137117673238}, {0, 0.000026882137117699652, 
    0.000026882137117721096, 0.9993073446754626}}}, 
 {{{0., 0.007807695203689199, 0.007807695203689204, 0.007807695203689227}, 
   {-0.007807695203689199, 0., -0.00796149955839528, 0.007961499558395275}, 
   {-0.007807695203689204, 0.00796149955839528, 0., -0.007961499558395299}, 
   {-0.007807695203689227, -0.007961499558395275, 0.007961499558395299, 0.}}, 
  {{0., 0.007807695203689214, 0.007807695203689208, 0.007807695203689235}, 
   {-0.007807695203689214, 0., -0.007961499558395261, 0.007961499558395355}, 
   {-0.007807695203689208, 0.007961499558395261, 0., -0.00796149955839536}, 
   {-0.007807695203689235, -0.007961499558395355, 0.00796149955839536, 0.}}}, 
 {0, 0}, {{-1.5717101116513792, -1.570357779173099}, 
  {-6.298452281103554, -1.5730624441296592, -1.5761636964221177}, 
  {-1.5730757639774982, -1.571723431499218}, {{2, 0.003735724158039912}, 
   {3, 0.0014640106638725437}, {4, 0.0005738848750460931}, 
   {5, 0.0002249849717605376}, {6, 0.0000882067556816895}}, 
  {{2, 0.10000583963882394}, {3, 0.04047593265313163}, 
   {4, 0.02025581925476867}, {5, 0.012737749720579419}, 
   {6, 0.009849536303198432}}, {2.5466499442904844*^-13, 0.9958512579808776}}}
