{9, 32, {{{-0.519179668960615, 0, -0.003677893986479743, 
    0.0036778939864797492}, {0, 0.9817921861592301, 0.0006730496571341639, 
    0.0006730496571341559}, {-0.003677893986479708, 0.000673049657134095, 
    -0.00006715840541319422, 0.008520364184769681}, 
   {0.0036778939864797354, 0.0006730496571340958, 0.008520364184769676, 
    -0.00006715840541322588}}, {{-0.519179668960615, 0.0036778939864797427, 
    0, -0.003677893986479744}, {0.003677893986479686, 
    -0.00006715840541319466, 0.0006730496571340963, 0.008520364184769685}, 
   {0, 0.0006730496571341574, 0.9817921861592303, 0.0006730496571341444}, 
   {-0.003677893986479731, 0.008520364184769647, 0.0006730496571341071, 
    -0.00006715840541310358}}, {{-0.519179668960615, -0.0036778939864797024, 
    0.0036778939864796985, 0}, {-0.0036778939864796478, 
    -0.00006715840541322501, 0.008520364184769692, 0.0006730496571341312}, 
   {0.00367789398647966, 0.008520364184769669, -0.00006715840541327012, 
    0.0006730496571341509}, {0, 0.0006730496571341232, 0.0006730496571340943, 
    0.9817921861592303}}}, 
 {{{0., 0.040361015679846214, 0.04036101567984621, 0.04036101567984625}, 
   {-0.040361015679846214, 0., -0.04078813435812674, 0.040788134358126574}, 
   {-0.04036101567984621, 0.04078813435812674, 0., -0.040788134358126574}, 
   {-0.04036101567984625, -0.040788134358126574, 0.040788134358126574, 0.}}, 
  {{0., 0.04036101567984619, 0.040361015679846214, 0.04036101567984632}, 
   {-0.04036101567984619, 0., -0.04078813435812659, 0.0407881343581268}, 
   {-0.040361015679846214, 0.04078813435812659, 0., -0.040788134358126796}, 
   {-0.04036101567984632, -0.0407881343581268, 0.040788134358126796, 0.}}}, 
 {0, 0}, {{-1.4991129964536385, -1.4641593315523507}, 
  {-6.296485393057742, -1.5340666613549292, -1.6141760351739416}, 
  {-1.5342516091678382, -1.4992979442665504}, {{2, 0.01952148613856866}, 
   {3, 0.007887376766042425}, {4, 0.0032139752277913214}, 
   {5, 0.0013146684309571222}, {6, 0.0005386387947326488}, 
   {7, 0.00022083782722867595}, {8, 0.00009056716501226747}}, 
  {{2, 0.09834871083701803}, {3, 0.03879087717328758}, 
   {4, 0.018177818027398377}, {5, 0.01026130616232267}, 
   {6, 0.0070987319268374805}, {7, 0.005815348510632881}, 
   {8, 0.005291228071023529}}, {4.604718093691537*^-9, 0.8956068941627425}}}
{3, 32, {{{-0.5191657485520733, 0, -0.0036833421960866157, 
    0.003683342196086597}, {0, 0.9817775021104014, 0.0006671044987254875, 
    0.0006671044987254546}, {-0.0036833421960865784, 0.0006671044987253659, 
    -0.00005978166689459691, 0.008533316903068574}, 
   {0.0036833421960865923, 0.0006671044987253906, 0.008533316903068593, 
    -0.00005978166689456655}}, {{-0.5191657485520732, 0.003683342196086606, 
    0, -0.0036833421960865997}, {0.003683342196086568, 
    -0.000059781666894555274, 0.0006671044987253687, 0.008533316903068588}, 
   {0, 0.0006671044987254901, 0.9817775021104014, 0.0006671044987254353}, 
   {-0.0036833421960866023, 0.008533316903068591, 0.0006671044987253968, 
    -0.0000597816668946316}}, {{-0.5191657485520732, -0.003683342196086569, 
    0.0036833421960865784, 0}, {-0.0036833421960865164, 
    -0.00005978166689466543, 0.008533316903068596, 0.0006671044987254134}, 
   {0.003683342196086528, 0.008533316903068609, -0.0000597816668946316, 
    0.0006671044987254357}, {0, 0.0006671044987254242, 0.0006671044987254103, 
    0.9817775021104015}}}, 
 {{{0., 0.04041044319391699, 0.040410443193916984, 0.040410443193917026}, 
   {-0.04041044319391699, 0., -0.04079196494476184, 0.0407919649447617}, 
   {-0.040410443193916984, 0.04079196494476184, 0., -0.04079196494476169}, 
   {-0.040410443193917026, -0.0407919649447617, 0.04079196494476169, 0.}}, 
  {{0., 0.04041044319391697, 0.040410443193916984, 0.040410443193917095}, 
   {-0.04041044319391697, 0., -0.04079196494476171, 0.040791964944761915}, 
   {-0.040410443193916984, 0.04079196494476171, 0., -0.040791964944761915}, 
   {-0.040410443193917095, -0.040791964944761915, 0.040791964944761915, 
    0.}}}, {0, 0}, {{-1.4990182967574608, -1.4640218263733416}, 
  {-6.2964055635645915, -1.53401476714158, -1.6141880146407157}, 
  {-1.5341799709057449, -1.4991835005216256}, {{2, 0.00005157370026390162}}, 
  {{2, 0.0047205836003082705}}, {4.607313394562339*^-9, 0.8955265269903776}}}
