{3, 28, {{{-0.5217957962648444, 0, -0.0021788451172230737, 
    0.002178845117223059}, {0, 0.9880911255591446, 0.000881823098961122, 
    0.0008818230989610363}, {-0.0021788451172230316, 0.0008818230989610684, 
    -0.000565393885649532, 0.005112010582642795}, 
   {0.002178845117223058, 0.0008818230989610211, 0.00511201058264278, 
    -0.0005653938856494609}}, {{-0.5217957962648443, 0.002178845117223066, 0, 
    -0.002178845117223058}, {0.0021788451172230386, -0.0005653938856495355, 
    0.0008818230989610882, 0.0051120105826427745}, 
   {0, 0.0008818230989611112, 0.9880911255591447, 0.0008818230989610499}, 
   {-0.0021788451172230616, 0.005112010582642785, 0.0008818230989610097, 
    -0.0005653938856494123}}, {{-0.5217957962648445, -0.002178845117223019, 
    0.002178845117223025, 0}, {-0.0021788451172229614, 
    -0.0005653938856495693, 0.005112010582642851, 0.0008818230989610637}, 
   {0.00217884511722296, 0.005112010582642861, -0.0005653938856496066, 
    0.0008818230989610391}, {0, 0.0008818230989609947, 0.0008818230989610261, 
    0.9880911255591449}}}, 
 {{{0., 0.02966170287181623, 0.029661702871816242, 0.029661702871816277}, 
   {-0.02966170287181623, 0., -0.034023281861252516, 0.03402328186125244}, 
   {-0.029661702871816242, 0.034023281861252516, 0., -0.03402328186125246}, 
   {-0.029661702871816277, -0.03402328186125244, 0.03402328186125246, 0.}}, 
  {{0., 0.029661702871816235, 0.029661702871816235, 0.02966170287181633}, 
   {-0.029661702871816235, 0., -0.034023281861252405, 0.03402328186125263}, 
   {-0.029661702871816235, 0.034023281861252405, 0., -0.034023281861252634}, 
   {-0.02966170287181633, -0.03402328186125263, 0.034023281861252634, 0.}}}, 
 {0, 0}, {{-1.5288346062166502, -1.5082843756514521}, 
  {-6.297671291027308, -1.5493848367818486, -1.5994508087318056}, 
  {-1.5508957320640349, -1.5303455014988367}, {{2, 0.00020785501292841513}}, 
  {{2, 0.07352205988113564}}, {1.5511622186653625*^-9, 0.9306405943376392}}}
