{3, 28, {{{-0.5175447770922699, 0, -0.0054000263769017915, 
    0.005400026376901764}, {0, 0.9720659210644733, 0.0020233090371401053, 
    0.0020233090371401825}, {-0.00540002637690175, 0.0020233090371400415, 
    -0.0011403381652656391, 0.012375700748308344}, 
   {0.005400026376901734, 0.0020233090371401244, 0.012375700748308321, 
    -0.001140338165265633}}, {{-0.5175447770922698, 0.005400026376901756, 0, 
    -0.005400026376901757}, {0.005400026376901715, -0.0011403381652656565, 
    0.0020233090371400402, 0.01237570074830832}, {0, 0.0020233090371401174, 
    0.9720659210644734, 0.00202330903714014}, {-0.005400026376901723, 
    0.012375700748308308, 0.0020233090371401, -0.0011403381652657085}}, 
  {{-0.5175447770922698, -0.005400026376901705, 0.00540002637690171, 0}, 
   {-0.005400026376901675, -0.0011403381652656764, 0.012375700748308346, 
    0.0020233090371401356}, {0.005400026376901691, 0.012375700748308346, 
    -0.0011403381652656808, 0.0020233090371401564}, 
   {0, 0.0020233090371401014, 0.0020233090371400858, 0.9720659210644732}}}, 
 {{{0., 0.045872437731485076, 0.045872437731485076, 0.045872437731485145}, 
   {-0.045872437731485076, 0., -0.052081864926505066, 0.05208186492650481}, 
   {-0.045872437731485076, 0.052081864926505066, 0., -0.05208186492650481}, 
   {-0.045872437731485145, -0.05208186492650481, 0.05208186492650481, 0.}}, 
  {{0., 0.045872437731485076, 0.04587243773148508, 0.0458724377314852}, 
   {-0.045872437731485076, 0., -0.05208186492650487, 0.0520818649265051}, 
   {-0.04587243773148508, 0.05208186492650487, 0., -0.0520818649265051}, 
   {-0.0458724377314852, -0.0520818649265051, 0.0520818649265051, 0.}}}, 
 {0, 0}, {{-1.4679037272484183, -1.420231691557635}, 
  {-6.293988073849678, -1.5155757629392013, -1.6314182739856378}, 
  {-1.5188022759555038, -1.4711302402647204}, {{2, 0.00031106155610304}}, 
  {{2, 0.06768146083021367}}, {1.995809848160882*^-8, 0.8436733032514593}}}
