{3, 28, {{{-0.5241284938707457, 0, -0.0005130845089009002, 
    0.0005130845089008956}, {0, 0.9970873868983583, 0.0002181225008031656, 
    0.00021812250080312142}, {-0.0005130845089008598, 0.000218122500803116, 
    -0.00014889872027641637, 0.0012246322599534967}, 
   {0.0005130845089008911, 0.00021812250080302384, 0.0012246322599535377, 
    -0.00014889872027610586}}, {{-0.5241284938707458, 0.0005130845089008969, 
    0, -0.0005130845089008898}, {0.0005130845089008558, 
    -0.00014889872027626372, 0.00021812250080311717, 0.0012246322599535242}, 
   {0, 0.0002181225008031688, 0.9970873868983583, 0.00021812250080304244}, 
   {-0.0005130845089008859, 0.0012246322599534475, 0.0002181225008030807, 
    -0.00014889872027629147}}, {{-0.5241284938707459, -0.0005130845089008609, 
    0.0005130845089008528, 0}, {-0.0005130845089008094, 
    -0.0001488987202765274, 0.0012246322599534592, 0.00021812250080303357}, 
   {0.0005130845089008002, 0.0012246322599536942, -0.00014889872027631923, 
    0.00021812250080310117}, {0, 0.00021812250080311275, 
    0.00021812250080303246, 0.9970873868983587}}}, 
 {{{0., 0.014591087106127967, 0.014591087106127967, 0.01459108710612799}, 
   {-0.014591087106127967, 0., -0.01683070934308516, 0.016830709343085115}, 
   {-0.014591087106127967, 0.01683070934308516, 0., -0.016830709343085115}, 
   {-0.01459108710612799, -0.016830709343085115, 0.016830709343085115, 0.}}, 
  {{0., 0.014591087106127972, 0.014591087106127963, 0.014591087106128017}, 
   {-0.014591087106127972, 0., -0.01683070934308513, 0.01683070934308524}, 
   {-0.014591087106127963, 0.01683070934308513, 0., -0.016830709343085233}, 
   {-0.014591087106128017, -0.01683070934308524, 0.016830709343085233, 0.}}}, 
 {0, 0}, {{-1.5633899296853833, -1.558335428844286}, 
  {-6.298443556338341, -1.5684444305264782, -1.5807773476426925}, 
  {-1.5688323444768957, -1.5637778436357985}, {{2, 0.00010430078753501104}}, 
  {{2, 0.07674624312319359}}, {2.273078950147943*^-11, 0.982651078022298}}}
