{20, 32, {{{-0.5240229738091349, 0, -0.0003143114408451885, 
    0.00031431144084519244}, {0, 0.9985180077137267, -0.00020941797180562321, 
    -0.00020941797180561134}, {-0.0003143114408451896, 
    -0.00020941797180552607, 0.0002857837560011991, 0.0009262804980744752}, 
   {0.0003143114408452009, -0.000209417971805653, 0.0009262804980742712, 
    0.00028578375600103473}}, {{-0.5240229738091349, 0.00031431144084519743, 
    0, -0.00031431144084518924}, {0.0003143114408451829, 
    0.0002857837560011011, -0.00020941797180552913, 0.0009262804980744016}, 
   {0, -0.00020941797180562958, 0.9985180077137263, -0.00020941797180553518}, 
   {-0.0003143114408452021, 0.0009262804980743507, -0.00020941797180572388, 
    0.00028578375600121775}}, {{-0.5240229738091353, -0.0003143114408451613, 
    0.00031431144084516995, 0}, {-0.00031431144084512414, 
    0.00028578375600094887, 0.0009262804980745001, -0.00020941797180564262}, 
   {0.00031431144084514376, 0.0009262804980742889, 0.0002857837560008014, 
    -0.00020941797180571776}, {0, -0.00020941797180562096, 
    -0.00020941797180553854, 0.998518007713727}}}, 
 {{{0., 0.031081750432791426, 0.03108175043279142, 0.031081750432791586}, 
   {-0.031081750432791426, 0., -0.019313455725395452, 0.019313455725395265}, 
   {-0.03108175043279142, 0.019313455725395452, 0., -0.019313455725395258}, 
   {-0.031081750432791586, -0.019313455725395265, 0.019313455725395258, 0.}}, 
  {{0., 0.031081750432791422, 0.031081750432791416, 0.031081750432791634}, 
   {-0.031081750432791422, 0., -0.019313455725395452, 0.01931345572539538}, 
   {-0.031081750432791416, 0.019313455725395452, 0., -0.01931345572539534}, 
   {-0.031081750432791634, -0.01931345572539538, 0.01931345572539534, 0.}}}, 
 {0, 0}, {{-1.567253835948481, -1.5618703188547034}, 
  {-6.29846282077328, -1.5726373530422588, -1.5765940573443813}, 
  {-1.5716181888246754, -1.5662346717308977}, {{2, 0.005318569332898107}, 
   {3, 0.004167636690591265}, {4, 0.0032660981773966445}, 
   {5, 0.002559898760586231}, {6, 0.0020066457118877307}, 
   {7, 0.0015731441285075816}, {8, 0.0012334169694044536}, 
   {9, 0.0009671375558938412}, {10, 0.0007583980614646393}, 
   {11, 0.0005947456028937495}, {12, 0.00046642900939343826}, 
   {13, 0.00036581050119471187}, {14, 0.0002869061176480926}, 
   {15, 0.0002250265761969579}, {16, 0.000176496474623887}, 
   {17, 0.00013843463507845488}, {18, 0.0001085821957678701}, 
   {19, 0.00008516801547631125}}, {{2, 0.2957174995082286}, 
   {3, 0.09209147250169736}, {4, 0.0067116456026481315}, 
   {5, 0.06370444951401631}, {6, 0.09989940985502267}, 
   {7, 0.12430956979506683}, {8, 0.14144668599457627}, 
   {9, 0.15382012441549325}, {10, 0.16293633869522584}, 
   {11, 0.1697532649345709}, {12, 0.17490768363201795}, 
   {13, 0.1788378409225333}, {14, 0.18185371574316603}, 
   {15, 0.1841793628812256}, {16, 0.18597953547185}, 
   {17, 0.18737704086263976}, {18, 0.18846441210877202}, 
   {19, 0.18931196833400482}}, {5.1899112354602823*^-11, 0.9911409257736952}}}
