{6, 32, {{{-0.5244422028740683, 0, -0.00022156899495804648, 
    0.00022156899495804277}, {0, 0.9988849742997249, 
    -0.000014131034780592256, -0.000014131034780260693}, 
   {-0.00022156899495802006, -0.000014131034780270153, 
    0.000052798054616567947, 0.0005600947113284678}, 
   {0.00022156899495806272, -0.00001413103478068692, 0.0005600947113286835, 
    0.0000527980546171352}}, {{-0.5244422028740685, 0.00022156899495805676, 
    0, -0.00022156899495804673}, {0.0002215689949580287, 
    0.000052798054616901013, -0.000014131034780271495, 
    0.0005600947113287922}, {0, -0.00001413103478059334, 0.9988849742997252, 
    -0.000014131034780528891}, {-0.0002215689949580601, 
    0.0005600947113284689, -0.000014131034780426265, 
    0.00005279805461677611}}, {{-0.5244422028740686, -0.00022156899495806174, 
    0.00022156899495805836, 0}, {-0.0002215689949580052, 
    0.00005279805461623401, 0.0005600947113285459, -0.00001413103478070096}, 
   {0.00022156899495799436, 0.000560094711328955, 0.00005279805461655407, 
    -0.000014131034780422536}, {0, -0.00001413103478025248, 
    -0.000014131034781006507, 0.9988849742997261}}}, 
 {{{0., 0.022095408877360105, 0.02209540887736007, 0.022095408877360126}, 
   {-0.022095408877360105, 0., -0.019280257158721455, 0.019280257158721385}, 
   {-0.02209540887736007, 0.019280257158721455, 0., -0.019280257158721496}, 
   {-0.022095408877360126, -0.019280257158721385, 0.019280257158721496, 0.}}, 
  {{0., 0.022095408877360015, 0.02209540887736006, 0.02209540887736019}, 
   {-0.022095408877360015, 0., -0.019280257158721368, 0.019280257158721475}, 
   {-0.02209540887736006, 0.019280257158721368, 0., -0.019280257158721496}, 
   {-0.02209540887736019, -0.019280257158721475, 0.019280257158721496, 0.}}}, 
 {0, 0}, {{-1.56920989322008, -1.5653828561411203}, 
  {-6.299150017707764, -1.5730369302990388, -1.5765380785548433}, 
  {-1.5727931310086547, -1.568966093929695}, {{2, 0.005318569332898122}, 
   {3, 0.004167636690591317}, {4, 0.003266098177396679}, 
   {5, 0.0025598987605862794}}, {{2, 0.29571749950822895}, 
   {3, 0.09209147250169666}, {4, 0.00671164560264782}, 
   {5, 0.06370444951401585}}, {5.1366140242508916*^-11, 0.993328467330378}}}
{6, 32, {{{-0.5244422028740684, 0, -0.00022156899495805803, 
    0.00022156899495805958}, {0, 0.998884974299725, -0.000014131034780519452, 
    -0.00001413103478051971}, {-0.0002215689949580531, 
    -0.000014131034780497822, 0.00005279805461672624, 0.0005600947113286448}, 
   {0.0002215689949580587, -0.00001413103478043689, 0.0005600947113285791, 
    0.000052798054616844635}}, {{-0.5244422028740685, 0.00022156899495805548, 
    0, -0.00022156899495805762}, {0.0002215689949580489, 
    0.00005279805461675703, -0.000014131034780497605, 0.000560094711328542}, 
   {0, -0.000014131034780504856, 0.9988849742997254, 
    -0.000014131034780406927}, {-0.00022156899495806554, 
    0.0005600947113286751, -0.00001413103478054622, 
    0.000052798054616581824}}, 
  {{-0.5244422028740686, -0.00022156899495804678, 0.00022156899495805326, 0}, 
   {-0.00022156899495800523, 0.000052798054616508966, 0.0005600947113288515, 
    -0.000014131034780437093}, {0.00022156899495801182, 
    0.0005600947113285509, 0.000052798054616637335, -0.00001413103478054532}, 
   {0, -0.00001413103478052723, -0.00001413103478042568, 
    0.9988849742997257}}}, 
 {{{0., 0.022095408877360074, 0.022095408877360077, 0.022095408877360133}, 
   {-0.022095408877360074, 0., -0.01928025715872144, 0.019280257158721413}, 
   {-0.022095408877360077, 0.01928025715872144, 0., -0.019280257158721423}, 
   {-0.022095408877360133, -0.019280257158721413, 0.019280257158721423, 0.}}, 
  {{0., 0.022095408877360063, 0.022095408877360077, 0.022095408877360175}, 
   {-0.022095408877360063, 0., -0.019280257158721364, 0.01928025715872143}, 
   {-0.022095408877360077, 0.019280257158721364, 0., -0.019280257158721538}, 
   {-0.022095408877360175, -0.01928025715872143, 0.019280257158721538, 0.}}}, 
 {0, 0}, {{-1.5692098932200786, -1.5653828561411203}, 
  {-6.299150017707765, -1.5730369302990392, -1.5765380785548433}, 
  {-1.5727931310086534, -1.568966093929695}, {{2, 0.005318569332898109}, 
   {3, 0.004167636690591264}, {4, 0.003266098177396627}, 
   {5, 0.0025598987605862204}}, {{2, 0.2957174995082282}, 
   {3, 0.0920914725016967}, {4, 0.006711645602647924}, 
   {5, 0.06370444951401623}}, {5.136614024250874*^-11, 0.9933284673303778}}}
{6, 32, {{{-0.5244422028740684, 0, -0.00022156899495805803, 
    0.00022156899495805958}, {0, 0.998884974299725, -0.000014131034780519452, 
    -0.00001413103478051971}, {-0.0002215689949580531, 
    -0.000014131034780497822, 0.00005279805461672624, 0.0005600947113286448}, 
   {0.0002215689949580587, -0.00001413103478043689, 0.0005600947113285791, 
    0.000052798054616844635}}, {{-0.5244422028740685, 0.00022156899495805548, 
    0, -0.00022156899495805762}, {0.0002215689949580489, 
    0.00005279805461675703, -0.000014131034780497605, 0.000560094711328542}, 
   {0, -0.000014131034780504856, 0.9988849742997254, 
    -0.000014131034780406927}, {-0.00022156899495806554, 
    0.0005600947113286751, -0.00001413103478054622, 
    0.000052798054616581824}}, 
  {{-0.5244422028740686, -0.00022156899495804678, 0.00022156899495805326, 0}, 
   {-0.00022156899495800523, 0.000052798054616508966, 0.0005600947113288515, 
    -0.000014131034780437093}, {0.00022156899495801182, 
    0.0005600947113285509, 0.000052798054616637335, -0.00001413103478054532}, 
   {0, -0.00001413103478052723, -0.00001413103478042568, 
    0.9988849742997257}}}, 
 {{{0., 0.022095408877360074, 0.022095408877360077, 0.022095408877360133}, 
   {-0.022095408877360074, 0., -0.01928025715872144, 0.019280257158721413}, 
   {-0.022095408877360077, 0.01928025715872144, 0., -0.019280257158721423}, 
   {-0.022095408877360133, -0.019280257158721413, 0.019280257158721423, 0.}}, 
  {{0., 0.022095408877360063, 0.022095408877360077, 0.022095408877360175}, 
   {-0.022095408877360063, 0., -0.019280257158721364, 0.01928025715872143}, 
   {-0.022095408877360077, 0.019280257158721364, 0., -0.019280257158721538}, 
   {-0.022095408877360175, -0.01928025715872143, 0.019280257158721538, 0.}}}, 
 {0, 0}, {{-1.5692098932200786, -1.5653828561411203}, 
  {-6.299150017707765, -1.5730369302990392, -1.5765380785548433}, 
  {-1.5727931310086534, -1.568966093929695}, {{2, 0.005318569332898109}, 
   {3, 0.004167636690591264}, {4, 0.003266098177396627}, 
   {5, 0.0025598987605862204}}, {{2, 0.2957174995082282}, 
   {3, 0.0920914725016967}, {4, 0.006711645602647924}, 
   {5, 0.06370444951401623}}, {5.136614024250874*^-11, 0.9933284673303778}}}
