{3, 28, {{{-0.5248652987556357, 0, -5.325294018461615*^-6, 
    5.325294018410615*^-6}, {0, 0.9999728487458169, -1.8798855719166454*^-7, 
    -1.87988554956921*^-7}, {-5.325294018410873*^-6, -1.879885548722753*^-7, 
    1.1009218008999067*^-6, 0.000013468761745616099}, 
   {5.325294018447263*^-6, -1.879885550615808*^-7, 0.000013468761745964036, 
    1.1009218009779692*^-6}}, {{-0.5248652987556359, 5.325294018452374*^-6, 
    0, -5.325294018417819*^-6}, {5.32529401841688*^-6, 
    1.1009218010785832*^-6, -1.879885548741303*^-7, 0.000013468761746100116}, 
   {0, -1.879885571806205*^-7, 0.999972848745817, -1.8798855550744386*^-7}, 
   {-5.3252940184430285*^-6, 0.000013468761745314952, 
    -1.8798855449930742*^-7, 1.100921800778476*^-6}}, 
  {{-0.5248652987556366, -5.325294018420397*^-6, 5.325294018427642*^-6, 0}, 
   {-5.3252940183608095*^-6, 1.1009218017369107*^-6, 0.000013468761744045683, 
    -1.8798855505365089*^-7}, {5.325294018350667*^-6, 
    0.000013468761746193188, 1.1009218018054323*^-6, 
    -1.8798855450146725*^-7}, {0, -1.8798855494677566*^-7, 
    -1.879885555125233*^-7, 0.9999728487458159}}}, 
 {{{0., 0.0017048000154687147, 0.001704800015468713, 0.0017048000154687203}, 
   {-0.0017048000154687147, 0., -0.0015125317984373303, 
    0.0015125317984373415}, {-0.001704800015468713, 0.0015125317984373303, 
    0., -0.0015125317984372418}, {-0.0017048000154687203, 
    -0.0015125317984373415, 0.0015125317984372418, 0.}}, 
  {{0., 0.001704800015468723, 0.0017048000154687116, 0.0017048000154687203}, 
   {-0.001704800015468723, 0., -0.0015125317984372283, 0.001512531798437254}, 
   {-0.0017048000154687116, 0.0015125317984372283, 0., 
    -0.0015125317984373584}, {-0.0017048000154687203, -0.001512531798437254, 
    0.0015125317984373584, 0.}}}, {0, 0}, 
 {{-1.5745028070378997, -1.5744437510330285}, 
  {-6.298503912319376, -1.5745618630427707, -1.5746900931169172}, 
  {-1.5745585328595646, -1.5744994768546934}, {{2, 0.00010446879328272849}}, 
  {{2, 0.056390255539316904}}, {1.197366442460155*^-17, 0.9998371035323587}}}
