{5, 28, {{{-0.5152507658681723, 0, -0.005764830046756207, 
    0.005764830046756191}, {0, 0.9737666858092369, -0.000025020873762201645, 
    -0.000025020873762232002}, {-0.005764830046756179, 
    -0.000025020873762266263, 0.0010800773091130316, 0.013276146385710366}, 
   {0.005764830046756202, -0.000025020873762284478, 0.013276146385710386, 
    0.001080077309112945}}, {{-0.5152507658681724, 0.0057648300467562155, 0, 
    -0.005764830046756192}, {0.005764830046756184, 0.0010800773091130282, 
    -0.00002502087376228231, 0.013276146385710381}, 
   {0, -0.000025020873762180394, 0.9737666858092369, 
    -0.00002502087376222986}, {-0.005764830046756193, 0.013276146385710369, 
    -0.000025020873762279924, 0.0010800773091129978}}, 
  {{-0.5152507658681724, -0.005764830046756162, 0.0057648300467561565, 0}, 
   {-0.005764830046756144, 0.0010800773091129692, 0.01327614638571038, 
    -0.000025020873762235038}, {0.0057648300467561305, 0.013276146385710393, 
    0.00108007730911297, -0.00002502087376222555}, 
   {0, -0.000025020873762292718, -0.000025020873762307463, 
    0.9737666858092366}}}, 
 {{{0., 0.052542323848176004, 0.05254232384817601, 0.05254232384817607}, 
   {-0.052542323848176004, 0., -0.047341005220703614, 0.047341005220703364}, 
   {-0.05254232384817601, 0.047341005220703614, 0., -0.04734100522070338}, 
   {-0.05254232384817607, -0.047341005220703364, 0.04734100522070338, 0.}}, 
  {{0., 0.05254232384817599, 0.052542323848176004, 0.05254232384817615}, 
   {-0.05254232384817599, 0., -0.04734100522070346, 0.04734100522070364}, 
   {-0.052542323848176004, 0.04734100522070346, 0., -0.04734100522070364}, 
   {-0.05254232384817615, -0.04734100522070364, 0.04734100522070364, 0.}}}, 
 {0, 0}, {{-1.4588805946347976, -1.404277009963128}, 
  {-6.293587890236549, -1.513484179306464, -1.6333097658118105}, 
  {-1.5107814948677238, -1.4561779101960544}, {{2, 0.002609489286285349}, 
   {3, 0.0011049338358705696}, {4, 0.0004665680372376302}}, 
  {{2, 0.055256740427523515}, {3, 0.05122655923481689}, 
   {4, 0.049496465387618}}, {1.1257056659344736*^-8, 0.8525688778566075}}}
{3, 28, {{{-0.5152719117377392, 0, -0.00575653735256159, 
    0.005756537352561576}, {0, 0.9737905396446931, -0.00001622724762320466, 
    -0.000016227247623084532}, {-0.005756537352561546, 
    -0.000016227247623181677, 0.0010690205823904375, 0.01325606572149753}, 
   {0.00575653735256156, -0.000016227247623226346, 0.01325606572149753, 
    0.001069020582390369}}, {{-0.5152719117377391, 0.005756537352561587, 0, 
    -0.005756537352561575}, {0.005756537352561554, 0.001069020582390427, 
    -0.000016227247623198156, 0.013256065721497567}, 
   {0, -0.00001622724762320336, 0.9737905396446931, 
    -0.000016227247623136276}, {-0.00575653735256156, 0.01325606572149747, 
    -0.000016227247623177015, 0.0010690205823903343}}, 
  {{-0.5152719117377391, -0.0057565373525615745, 0.005756537352561576, 0}, 
   {-0.00575653735256153, 0.0010690205823903898, 0.013256065721497519, 
    -0.000016227247623189483}, {0.005756537352561522, 0.013256065721497633, 
    0.0010690205823904175, -0.0000162272476231414}, 
   {0, -0.000016227247623133538, -0.000016227247623173193, 
    0.973790539644693}}}, 
 {{{0., 0.05248439192596045, 0.05248439192596045, 0.05248439192596048}, 
   {-0.05248439192596045, 0., -0.047334171683026977, 0.047334171683026754}, 
   {-0.05248439192596045, 0.047334171683026977, 0., -0.04733417168302677}, 
   {-0.05248439192596048, -0.047334171683026754, 0.04733417168302677, 0.}}, 
  {{0., 0.05248439192596043, 0.052484391925960446, 0.05248439192596058}, 
   {-0.05248439192596043, 0., -0.04733417168302684, 0.04733417168302701}, 
   {-0.052484391925960446, 0.04733417168302684, 0., -0.04733417168302702}, 
   {-0.05248439192596058, -0.04733417168302701, 0.04733417168302702, 0.}}}, 
 {0, 0}, {{-1.459021193119978, -1.404477813067905}, 
  {-6.293712293664685, -1.5135645731720504, -1.633291573660292}, 
  {-1.5108884402327716, -1.4563450601806986}, {{2, 0.00030766760080305766}}, 
  {{2, 0.04906430325227902}}, {1.1247310634833842*^-8, 0.8526941950410715}}}
