{3, 28, {{{-0.5238508397297996, 0, -0.0005446523552684156, 
    0.0005446523552684157}, {0, 0.9972657672750056, -0.000016783576053556342, 
    -0.000016783576053666335}, {-0.0005446523552683951, 
    -0.000016783576053785543, 0.00011060639515479004, 0.0013596583733079752}, 
   {0.0005446523552684047, -0.00001678357605380663, 0.0013596583733081291, 
    0.00011060639515488978}}, {{-0.5238508397297994, 0.0005446523552684268, 
    0, -0.0005446523552684191}, {0.0005446523552683925, 
    0.00011060639515473973, -0.000016783576053796005, 0.0013596583733081063}, 
   {0, -0.000016783576053556017, 0.9972657672750057, 
    -0.000016783576053778346}, {-0.0005446523552684089, 
    0.0013596583733079897, -0.00001678357605368859, 0.00011060639515486637}}, 
  {{-0.5238508397297996, -0.0005446523552684069, 0.0005446523552684011, 0}, 
   {-0.0005446523552683659, 0.00011060639515467294, 0.001359658373307968, 
    -0.000016783576053810154}, {0.0005446523552683637, 0.001359658373308301, 
    0.00011060639515472759, -0.000016783576053686914}, 
   {0, -0.000016783576053657173, -0.00001678357605377178, 
    0.9972657672750059}}}, 
 {{{0., 0.017088419081414622, 0.017088419081414615, 0.017088419081414633}, 
   {-0.017088419081414622, 0., -0.015190720291210415, 0.015190720291210234}, 
   {-0.017088419081414615, 0.015190720291210415, 0., -0.015190720291210269}, 
   {-0.017088419081414633, -0.015190720291210234, 0.015190720291210269, 0.}}, 
  {{0., 0.017088419081414626, 0.017088419081414622, 0.017088419081414674}, 
   {-0.017088419081414626, 0., -0.015190720291210344, 0.015190720291210331}, 
   {-0.017088419081414622, 0.015190720291210344, 0., -0.01519072029121036}, 
   {-0.017088419081414674, -0.015190720291210331, 0.01519072029121036, 0.}}}, 
 {0, 0}, {{-1.5622119690484801, -1.5562923670344753}, 
  {-6.298263675796068, -1.5681315710624901, -1.581000266835544}, 
  {-1.5678028799902786, -1.5618832779762737}, {{2, 0.0009417087364132909}}, 
  {{2, 0.05552587343402188}}, {1.2287688763502616*^-11, 0.9837063360923587}}}
{3, 28, {{{-0.5238832375427642, 0, -0.0005355974005100187, 
    0.000535597400510002}, {0, 0.9972947357707282, -1.8400221514408067*^-6, 
    -1.840022151477507*^-6}, {-0.0005355974005099816, 
    -1.8400221514600513*^-6, 0.0000927029254487264, 0.001331158250448509}, 
   {0.0005355974005100562, -1.8400221515114425*^-6, 0.0013311582504485133, 
    0.00009270292544871165}}, {{-0.5238832375427642, 0.0005355974005100325, 
    0, -0.0005355974005100027}, {0.0005355974005099957, 
    0.0000927029254486466, -1.840022151469538*^-6, 0.00133115825044845}, 
   {0, -1.840022151445794*^-6, 0.9972947357707279, -1.8400221514503985*^-6}, 
   {-0.000535597400510055, 0.0013311582504484897, -1.840022151549288*^-6, 
    0.00009270292544893977}}, {{-0.5238832375427644, -0.0005355974005099883, 
    0.000535597400510002, 0}, {-0.0005355974005099589, 
    0.00009270292544857981, 0.001331158250448649, -1.8400221515024165*^-6}, 
   {0.0005355974005099388, 0.0013311582504483973, 0.00009270292544849568, 
    -1.840022151527858*^-6}, {0, -1.8400221514995162*^-6, 
    -1.840022151462301*^-6, 0.9972947357707288}}}, 
 {{{0., 0.01681602996134405, 0.01681602996134405, 0.01681602996134409}, 
   {-0.01681602996134405, 0., -0.01518740830002497, 0.015187408300024883}, 
   {-0.01681602996134405, 0.01518740830002497, 0., -0.015187408300024933}, 
   {-0.01681602996134409, -0.015187408300024883, 0.015187408300024933, 0.}}, 
  {{0., 0.016816029961344053, 0.016816029961344063, 0.01681602996134411}, 
   {-0.016816029961344053, 0., -0.015187408300024881, 0.01518740830002499}, 
   {-0.016816029961344063, 0.015187408300024881, 0., -0.015187408300025006}, 
   {-0.01681602996134411, -0.01518740830002499, 0.015187408300025006, 0.}}}, 
 {0, 0}, {{-1.562421077815827, -1.5565958341608968}, 
  {-6.298438443379111, -1.568246321470757, -1.5809729002187987}, 
  {-1.5679642359243855, -1.5621389922694553}, {{2, 0.00010420578789433615}}, 
  {{2, 0.04842467767549556}}, {1.2271623215566819*^-11, 0.983877796278084}}}
