{4, 28, {{{-0.520761664631641, 0, -0.0023107808606689685, 
    0.0023107808606689655}, {0, 0.9888563956914026, -0.000025452007921662485, 
    -0.000025452007921704118}, {-0.0023107808606689225, 
    -0.00002545200792167029, 0.00042928532606453795, 0.005563091475723198}, 
   {0.0023107808606689737, -0.00002545200792171908, 0.005563091475723177, 
    0.00042928532606450586}}, {{-0.5207616646316411, 0.0023107808606689768, 
    0, -0.0023107808606689685}, {0.002310780860668935, 0.0004292853260645241, 
    -0.00002545200792168406, 0.005563091475723214}, 
   {0, -0.00002545200792166422, 0.9888563956914025, -0.00002545200792171076}, 
   {-0.0023107808606689724, 0.005563091475723179, -0.00002545200792171763, 
    0.00042928532606448244}}, {{-0.5207616646316411, -0.002310780860668911, 
    0.002310780860668905, 0}, {-0.002310780860668875, 0.00042928532606446336, 
    0.00556309147572308, -0.000025452007921714635}, 
   {0.002310780860668862, 0.005563091475723173, 0.0004292853260645102, 
    -0.00002545200792170119}, {0, -0.000025452007921721682, 
    -0.000025452007921747642, 0.9888563956914026}}}, 
 {{{0., 0.03427711431016041, 0.03427711431016042, 0.03427711431016045}, 
   {-0.03427711431016041, 0., -0.030788211703590695, 0.0307882117035906}, 
   {-0.03427711431016042, 0.030788211703590695, 0., -0.03078821170359059}, 
   {-0.03427711431016045, -0.0307882117035906, 0.03078821170359059, 0.}}, 
  {{0., 0.03427711431016042, 0.03427711431016042, 0.03427711431016051}, 
   {-0.03427711431016042, 0., -0.030788211703590564, 0.03078821170359078}, 
   {-0.03427711431016042, 0.030788211703590564, 0., -0.030788211703590772}, 
   {-0.03427711431016051, -0.03078821170359078, 0.030788211703590772, 0.}}}, 
 {0, 0}, {{-1.524652388393176, -1.5009045069843587}, 
  {-6.2973745462986415, -1.5484002698019939, -1.6002870033473269}, 
  {-1.547191678486546, -1.5234437970777288}, {{2, 0.001854925766289886}, 
   {3, 0.0007483769174470439}}, {{2, 0.05546918066975269}, 
   {3, 0.05089259520215199}}, {8.51739493233364*^-10, 0.9349736269466965}}}
{3, 28, {{{-0.5208053718242274, 0, -0.002296508555580912, 
    0.0022965085555808878}, {0, 0.9888991379889798, -6.020033710041079*^-6, 
    -6.020033710102662*^-6}, {-0.0022965085555808817, -6.020033710095289*^-6, 
    0.00040560600146916526, 0.005523525781001477}, 
   {0.0022965085555809047, -6.020033710069268*^-6, 0.005523525781001504, 
    0.0004056060014691913}}, {{-0.5208053718242274, 0.0022965085555809164, 0, 
    -0.0022965085555808878}, {0.0022965085555808843, 0.0004056060014691783, 
    -6.020033710112094*^-6, 0.0055235257810014775}, 
   {0, -6.0200337100512705*^-6, 0.9888991379889798, -6.020033710095154*^-6}, 
   {-0.002296508555580906, 0.0055235257810015165, -6.020033710072182*^-6, 
    0.00040560600146907766}}, {{-0.5208053718242275, -0.002296508555580872, 
    0.002296508555580875, 0}, {-0.0022965085555808388, 0.0004056060014690716, 
    0.00552352578100146, -6.020033710057234*^-6}, 
   {0.002296508555580839, 0.005523525781001534, 0.0004056060014691054, 
    -6.020033710059199*^-6}, {0, -6.020033710143428*^-6, 
    -6.020033710120077*^-6, 0.9888991379889799}}}, 
 {{{0., 0.03409432292540688, 0.03409432292540688, 0.03409432292540691}, 
   {-0.03409432292540688, 0., -0.030779106245679255, 0.030779106245679158}, 
   {-0.03409432292540688, 0.030779106245679255, 0., -0.030779106245679196}, 
   {-0.03409432292540691, -0.030779106245679158, 0.030779106245679196, 0.}}, 
  {{0., 0.03409432292540688, 0.03409432292540687, 0.03409432292540697}, 
   {-0.03409432292540688, 0., -0.030779106245679134, 0.03077910624567935}, 
   {-0.03409432292540687, 0.030779106245679134, 0., -0.030779106245679366}, 
   {-0.03409432292540697, -0.03077910624567935, 0.030779106245679366, 0.}}}, 
 {0, 0}, {{-1.5249379785156658, -1.501316738693078}, 
  {-6.297617891291314, -1.5485592183382515, -1.6002497273074057}, 
  {-1.5474107935927743, -1.5237895537701864}, {{2, 0.00020702063339654575}}, 
  {{2, 0.04861830937339385}}, {8.502292243680375*^-10, 0.9352161327734453}}}
