{3, 32, {{{-0.5246530332653946, 0, -0.00012954823854154017, 
    0.00012954823854151594}, {0, 0.9993073370189025, 0.00002444803591350758, 
    0.00002444803591335098}, {-0.00012954823854149496, 
    0.00002444803591328746, -4.847384153314725*^-6, 0.00031599396447641126}, 
   {0.00012954823854153356, 0.00002444803591333427, 0.000315993964476452, 
    -4.8473841531213036*^-6}}, {{-0.5246530332653947, 0.0001295482385415317, 
    0, -0.00012954823854150916}, {0.00012954823854149092, 
    -4.84738415326225*^-6, 0.00002444803591329591, 0.00031599396447643576}, 
   {0, 0.00002444803591351887, 0.9993073370189025, 0.000024448035913286587}, 
   {-0.00012954823854153212, 0.0003159939644763487, 0.000024448035913394742, 
    -4.847384153155998*^-6}}, {{-0.5246530332653949, -0.00012954823854152025, 
    0.00012954823854149502, 0}, {-0.00012954823854146195, 
    -4.847384153446564*^-6, 0.00031599396447645094, 0.000024448035913333776}, 
   {0.00012954823854144742, 0.000315993964476779, -4.847384153405798*^-6, 
    0.000024448035913388295}, {0, 0.00002444803591336389, 
    0.000024448035913289988, 0.9993073370189032}}}, 
 {{{0., 0.007872394707853295, 0.007872394707853291, 0.007872394707853291}, 
   {-0.007872394707853295, 0., -0.007937253688795522, 0.007937253688795356}, 
   {-0.007872394707853291, 0.007937253688795522, 0., -0.007937253688795325}, 
   {-0.007872394707853291, -0.007937253688795356, 0.007937253688795325, 0.}}, 
  {{0., 0.007872394707853291, 0.007872394707853284, 0.007872394707853309}, 
   {-0.007872394707853291, 0., -0.00793725368879547, 0.00793725368879539}, 
   {-0.007872394707853284, 0.00793725368879547, 0., -0.007937253688795394}, 
   {-0.007872394707853309, -0.00793725368879539, 0.007937253688795394, 0.}}}, 
 {0, 0}, {{-1.57169126162818, -1.570327722867054}, 
  {-6.298442967549498, -1.573054800389303, -1.576166683385446}, 
  {-1.5730604173418197, -1.5716968785806937}, {{2, 0.00001044120290161904}}, 
  {{2, 0.0041193933579965515}}, {2.500469538043714*^-13, 0.9958512122004042}}}
{7, 32, {{{-0.5246547941213382, 0, -0.0001290177090772054, 
    0.00012901770907720368}, {0, 0.9993088770312226, 0.0000252674157464831, 
    0.000025267415746493547}, {-0.0001290177090771777, 
    0.000025267415746656706, -5.825198133656284*^-6, 0.00031445513719231875}, 
   {0.00012901770907721157, 0.000025267415746460628, 0.0003144551371923459, 
    -5.82519813380547*^-6}}, {{-0.5246547941213382, 0.00012901770907721528, 
    0, -0.00012901770907720124}, {0.00012901770907718942, 
    -5.825198133713964*^-6, 0.00002526741574666557, 0.00031445513719242224}, 
   {0, 0.000025267415746474682, 0.9993088770312226, 0.000025267415746410362}, 
   {-0.0001290177090772181, 0.0003144551371922679, 0.000025267415746549106, 
    -5.825198133607712*^-6}}, {{-0.5246547941213386, -0.000129017709077172, 
    0.00012901770907716256, 0}, {-0.00012901770907713635, 
    -5.8251981339806774*^-6, 0.0003144551371923721, 0.00002526741574646495}, 
   {0.00012901770907712448, 0.00031445513719252443, -5.8251981340240455*^-6, 
    0.000025267415746548662}, {0, 0.00002526741574648707, 
    0.00002526741574640368, 0.9993088770312234}}}, 
 {{{0., 0.007840465487754562, 0.007840465487754567, 0.007840465487754564}, 
   {-0.007840465487754562, 0., -0.007937161147093318, 0.007937161147093126}, 
   {-0.007840465487754567, 0.007937161147093318, 0., -0.0079371611470931}, 
   {-0.007840465487754564, -0.007937161147093126, 0.0079371611470931, 0.}}, 
  {{0., 0.007840465487754564, 0.00784046548775456, 0.007840465487754578}, 
   {-0.007840465487754564, 0., -0.007937161147093332, 0.007937161147093147}, 
   {-0.00784046548775456, 0.007937161147093332, 0., -0.0079371611470932}, 
   {-0.007840465487754578, -0.007937161147093147, 0.0079371611470932, 0.}}}, 
 {0, 0}, {{-1.5717029896665413, -1.570344981208565}, 
  {-6.298452346947121, -1.5730609981245203, -1.5761651753490402}, 
  {-1.5730693722142617, -1.5717113637562854}, {{2, 0.00375138080433147}, 
   {3, 0.0014701457841043587}, {4, 0.0005762907901754669}, 
   {5, 0.00022592877578802434}, {6, 0.0000885770456095121}}, 
  {{2, 0.0956691125698863}, {3, 0.036570806334374345}, 
   {4, 0.01649730248825175}, {5, 0.009033732460171546}, 
   {6, 0.006166448885570615}}, {2.5002946229117657*^-13, 0.9958604203528173}}}
