{10, 32, {{{-0.5244373803595965, 0, -0.00025565501467533525, 
    0.00025565501467531075}, {0, 0.998645786623888, 0.00004243860318284699, 
    0.00004243860318282479}, {-0.000255655014675275, 0.00004243860318307345, 
    -3.1520439438808417*^-6, 0.0006236662951918169}, 
   {0.0002556550146753301, 0.00004243860318274559, 0.0006236662951917876, 
    -3.1520439437654826*^-6}}, {{-0.5244373803595964, 0.00025565501467534403, 
    0, -0.0002556550146753173}, {0.000255655014675293, 
    -3.152043943835739*^-6, 0.00004243860318307681, 0.0006236662951918774}, 
   {0, 0.00004243860318284906, 0.9986457866238879, 0.00004243860318275753}, 
   {-0.0002556550146753328, 0.0006236662951917227, 0.00004243860318281545, 
    -3.1520439437437986*^-6}}, {{-0.5244373803595967, -0.0002556550146752965, 
    0.00025565501467530625, 0}, {-0.00025565501467524515, 
    -3.1520439441393155*^-6, 0.0006236662951919332, 0.00004243860318276773}, 
   {0.00025565501467523973, 0.0006236662951919781, -3.1520439441323767*^-6, 
    0.000042438603182840056}, {0, 0.00004243860318282471, 
    0.000042438603182754655, 0.9986457866238888}}}, 
 {{{0., 0.011110088024277313, 0.01111008802427731, 0.01111008802427733}, 
   {-0.011110088024277313, 0., -0.011060111513205061, 0.01106011151320489}, 
   {-0.01111008802427731, 0.011060111513205061, 0., -0.01106011151320489}, 
   {-0.01111008802427733, -0.01106011151320489, 0.01106011151320489, 0.}}, 
  {{0., 0.011110088024277317, 0.011110088024277306, 0.01111008802427734}, 
   {-0.011110088024277317, 0., -0.011060111513205009, 0.011060111513204976}, 
   {-0.011110088024277306, 0.011060111513205009, 0., -0.011060111513205004}, 
   {-0.01111008802427734, -0.011060111513204976, 0.011060111513205004, 0.}}}, 
 {0, 0}, {{-1.5688577897294178, -1.5661637365585732}, 
  {-6.29843699266046, -1.5715518429002635, -1.5776666534299666}, 
  {-1.571545783570318, -1.5688517303994733}, {{2, 0.005300635661788405}, 
   {3, 0.0020795270033397532}, {4, 0.0008162568577070317}, 
   {5, 0.00032046983186264505}, {6, 0.00012583093113521446}, 
   {7, 0.00004940871724400109}, {8, 0.00001940108549424932}, 
   {9, 7.61817513094884*^-6}}, {{2, 0.08781692477408501}, 
   {3, 0.02949690102179931}, {4, 0.009675292825426163}, 
   {5, 0.002297201630483244}, {6, 0.0005410330664635091}, 
   {7, 0.0016466393618621805}, {8, 0.002079419379597169}, 
   {9, 0.00224915009508212}}, {1.8304464771955277*^-12, 0.9919021785320981}}}
