{26, 40, {{{-0.4990551219230812, 0, -0.01590343099224585, 
    0.015903430992245785}, {0, 0.9333551250391495, -0.0011089663861941464, 
    -0.0011089663861941663}, {-0.015903430992245803, -0.0011089663861942236, 
    0.004432002180924495, 0.03523999236771354}, {0.015903430992245768, 
    -0.0011089663861942349, 0.03523999236771346, 0.004432002180924594}}, 
  {{-0.4990551219230812, 0.015903430992245848, 0, -0.01590343099224578}, 
   {0.01590343099224581, 0.0044320021809245, -0.0011089663861942245, 
    0.03523999236771351}, {0, -0.001108966386194162, 0.9333551250391495, 
    -0.001108966386194121}, {-0.015903430992245768, 0.035239992367713496, 
    -0.0011089663861942605, 0.004432002180924599}}, 
  {{-0.4990551219230812, -0.01590343099224574, 0.015903430992245747, 0}, 
   {-0.01590343099224574, 0.004432002180924485, 0.03523999236771353, 
    -0.001108966386194155}, {0.01590343099224573, 0.03523999236771348, 
    0.0044320021809245436, -0.001108966386194192}, 
   {0, -0.0011089663861943034, -0.0011089663861942975, 0.9333551250391494}}}, 
 {{{0., 0.1729848806926439, 0.1729848806926439, 0.1729848806926445}, 
   {-0.1729848806926439, 0., -0.14928770409038417, 0.14928770409038356}, 
   {-0.1729848806926439, 0.14928770409038417, 0., -0.14928770409038356}, 
   {-0.1729848806926445, -0.14928770409038356, 0.14928770409038356, 0.}}, 
  {{0., 0.17298488069264387, 0.1729848806926439, 0.17298488069264475}, 
   {-0.17298488069264387, 0., -0.14928770409038372, 0.14928770409038425}, 
   {-0.1729848806926439, 0.14928770409038372, 0., -0.14928770409038425}, 
   {-0.17298488069264475, -0.14928770409038425, 0.14928770409038425, 0.}}}, 
 {0, 0}, {{-1.3073871126360417, -1.1276159512555013}, 
  {-6.268549365987451, -1.4871582740165814, -1.6471164089771442}, 
  {-1.4748448598552677, -1.2950736984747273}, {{2, 0.00024146225277665856}, 
   {3, 0.0002104466571006547}, {4, 0.0001830612613361038}, 
   {5, 0.00015927164143145212}, {6, 0.00013858555115564553}, 
   {7, 0.00012059553314372473}, {8, 0.0001049479218600824}, 
   {9, 0.00009133600555577548}, {10, 0.000079493647501927}, 
   {11, 0.00006918981874359798}, {12, 0.00006022389104362591}, 
   {13, 0.000052421579075201397}, {14, 0.00004563143800939695}, 
   {15, 0.00003972183721534517}, {16, 0.00003457834286604844}, 
   {17, 0.00003010145230950001}, {18, 0.000026204631495080344}, 
   {19, 0.000022812613824418904}, {20, 0.000019859924776127746}, 
   {21, 0.000017289601709435942}, {22, 0.000015052082548733248}, 
   {23, 0.000013104240707162429}, {24, 0.000011408546730207192}, 
   {25, 9.932339811696833*^-6}}, {{2, 0.06550576895187639}, 
   {3, 0.06591471398357407}, {4, 0.06626880032660518}, 
   {5, 0.06657614675797249}, {6, 0.06684301509049655}, 
   {7, 0.06707481804932487}, {8, 0.06727622440850806}, 
   {9, 0.06745126647061381}, {10, 0.06760343039760255}, 
   {11, 0.0677357328862492}, {12, 0.06785078643463391}, 
   {13, 0.06795085504734011}, {14, 0.06803790189391495}, 
   {15, 0.06811363016959637}, {16, 0.06817951819380058}, 
   {17, 0.06823684960908107}, {18, 0.06828673940260023}, 
   {19, 0.06833015635694847}, {20, 0.0683679424422739}, 
   {21, 0.06840082958314848}, {22, 0.06842945416826414}, 
   {23, 0.0684543696164582}, {24, 0.06847605726675167}, 
   {25, 0.0684949358214862}}, {0.000011069913675260782, 0.6611218322775796}}}
