{40, 20, {{{-0.5246943329420535, 0, 0.00015847737538100554, 
    -0.00015847737537902416}, {0, 0.9959457193136857, 0.0005965024552442018, 
    0.0005965024552468648}, {0.0001584773753767647, 0.0005965024552444004, 
    -0.00031236801289564065, 0.02486645726485812}, 
   {-0.0001584773753794522, 0.0005965024552419228, 0.024866457264859993, 
    -0.000312368012894821}}, {{-0.5246943329420534, -0.00015847737538061594, 
    0, 0.00015847737537896353}, {-0.00015847737537704482, 
    -0.0003123680128960856, 0.0005965024552441847, 0.024866457264858807}, 
   {0, 0.0005965024552446448, 0.9959457193136857, 0.0005965024552469469}, 
   {0.00015847737537947544, 0.02486645726485898, 0.0005965024552422205, 
    -0.0003123680128949576}}, {{-0.5246943329420526, 0.00015847737537711293, 
    -0.0001584773753767443, 0}, {0.00015847737538099443, 
    -0.00031236801289751676, 0.02486645726485822, 0.0005965024552472904}, 
   {-0.00015847737538144546, 0.024866457264858872, -0.00031236801289735716, 
    0.0005965024552473486}, {0, 0.0005965024552422749, 0.0005965024552424381, 
    0.9959457193136871}}}, 
 {{{0, 0.014881107767431673, 0.01488110776743172, 0.014881107767431937}, 
   {-0.014881107767431673, 0, -0.037157727344842933, 0.03715772734484312}, 
   {-0.01488110776743172, 0.037157727344842933, 0, -0.03715772734484301}, 
   {-0.014881107767431937, -0.03715772734484312, 0.03715772734484301, 0}}, 
  {{0, 0.014881107767431822, 0.01488110776743182, 0.014881107767431736}, 
   {-0.014881107767431822, 0, -0.037157727344842566, 0.037157727344843544}, 
   {-0.01488110776743182, 0.037157727344842566, 0, -0.037157727344843176}, 
   {-0.014881107767431736, -0.037157727344843544, 0.037157727344843176, 0}}}, 
 {0, 0}, {{-1.5606331162126919, -1.5529006657948612}, 
  {-6.298418454450528, -1.5776812093600021, -1.5715280178652618}, 
  {-1.5741532021698657, -1.566420751752035}, {{2, 0.004680476863369715}, 
   {3, 0.0010743227567418107}, {4, 0.0007396861353607181}, 
   {5, 0.0007211756669903095}, {6, 0.0007023652101031605}, 
   {7, 0.0006850522232971475}, {8, 0.0006692553348595903}, 
   {9, 0.0006551416796663802}, {10, 0.0006424083640671546}, 
   {11, 0.0006311583702752867}, {12, 0.0006211124890655711}, 
   {13, 0.0006123815208021743}, {14, 0.0006047205064642729}, 
   {15, 0.0005982477768485279}, {16, 0.000592748361707739}, 
   {17, 0.0005883456257972739}, {18, 0.0005848508803448834}, 
   {19, 0.0005823909352174281}, {20, 0.0005808006891024758}, 
   {21, 0.0005802096398609732}, {22, 0.0005804744242773885}, 
   {23, 0.000581727159726533}, {24, 0.0005838450979917982}, 
   {25, 0.0005869635189710148}, {26, 0.0005909798408125638}, 
   {27, 0.0005960336446846591}, {28, 0.0006020427491068812}, 
   {29, 0.0006091528137563938}, {30, 0.0006173030428138077}, 
   {31, 0.0006266476965150827}, {32, 0.0006371492395086699}, 
   {33, 0.0006489739835273192}, {34, 0.000662110645307027}, 
   {35, 0.0006767422558784895}, {36, 0.0006928882426400843}, 
   {37, 0.000710754675892801}, {38, 0.0007303981474152225}, 
   {39, 0.0007520563918200461}}, {{2, 0.021403018332708315}, 
   {3, 0.021627740636978712}, {4, 0.021675140970399315}, 
   {5, 0.0217126430798988}, {6, 0.021718427729165296}, 
   {7, 0.02174509022012732}, {8, 0.021749536038387675}, 
   {9, 0.021774516986825934}, {10, 0.021779608550659482}, 
   {11, 0.021803514306345223}, {12, 0.021809343446787928}, 
   {13, 0.021832353383051978}, {14, 0.02183892604400057}, 
   {15, 0.021861192294237525}, {16, 0.02186851730087882}, 
   {17, 0.02189018592773766}, {18, 0.021898280002690635}, 
   {19, 0.021919493825553894}, {20, 0.021928382741142245}, 
   {21, 0.021949283443713944}, {22, 0.021959003244901833}, 
   {23, 0.021979733664335605}, {24, 0.02199033220722863}, 
   {25, 0.022011038915753796}, {26, 0.022022577813500643}, 
   {27, 0.022043414095772474}, {28, 0.02205597118906036}, 
   {29, 0.022077100555890076}, {30, 0.022090773068986033}, 
   {31, 0.022112373499800504}, {32, 0.0221272821032856}, 
   {33, 0.022149551281118784}, {34, 0.022165845367209613}, 
   {35, 0.0221890072715351}, {36, 0.02220687186980329}, 
   {37, 0.02223118523974792}, {38, 0.022250850179563603}, 
   {39, 0.022276619577411273}}, {2.6320544044957303*^-9, 0.9759195449867276}}}
{100, 20, {{{-0.482764489629544, 0, -0.1760189799741706, 
    0.17601897978943365}, {0, 0.4620090690930913, 0.1615451033924245, 
    0.16154510356656626}, {-0.17601897978964853, 0.16154510356782373, 
    -0.2585125075723672, 0.4393935833570705}, {0.17601897997438426, 
    0.16154510339368017, 0.43939358158008013, -0.25851250757236877}}, 
  {{-0.4827644896295442, 0.17601897978962713, 0, -0.17601897997437144}, 
   {0.17601897997419208, -0.2585125075723672, 0.16154510339241238, 
    0.4393935815800755}, {0, 0.16154510356783705, 0.4620090690930905, 
    0.16154510339368416}, {-0.17601897978944706, 0.43939358335707424, 
    0.16154510356656213, -0.2585125075723685}}, 
  {{-0.48276448962954327, -0.17601897997387975, 0.17601897978997402, 0}, 
   {-0.1760189797899389, -0.25851250757236754, 0.4393935833575868, 
    0.1615451035673598}, {0.17601897997384497, 0.43939358157956376, 
    -0.25851250757236766, 0.16154510339290623}, {0, 0.1615451033928892, 
    0.16154510356734164, 0.4620090690930909}}}, 
 {{{0, 0.03427273563395718, 0.034272735634013715, 0.034272735633984544}, 
   {-0.03427273563395718, 0, -0.029490243159470513, 0.029490243159463234}, 
   {-0.034272735634013715, 0.029490243159470513, 0, -0.029490243159476296}, 
   {-0.034272735633984544, -0.029490243159463234, 0.029490243159476296, 0}}, 
  {{0, 0.03427273563401298, 0.0342727356339565, 0.03427273563398552}, 
   {-0.03427273563401298, 0, -0.029490243159469562, 0.02949024315947687}, 
   {-0.0342727356339565, 0.029490243159469562, 0, -0.02949024315946369}, 
   {-0.03427273563398552, -0.02949024315947687, 0.02949024315946369, 0}}}, 
 {0, 0}, {{-0.6548399427286195, -0.637031306898888}, 
  {-7.1094805050122725, -0.7188158291244622, -2.835924423381674}, 
  {-0.6714060505654497, -0.6535974147357182}, {{2, 0.004680476863369715}, 
   {3, 0.0010743227567418107}, {4, 0.0007396861353607181}, 
   {5, 0.0007211756669903095}, {6, 0.0007023652101031605}, 
   {7, 0.0006850522232971475}, {8, 0.0006692553348595903}, 
   {9, 0.0006551416796663802}, {10, 0.0006424083640671546}, 
   {11, 0.0006311583702752867}, {12, 0.0006211124890655711}, 
   {13, 0.0006123815208021743}, {14, 0.0006047205064642729}, 
   {15, 0.0005982477768485279}, {16, 0.000592748361707739}, 
   {17, 0.0005883456257972739}, {18, 0.0005848508803448834}, 
   {19, 0.0005823909352174281}, {20, 0.0005808006891024758}, 
   {21, 0.0005802096398609732}, {22, 0.0005804744242773885}, 
   {23, 0.000581727159726533}, {24, 0.0005838450979917982}, 
   {25, 0.0005869635189710148}, {26, 0.0005909798408125638}, 
   {27, 0.0005960336446846591}, {28, 0.0006020427491068812}, 
   {29, 0.0006091528137563938}, {30, 0.0006173030428138077}, 
   {31, 0.0006266476965150827}, {32, 0.0006371492395086699}, 
   {33, 0.0006489739835273192}, {34, 0.000662110645307027}, 
   {35, 0.0006767422558784895}, {36, 0.0006928882426400843}, 
   {37, 0.000710754675892801}, {38, 0.0007303981474152225}, 
   {39, 0.0007520563918200461}, {40, 0.0007758324094530554}, 
   {41, 0.0008020075133612289}, {42, 0.0008307443543471363}, 
   {43, 0.0008623845277408518}, {44, 0.0008971694318785674}, 
   {45, 0.0009355247635773334}, {46, 0.0009777985291295373}, 
   {47, 0.001024535135388853}, {48, 0.0010762304666164305}, 
   {49, 0.001133598969493943}, {50, 0.0011973466802281535}, 
   {51, 0.001268435948344769}, {52, 0.001347878970745224}, 
   {53, 0.0014370070638954763}, {54, 0.0015372902710597408}, 
   {55, 0.001650622291360336}, {56, 0.0017791773587838983}, 
   {57, 0.0019257299414885062}, {58, 0.0020935710279842423}, 
   {59, 0.002286897470677285}, {60, 0.0025108318159900098}, 
   {61, 0.002771948251308616}, {62, 0.003078485831915931}, 
   {63, 0.0034411452706366932}, {64, 0.0038736826516692774}, 
   {65, 0.00439425444982533}, {66, 0.005026784914625923}, 
   {67, 0.005803431382855925}, {68, 0.006767516618438857}, 
   {69, 0.007978173386425383}, {70, 0.009516053935418128}, 
   {71, 0.011491021182745545}, {72, 0.014049374248508315}, 
   {73, 0.017376192010760266}, {74, 0.02167582913719604}, 
   {75, 0.027094164271112553}, {76, 0.03351561783439139}, 
   {77, 0.040196964395603274}, {78, 0.04544850319839505}, 
   {79, 0.0534339780561891}, {80, 0.057347711084860364}, 
   {81, 0.05396428732903524}, {82, 0.0446251885837603}, 
   {83, 0.03449000460058682}, {84, 0.023085730984708563}, 
   {85, 0.014072603830174946}, {86, 0.008745771894485221}, 
   {87, 0.009812860626357943}, {88, 0.01598715012502049}, 
   {89, 0.02574111958025461}, {90, 0.04180860165558518}, 
   {91, 0.06674001565848024}, {92, 0.10863828566386591}, 
   {93, 0.16672319369796462}, {94, 0.2496531927931216}, 
   {95, 0.32900330345710194}, {96, 0.4234069789920946}, 
   {97, 0.47911529422933763}, {98, 0.5377908644781833}, 
   {99, 0.5613203951601056}}, {{2, 0.021403018332708315}, 
   {3, 0.021627740636978712}, {4, 0.021675140970399315}, 
   {5, 0.0217126430798988}, {6, 0.021718427729165296}, 
   {7, 0.02174509022012732}, {8, 0.021749536038387675}, 
   {9, 0.021774516986825934}, {10, 0.021779608550659482}, 
   {11, 0.021803514306345223}, {12, 0.021809343446787928}, 
   {13, 0.021832353383051978}, {14, 0.02183892604400057}, 
   {15, 0.021861192294237525}, {16, 0.02186851730087882}, 
   {17, 0.02189018592773766}, {18, 0.021898280002690635}, 
   {19, 0.021919493825553894}, {20, 0.021928382741142245}, 
   {21, 0.021949283443713944}, {22, 0.021959003244901833}, 
   {23, 0.021979733664335605}, {24, 0.02199033220722863}, 
   {25, 0.022011038915753796}, {26, 0.022022577813500643}, 
   {27, 0.022043414095772474}, {28, 0.02205597118906036}, 
   {29, 0.022077100555890076}, {30, 0.022090773068986033}, 
   {31, 0.022112373499800504}, {32, 0.0221272821032856}, 
   {33, 0.022149551281118784}, {34, 0.022165845367209613}, 
   {35, 0.0221890072715351}, {36, 0.02220687186980329}, 
   {37, 0.02223118523974792}, {38, 0.022250850179563603}, 
   {39, 0.022276619577411273}, {40, 0.022298371769264476}, 
   {41, 0.02232596230062441}, {42, 0.022350162411220096}, 
   {43, 0.022380019657395972}, {44, 0.022407125074918897}, 
   {45, 0.02243980257092672}, {46, 0.022470399535199654}, 
   {47, 0.02250659736450806}, {48, 0.022541446710368597}, 
   {49, 0.022582066801218482}, {50, 0.022622170354648575}, 
   {51, 0.022668397420687783}, {52, 0.022715096464635088}, 
   {53, 0.0227685192830578}, {54, 0.022823644113534082}, 
   {55, 0.022886441971575862}, {56, 0.022952545177455208}, 
   {57, 0.023027782760147043}, {58, 0.02310851403755782}, 
   {59, 0.023200622725397028}, {60, 0.023301351239259464}, 
   {61, 0.02341694239313289}, {62, 0.023545828296376164}, 
   {63, 0.023695120514188837}, {64, 0.023865033219832806}, 
   {65, 0.024064459050965995}, {66, 0.024296551077428164}, 
   {67, 0.02457370487472248}, {68, 0.02490430549448615}, 
   {69, 0.025307591198005384}, {70, 0.02580166019852648}, 
   {71, 0.02641878327722578}, {72, 0.027194290581244007}, 
   {73, 0.028181346143238452}, {74, 0.02943498153169945}, 
   {75, 0.03101257781679894}, {76, 0.032920552290469744}, 
   {77, 0.03505595947228675}, {78, 0.037108561257014235}, 
   {79, 0.03861585615703732}, {80, 0.03916283708553528}, 
   {81, 0.03861437065052786}, {82, 0.03710705912557562}, 
   {83, 0.03659447708689218}, {84, 0.03473232667603346}, 
   {85, 0.033370378608568216}, {86, 0.03236814541056961}, 
   {87, 0.03179414883143665}, {88, 0.031337295296145096}, 
   {89, 0.030968018467860237}, {90, 0.030317263169921352}, 
   {91, 0.02905147387068649}, {92, 0.02498547022190393}, 
   {93, 0.02051119667954465}, {94, 0.014645288660629478}, 
   {95, 0.008545868808915112}, {96, 0.0033172450230462267}, 
   {97, 0.0005267453596537243}, {98, 0.0031073726949096027}, 
   {99, 0.0047824924745150455}}, {6.577640311465974*^-10, 
   0.00972529993674409}}}
