{6, 20, {{{-0.5248041176789934, 0, 0.00006733600115133924, 
    -0.00006733600115156315}, {0, 0.9987811583788185, 0.00024986648777174564, 
    0.00024986648777153666}, {0.00006733600115124923, 0.0002498664877715005, 
    -0.00018015516711418315, 0.0015006215028601127}, 
   {-0.00006733600115138002, 0.00024986648777121205, 0.0015006215028604767, 
    -0.00018015516711380195}}, 
  {{-0.5248041176789937, -0.00006733600115131156, 0, 0.00006733600115157687}, 
   {-0.00006733600115121879, -0.00018015516711380715, 0.00024986648777148337, 
    0.0015006215028599162}, {0, 0.00024986648777173734, 0.9987811583788174, 
    0.00024986648777144466}, {0.0000673360011513564, 0.0015006215028605682, 
    0.0002498664877712482, -0.0001801551671137551}}, 
  {{-0.5248041176789944, 0.00006733600115138875, -0.00006733600115142225, 0}, 
   {0.00006733600115149902, -0.00018015516711438785, 0.0015006215028606907, 
    0.0002498664877716469}, {-0.00006733600115149611, 0.0015006215028606417, 
    -0.0001801551671143653, 0.00024986648777166806}, 
   {0, 0.0002498664877716896, 0.0002498664877716958, 0.9987811583788176}}}, 
 {{{0, 0.0095035993723241, 0.009503599372324124, 0.009503599372324048}, 
   {-0.0095035993723241, 0, -0.023952370072805144, 0.023952370072805332}, 
   {-0.009503599372324124, 0.023952370072805144, 0, -0.023952370072805144}, 
   {-0.009503599372324048, -0.023952370072805332, 0.023952370072805144, 0}}, 
  {{0, 0.009503599372324135, 0.009503599372324086, 0.009503599372324022}, 
   {-0.009503599372324135, 0, -0.02395237007280495, 0.023952370072805446}, 
   {-0.009503599372324086, 0.02395237007280495, 0, -0.023952370072805318}, 
   {-0.009503599372324022, -0.023952370072805446, 0.023952370072805318, 0}}}, 
 {0, 0}, {{-1.5694722055417567, -1.5661800621482274}, 
  {-6.29860150770717, -1.5758581595338903, -1.5734425943196948}, 
  {-1.5752669494313003, -1.571974806037771}, {{2, 0.0031162933356987943}, 
   {3, 0.0006932346993187635}, {4, 0.000319522578860358}, 
   {5, 0.00030818543174867446}}, {{2, 0.014273404827783645}, 
   {3, 0.01440664180386005}, {4, 0.01443492133498829}, 
   {5, 0.014448770700481138}}, {1.8883868101643447*^-10, 0.9927091977158476}}}
{6, 20, {{{-0.5248041176789932, 0, 0.00006733600115145662, 
    -0.00006733600115187763}, {0, 0.9987811583788178, 0.0002498664877711267, 
    0.0002498664877716906}, {0.0000673360011511659, 0.0002498664877721668, 
    -0.00018015516711423997, 0.001500621502860573}, 
   {-0.00006733600115128933, 0.0002498664877710674, 0.0015006215028596668, 
    -0.00018015516711387914}}, 
  {{-0.5248041176789935, -0.00006733600115132989, 0, 0.00006733600115185603}, 
   {-0.00006733600115128551, -0.00018015516711413371, 0.0002498664877721265, 
    0.0015006215028604223}, {0, 0.00024986648777113534, 0.9987811583788178, 
    0.00024986648777139116}, {0.00006733600115130244, 0.0015006215028597514, 
    0.0002498664877713018, -0.00018015516711400188}}, 
  {{-0.5248041176789946, 0.00006733600115140499, -0.00006733600115148996, 0}, 
   {0.00006733600115153923, -0.00018015516711420917, 0.001500621502860496, 
    0.00024986648777147204}, {-0.00006733600115141166, 0.0015006215028601196, 
    -0.00018015516711464286, 0.0002498664877716379}, 
   {0, 0.0002498664877718655, 0.00024986648777171143, 0.998781158378818}}}, 
 {{{0, 0.009503599372324072, 0.00950359937232405, 0.009503599372324076}, 
   {-0.009503599372324072, 0, -0.02395237007280501, 0.02395237007280531}, 
   {-0.00950359937232405, 0.02395237007280501, 0, -0.02395237007280545}, 
   {-0.009503599372324076, -0.02395237007280531, 0.02395237007280545, 0}}, 
  {{0, 0.009503599372324078, 0.009503599372324121, 0.00950359937232408}, 
   {-0.009503599372324078, 0, -0.02395237007280477, 0.023952370072805367}, 
   {-0.009503599372324121, 0.02395237007280477, 0, -0.02395237007280547}, 
   {-0.00950359937232408, -0.023952370072805367, 0.02395237007280547, 0}}}, 
 {0, 0}, {{-1.5694722055417567, -1.566180062148228}, 
  {-6.29860150770717, -1.57585815953389, -1.573442594319695}, 
  {-1.5752669494313003, -1.5719748060377716}, {{2, 0.0031162933356984335}, 
   {3, 0.000693234699318486}, {4, 0.0003195225788599417}, 
   {5, 0.0003081854317486955}}, {{2, 0.014273404827783645}, 
   {3, 0.014406641803860027}, {4, 0.014434921334988294}, 
   {5, 0.014448770700481148}}, {1.8883868101643484*^-10, 0.9927091977158474}}}
{6, 20, {{{-0.5248041176789935, 0, 0.00006733600115138437, 
    -0.00006733600115131814}, {0, 0.9987811583788182, 0.00024986648777143523, 
    0.00024986648777154165}, {0.00006733600115119933, 0.0002498664877715489, 
    -0.00018015516711438698, 0.0015006215028598915}, 
   {-0.00006733600115163352, 0.00024986648777118456, 0.0015006215028603594, 
    -0.0001801551671129038}}, {{-0.5248041176789934, -0.0000673360011513551, 
    0, 0.00006733600115133495}, {-0.00006733600115122264, 
    -0.00018015516711483758, 0.00024986648777154484, 0.0015006215028597872}, 
   {0, 0.000249866487771458, 0.9987811583788181, 0.0002498664877714621}, 
   {0.00006733600115161199, 0.0015006215028602796, 0.00024986648777126463, 
    -0.0001801551671142573}}, {{-0.5248041176789947, 0.00006733600115141377, 
    -0.0000673360011514649, 0}, {0.00006733600115147314, 
    -0.0001801551671144208, 0.0015006215028612803, 0.00024986648777158805}, 
   {-0.00006733600115148233, 0.0015006215028605789, -0.00018015516711425428, 
    0.0002498664877716169}, {0, 0.00024986648777170986, 
    0.00024986648777175746, 0.9987811583788174}}}, 
 {{{0, 0.009503599372324052, 0.009503599372324078, 0.009503599372324112}, 
   {-0.009503599372324052, 0, -0.02395237007280537, 0.023952370072805363}, 
   {-0.009503599372324078, 0.02395237007280537, 0, -0.02395237007280504}, 
   {-0.009503599372324112, -0.023952370072805363, 0.02395237007280504, 0}}, 
  {{0, 0.009503599372324065, 0.009503599372324095, 0.009503599372324116}, 
   {-0.009503599372324065, 0, -0.023952370072805117, 0.023952370072805408}, 
   {-0.009503599372324095, 0.023952370072805117, 0, -0.023952370072805103}, 
   {-0.009503599372324116, -0.023952370072805408, 0.023952370072805103, 0}}}, 
 {0, 0}, {{-1.5694722055417567, -1.5661800621482274}, 
  {-6.29860150770717, -1.5758581595338905, -1.5734425943196946}, 
  {-1.5752669494313003, -1.571974806037771}, {{2, 0.0031162933356987214}, 
   {3, 0.000693234699318656}, {4, 0.00031952257886018725}, 
   {5, 0.00030818543174909057}}, {{2, 0.014273404827783644}, 
   {3, 0.014406641803860035}, {4, 0.014434921334988313}, 
   {5, 0.014448770700481147}}, {1.8883868101643504*^-10, 0.9927091977158479}}}
