{18, 40, {{{-0.5148270852304231, 0, -0.006321032974649839, 
    0.006321032974649816}, {0, 0.9709954678924069, 0.0003898725676587311, 
    0.0003898725676586821}, {-0.006321032974649792, 0.0003898725676586266, 
    0.0007490141044332651, 0.014352977268661868}, 
   {0.0063210329746497835, 0.0003898725676586773, 0.014352977268661825, 
    0.0007490141044332564}}, {{-0.5148270852304231, 0.0063210329746498355, 0, 
    -0.006321032974649813}, {0.006321032974649792, 0.0007490141044332738, 
    0.0003898725676586322, 0.014352977268661837}, 
   {0, 0.00038987256765873673, 0.9709954678924069, 0.00038987256765870773}, 
   {-0.00632103297464979, 0.014352977268661849, 0.00038987256765863915, 
    0.0007490141044332321}}, {{-0.514827085230423, -0.0063210329746497575, 
    0.006321032974649758, 0}, {-0.006321032974649726, 0.0007490141044332326, 
    0.014352977268661877, 0.0003898725676587363}, 
   {0.006321032974649726, 0.014352977268661802, 0.0007490141044332321, 
    0.0003898725676586982}, {0, 0.00038987256765861053, 
    0.00038987256765864425, 0.9709954678924066}}}, 
 {{{0., 0.1074027477728306, 0.10740274777283058, 0.10740274777283099}, 
   {-0.1074027477728306, 0., -0.10090325166197504, 0.10090325166197449}, 
   {-0.10740274777283058, 0.10090325166197504, 0., -0.10090325166197447}, 
   {-0.10740274777283099, -0.10090325166197449, 0.10090325166197447, 0.}}, 
  {{0., 0.10740274777283057, 0.10740274777283057, 0.10740274777283115}, 
   {-0.10740274777283057, 0., -0.1009032516619747, 0.10090325166197507}, 
   {-0.10740274777283057, 0.1009032516619747, 0., -0.10090325166197506}, 
   {-0.10740274777283115, -0.10090325166197507, 0.10090325166197506, 0.}}}, 
 {0, 0}, {{-1.452438463161837, -1.3705865761152176}, 
  {-6.292965521178702, -1.534290350208459, -1.6121924103808918}, 
  {-1.5318137095611863, -1.449961822514567}, {{2, 0.00019463902857522197}, 
   {3, 0.00015943168631822602}, {4, 0.00013058111281476215}, 
   {5, 0.00010695757921080906}, {6, 0.00008761170131521556}, 
   {7, 0.00007176761867258574}, {8, 0.000058790610287073886}, 
   {9, 0.0000481612847578472}, {10, 0.000039454532104271633}, 
   {11, 0.00003232234727898464}, {12, 0.000026479803312939865}, 
   {13, 0.000021693589912191724}, {14, 0.000017772643823021905}, 
   {15, 0.000014560486197051636}, {16, 0.000011928953941892084}, 
   {17, 9.773070099972081*^-6}}, {{2, 0.026901100071340424}, 
   {3, 0.0275446186645664}, {4, 0.028070093021722434}, 
   {5, 0.0284994856761369}, {6, 0.02885053116428092}, 
   {7, 0.02913763618579786}, {8, 0.029372521636956254}, 
   {9, 0.02956473533036451}, {10, 0.02972206293168845}, 
   {11, 0.0298508585696333}, {12, 0.029956311661039323}, 
   {13, 0.03004266282329668}, {14, 0.030113378969927697}, 
   {15, 0.03017129556210915}, {16, 0.030218732349600264}, 
   {17, 0.030257587657827552}}, {1.0554337338744838*^-6, 0.8381142351511184}}}
