{3, 28, {{{-0.5248753974660294, 0, 1.2332815912704984*^-8, 
    -1.2332815917415009*^-8}, {0, 0.9999998986237977, -4.711853240370953*^-8, 
    -4.711853257671943*^-8}, {1.2332815912344636*^-8, -4.711853238067298*^-8, 
    5.659956441896041*^-8, 9.473809993744438*^-8}, 
   {-1.2332815915827613*^-8, -4.71185322974912*^-8, 9.473810002549239*^-8, 
    5.659956469304672*^-8}}, {{-0.5248753974660296, -1.2332815914146699*^-8, 
    0, 1.233281591601957*^-8}, {-1.2332815906708*^-8, 5.659956446753267*^-8, 
    -4.711853237296431*^-8, 9.47380999003701*^-8}, 
   {0, -4.7118532403524196*^-8, 0.9999998986237977, -4.7118532513677516*^-8}, 
   {1.2332815916480291*^-8, 9.473810012340021*^-8, -4.7118532360971544*^-8, 
    5.659956459069804*^-8}}, {{-0.5248753974660293, 1.2332815915866593*^-8, 
    -1.233281590946498*^-8, 0}, {1.233281590317896*^-8, 5.65995644736042*^-8, 
    9.473809997522651*^-8, -4.711853229957141*^-8}, 
   {-1.2332815899615164*^-8, 9.47380998235832*^-8, 5.659956445192016*^-8, 
    -4.71185323579958*^-8}, {0, -4.711853257755132*^-8, 
    -4.711853251355365*^-8, 0.9999998986237972}}}, 
 {{{0., 0.00017375267048855058, 0.00017375267048854907, 
    0.00017375267048855208}, {-0.00017375267048855058, 0., 
    0.0000343742519260208, -0.000034374251925942015}, 
   {-0.00017375267048854907, -0.0000343742519260208, 0., 
    0.00003437425192595399}, {-0.00017375267048855208, 
    0.000034374251925942015, -0.00003437425192595399, 0.}}, 
  {{0., 0.00017375267048854386, 0.00017375267048854993, 
    0.00017375267048855118}, {-0.00017375267048854386, 0., 
    0.00003437425192593688, -0.00003437425192599375}, 
   {-0.00017375267048854993, -0.00003437425192593688, 0., 
    0.00003437425192598}, {-0.00017375267048855118, 0.00003437425192599375, 
    -0.00003437425192598, 0.}}}, {0, 0}, 
 {{-1.5746201043693726, -1.5746140854003061}, 
  {-6.298749623256444, -1.5746261233384362, -1.5747486882897856}, 
  {-1.574622518474397, -1.5746164995053304}, {{2, 3.457731816069662*^-7}}, 
  {{2, 0.0008325076896580826}}, {1.649679331750976*^-27, 0.9999993917429395}}}
{3, 28, {{{-0.5248753974686744, 0, 1.233266203125517*^-8, 
    -1.233266203754547*^-8}, {0, 0.9999998986260912, -4.7117297560684516*^-8, 
    -4.7117297778604785*^-8}, {1.2332662016812112*^-8, 
    -4.711729780682277*^-8, 5.659809330579857*^-8, 9.47357949238663*^-8}, 
   {-1.233266203877702*^-8, -4.7117297593977027*^-8, 9.473579485730894*^-8, 
    5.6598093069876176*^-8}}, {{-0.5248753974686746, -1.233266203050528*^-8, 
    0, 1.2332662038350019*^-8}, {-1.2332662022593929*^-8, 
    5.659809323987908*^-8, -4.711729781109255*^-8, 9.47357948309702*^-8}, 
   {0, -4.711729755579424*^-8, 0.9999998986260912, -4.711729768443219*^-8}, 
   {1.2332662038373708*^-8, 9.473579494503894*^-8, -4.71172976851211*^-8, 
    5.6598093128856775*^-8}}, {{-0.5248753974686746, 1.2332662029902755*^-8, 
    -1.2332662034524562*^-8, 0}, {1.233266201779368*^-8, 
    5.659809322600129*^-8, 9.473579505092844*^-8, -4.711729759224552*^-8}, 
   {-1.2332662019142414*^-8, 9.473579481388788*^-8, 5.6598093184367926*^-8, 
    -4.711729768515772*^-8}, {0, -4.711729777125868*^-8, 
    -4.711729768239272*^-8, 0.9999998986260914}}}, 
 {{{0., 0.00017375050259627256, 0.00017375050259626292, 
    0.00017375050259626606}, {-0.00017375050259627256, 0., 
    0.000034374251918764366, -0.00003437425191875622}, 
   {-0.00017375050259626292, -0.000034374251918764366, 0., 
    0.000034374251918735757}, {-0.00017375050259626606, 
    0.00003437425191875622, -0.000034374251918735757, 0.}}, 
  {{0., 0.0001737505025962725, 0.00017375050259626639, 
    0.00017375050259626636}, {-0.0001737505025962725, 0., 
    0.000034374251918669674, -0.00003437425191873554}, 
   {-0.00017375050259626639, -0.000034374251918669674, 0., 
    0.00003437425191874285}, {-0.00017375050259626636, 
    0.00003437425191873554, -0.00003437425191874285, 0.}}}, {0, 0}, 
 {{-1.5746201044537556, -1.5746140855597894}, 
  {-6.298749623134922, -1.574626123347723, -1.5747486882197381}, 
  {-1.574622518521231, -1.574616499627265}, {{2, 1.72885853049387*^-7}}, 
  {{2, 2.395673697688313}}, {1.6496793296670305*^-27, 0.9999993917567018}}}
