{9, 32, {{{-0.5214343705184952, 0, -0.00028460868327576496, 
    0.0002846086832757989}, {0, 0.9968577494773038, -0.0015749005397065505, 
    -0.0015749005397065878}, {-0.00028460868327584394, 
    -0.0015749005397069902, 0.0018798611038238437, 0.0030247028426605717}, 
   {0.0002846086832758983, -0.0015749005397064648, 0.0030247028426605366, 
    0.0018798611038225435}}, {{-0.5214343705184958, 0.0002846086832758546, 0, 
    -0.0002846086832758246}, {0.0002846086832758391, 0.0018798611038235028, 
    -0.001574900539707014, 0.003024702842660685}, 
   {0, -0.0015749005397065717, 0.9968577494773032, -0.001574900539706342}, 
   {-0.00028460868327587576, 0.0030247028426612704, -0.0015749005397068224, 
    0.00187986110382371}}, {{-0.5214343705184961, -0.0002846086832758632, 
    0.0002846086832757874, 0}, {-0.0002846086832758079, 
    0.0018798611038227976, 0.0030247028426604737, -0.001574900539706456}, 
   {0.0002846086832758417, 0.0030247028426606455, 0.0018798611038224056, 
    -0.0015749005397068271}, {0, -0.0015749005397066034, 
    -0.001574900539706296, 0.9968577494773028}}}, 
 {{{0., 0.06258730870502843, 0.06258730870502847, 0.0625873087050287}, 
   {-0.06258730870502843, 0., -0.008352314156820782, 0.008352314156821132}, 
   {-0.06258730870502847, 0.008352314156820782, 0., -0.008352314156821142}, 
   {-0.0625873087050287, -0.008352314156821132, 0.008352314156821142, 0.}}, 
  {{0., 0.06258730870502849, 0.0625873087050284, 0.06258730870502875}, 
   {-0.06258730870502849, 0., -0.00835231415682067, 0.008352314156820872}, 
   {-0.0625873087050284, 0.00835231415682067, 0., -0.008352314156820664}, 
   {-0.06258730870502875, -0.008352314156820872, 0.008352314156820664, 0.}}}, 
 {0, 0}, {{-1.560298753059751, -1.5494583132011406}, 
  {-6.300640521660048, -1.5711391929183613, -1.5791810679116627}, 
  {-1.5664423046130758, -1.5556018647544654}, {{2, 0.012378004413919674}, 
   {3, 0.00968644339556176}, {4, 0.00758403114934042}, 
   {5, 0.005941670835876156}, {6, 0.004657903418206502}, 
   {7, 0.0036536162680895767}, {8, 0.0028673054288985977}}, 
  {{2, 0.3534585846273721}, {3, 0.3907182365776031}, {4, 0.4087564931829}, 
   {5, 0.41914084928578604}, {6, 0.425725597236014}, {7, 0.4301618438062681}, 
   {8, 0.4332746979408797}}, {3.395008976350007*^-13, 0.9812939838843642}}}
