{5, 20, {{{-0.5248806288950243, 0, -1.334799926998191*^-6, 
    1.3347999371733826*^-6}, {0, 0.9999909376425368, 4.316813125565985*^-7, 
    4.316813291679056*^-7}, {-1.3347999496640345*^-6, 4.316813028903754*^-7, 
    -8.505450026924377*^-8, 0.00008111717918491708}, 
   {1.3347999396555186*^-6, 4.316812847374954*^-7, 0.00008111717918053603, 
    -8.505451812301779*^-8}}, {{-0.5248806288950238, 1.3347999210427264*^-6, 
    0, -1.334799939632075*^-6}, {1.334799955669972*^-6, 
    -8.505451066717629*^-8, 4.31681311470748*^-7, 0.00008111717917757893}, 
   {0, 4.316813040070477*^-7, 0.9999909376425369, 4.316813313695232*^-7}, 
   {-1.3347999372016339*^-6, 0.00008111717918619163, 4.3168128261389296*^-7, 
    -8.50545117392354*^-8}}, {{-0.5248806288950254, -1.3347999557106702*^-6, 
    1.3347999489737416*^-6, 0}, {-1.3347999208796738*^-6, 
    -8.505450781702562*^-8, 0.00008111717919671975, 4.3168132879071506*^-7}, 
   {1.3347999275661672*^-6, 0.00008111717918356977, -8.505451012941201*^-8, 
    4.316813298317936*^-7}, {0, 4.3168128532659665*^-7, 
    4.316812844162429*^-7, 0.9999909376425402}}}, 
 {{{0., 0.0017468279656879513, 0.0017468279656871737, 0.0017468279656900354}, 
   {-0.0017468279656879513, 0., -0.0018341458803219617, 
    0.0018341458803188874}, {-0.0017468279656871737, 0.0018341458803219617, 
    0., -0.0018341458803181666}, {-0.0017468279656900354, 
    -0.0018341458803188874, 0.0018341458803181666, 0.}}, 
  {{0., 0.0017468279656879093, 0.00174682796568714, 0.0017468279656900143}, 
   {-0.0017468279656879093, 0., -0.0018341458803205761, 
    0.0018341458803181774}, {-0.00174682796568714, 0.0018341458803205761, 0., 
    -0.0018341458803180991}, {-0.0017468279656900143, -0.0018341458803181774, 
    0.0018341458803180991, 0.}}}, {0, 0}, 
 {{-1.5746337453464576, -1.5746307197516693}, {-0.7873249663245778, 
   -0.39366652664288326, 4.043480594351223*^-6}, 
  {-1.5746368465607785, -1.5746338209659902}, {{2, 1.3164794493358226*^-6}, 
   {3, 1.1430412474033869*^-6}, {4, 9.92207852853642*^-7}}, 
  {{2, 0.00008693757310317802}, {3, 0.00008714130587415968}, 
   {4, 0.00008731791463094073}}, {3.8071785775550474*^-17, 
   0.9999456270871077}}}
