{3, 20, {{{-0.5248733179271052, 0, -5.018047568032267*^-6, 
    5.018047568105488*^-6}, {0, 0.9999664879334078, 1.5380524592681623*^-6, 
    1.5380524616738308*^-6}, {-5.018047567737404*^-6, 1.5380524651172332*^-6, 
    4.750678249225426*^-8, 0.00016472517576485504}, 
   {5.018047566685911*^-6, 1.5380524609772614*^-6, 0.00016472517575637243, 
    4.750678128488672*^-8}}, {{-0.5248733179271049, 5.0180475677512635*^-6, 
    0, -5.0180475681344206*^-6}, {5.018047568025912*^-6, 
    4.750677734186026*^-8, 1.538052465132229*^-6, 0.000164725175765323}, 
   {0, 1.5380524592470475*^-6, 0.9999664879334087, 1.538052461528149*^-6}, 
   {-5.018047566661326*^-6, 0.00016472517575597358, 1.5380524611272703*^-6, 
    4.750678175846623*^-8}}, {{-0.5248733179271061, -5.018047567817564*^-6, 
    5.018047568162405*^-6, 0}, {-5.01804756776881*^-6, 4.750678275072806*^-8, 
    0.00016472517576419238, 1.5380524615900694*^-6}, 
   {5.0180475674445715*^-6, 0.00016472517576229074, 4.750677912168655*^-8, 
    1.5380524614833921*^-6}, {0, 1.5380524614028006*^-6, 
    1.5380524614989091*^-6, 0.9999664879334114}}}, 
 {{{0., 0.003373347146125729, 0.00337334714612571, 0.0033733471461251203}, 
   {-0.003373347146125729, 0., -0.003521733797964502, 0.0035217337979647537}, 
   {-0.00337334714612571, 0.003521733797964502, 0., -0.003521733797965391}, 
   {-0.0033733471461251203, -0.0035217337979647537, 0.003521733797965391, 
    0.}}, {{0., 0.0033733471461257674, 0.003373347146125767, 
    0.0033733471461251385}, {-0.0033733471461257674, 0., 
    -0.003521733797963963, 0.0035217337979653335}, 
   {-0.003373347146125767, 0.003521733797963963, 0., -0.0035217337979649927}, 
   {-0.0033733471461251385, -0.0035217337979653335, 0.0035217337979649927, 
    0.}}}, {0, 0}, {{-1.574589637808177, -1.574577952190881}, 
  {-0.7873251936797838, -0.39367747318669355, 0.000014876346801639961}, 
  {-1.5746015804386944, -1.5745898948213983}, {{2, 0.000024763226686632268}}, 
  {{2, 0.0001483866518392839}}, {1.907827706785538*^-15, 0.9997989444455823}}}
