{10, 28, {{{-0.5133878717791833, 0, -0.008006780967556002, 
    0.008006780967555981}, {0, 0.9618403878970042, 0.0017453599910788181, 
    0.0017453599910788042}, {-0.008006780967555971, 0.0017453599910787986, 
    -0.00030259831485423584, 0.018013841228001023}, 
   {0.008006780967555971, 0.0017453599910788025, 0.018013841228000982, 
    -0.0003025983148542523}}, {{-0.5133878717791834, 0.008006780967555999, 0, 
    -0.00800678096755597}, {0.008006780967555964, -0.0003025983148542523, 
    0.0017453599910787895, 0.01801384122800098}, {0, 0.0017453599910788034, 
    0.9618403878970044, 0.0017453599910788372}, {-0.008006780967555973, 
    0.018013841228001013, 0.0017453599910787537, -0.00030259831485424105}}, 
  {{-0.5133878717791833, -0.008006780967555941, 0.008006780967555931, 0}, 
   {-0.008006780967555907, -0.0003025983148542688, 0.018013841228001003, 
    0.0017453599910788558}, {0.008006780967555912, 0.01801384122800095, 
    -0.00030259831485429656, 0.0017453599910788166}, 
   {0, 0.0017453599910787136, 0.0017453599910787479, 0.9618403878970043}}}, 
 {{{0., 0.05751233502651244, 0.05751233502651244, 0.057512335026512484}, 
   {-0.05751233502651244, 0., -0.05957239401481633, 0.059572394014816094}, 
   {-0.05751233502651244, 0.05957239401481633, 0., -0.05957239401481609}, 
   {-0.057512335026512484, -0.059572394014816094, 0.05957239401481609, 0.}}, 
  {{0., 0.057512335026512415, 0.05751233502651244, 0.05751233502651258}, 
   {-0.057512335026512415, 0., -0.059572394014816135, 0.0595723940148164}, 
   {-0.05751233502651244, 0.059572394014816135, 0., -0.059572394014816406}, 
   {-0.05751233502651258, -0.0595723940148164, 0.059572394014816406, 0.}}}, 
 {0, 0}, {{-1.4215845748122373, -1.3518545743827468}, 
  {-6.289734908775981, -1.4913145752417272, -1.6535528791462633}, 
  {-1.4925634196337432, -1.4228334192042527}, {{2, 0.028144415615680374}, 
   {3, 0.011798130436462634}, {4, 0.005046954343504675}, 
   {5, 0.002179556480554845}, {6, 0.0009452703101521936}, 
   {7, 0.00041073165305588466}, {8, 0.00017861439135025137}, 
   {9, 0.00007770161102925444}}, {{2, 0.11681438845983212}, 
   {3, 0.05489441254362304}, {4, 0.032939758107346756}, 
   {5, 0.024156830789859446}, {6, 0.02046919542244896}, 
   {7, 0.01888906982417725}, {8, 0.01820606127469882}, 
   {9, 0.01790971438869689}}, {4.469617098362729*^-8, 0.7918046638227882}}}
