{9, 28, {{{-0.5229814159611902, 0, -0.0012059270717956689, 
    0.0012059270717956704}, {0, 0.9935945857656749, 0.00030884020353469453, 
    0.00030884020353468444}, {-0.0012059270717956366, 0.00030884020353447476, 
    -0.00012755997386285946, 0.0028744957261866598}, 
   {0.001205927071795656, 0.000308840203534645, 0.0028744957261867617, 
    -0.0001275599738629462}}, {{-0.5229814159611902, 0.0012059270717956643, 
    0, -0.0012059270717956789}, {0.0012059270717956476, 
    -0.00012755997386299303, 0.0003088402035344787, 0.0028744957261866745}, 
   {0, 0.0003088402035347066, 0.9935945857656748, 0.0003088402035346695}, 
   {-0.0012059270717956663, 0.002874495726186734, 0.00030884020353466623, 
    -0.00012755997386293405}}, {{-0.5229814159611903, -0.00120592707179562, 
    0.0012059270717956312, 0}, {-0.001205927071795595, 
    -0.00012755997386296528, 0.002874495726186708, 0.0003088402035346465}, 
   {0.0012059270717955906, 0.002874495726186742, -0.00012755997386298956, 
    0.00030884020353467783}, {0, 0.0003088402035346812, 
    0.00030884020353465387, 0.9935945857656753}}}, 
 {{{0., 0.023244216662032448, 0.02324421666203244, 0.023244216662032465}, 
   {-0.023244216662032448, 0., -0.024413998229217377, 0.024413998229217266}, 
   {-0.02324421666203244, 0.024413998229217377, 0., -0.02441399822921724}, 
   {-0.023244216662032465, -0.024413998229217266, 0.02441399822921724, 0.}}, 
  {{0., 0.02324421666203244, 0.02324421666203245, 0.02324421666203251}, 
   {-0.02324421666203244, 0., -0.02441399822921728, 0.024413998229217408}, 
   {-0.02324421666203245, 0.02441399822921728, 0., -0.024413998229217408}, 
   {-0.02324421666203251, -0.024413998229217408, 0.024413998229217408, 0.}}}, 
 {0, 0}, {{-1.548437341617774, -1.5363592923455405}, 
  {-6.298284485937503, -1.5605153908900093, -1.5886268520787423}, 
  {-1.560819309056226, -1.5487412597839925}, {{2, 0.011144293164233626}, 
   {3, 0.004408268554862753}, {4, 0.0017480350130316819}, 
   {5, 0.0006939056965712606}, {6, 0.0002755775605703045}, 
   {7, 0.0001094624236232522}, {8, 0.00004348278513154752}}, 
  {{2, 0.12059869695642284}, {3, 0.05890753258976633}, 
   {4, 0.03783637388332739}, {5, 0.029926519022560633}, 
   {6, 0.0268526771436638}, {7, 0.02564211101781343}, 
   {8, 0.025162851994397682}}, {2.1175489207452246*^-10, 0.9621777235559298}}}
