{7, 28, {{{-0.5246700642607416, 0, -0.00012802260747537826, 
    0.00012802260747535942}, {0, 0.9992998589852423, 0.0000346290270070161, 
    0.000034629027006999105}, {-0.00012802260747534527, 
    0.000034629027007180614, -0.000016114001209639392, 
    0.0003099342922773164}, {0.000128022607475355, 0.00003462902700702727, 
    0.00030993429227715755, -0.000016114001209637657}}, 
  {{-0.5246700642607414, 0.00012802260747536552, 0, -0.0001280226074753626}, 
   {0.00012802260747533765, -0.00001611400120964633, 0.000034629027007178445, 
    0.00030993429227721403}, {0, 0.00003462902700701289, 0.9992998589852424, 
    0.000034629027007119526}, {-0.00012802260747535706, 
    0.0003099342922772934, 0.00003462902700691332, 
    -0.000016114001209710516}}, 
  {{-0.5246700642607419, -0.0001280226074753408, 0.00012802260747534747, 0}, 
   {-0.00012802260747529282, -0.00001611400120981113, 0.00030993429227755577, 
    0.00003462902700703142}, {0.00012802260747529448, 0.00030993429227722243, 
    -0.000016114001209849294, 0.00003462902700691129}, 
   {0, 0.000034629027006995425, 0.000034629027007111686, 
    0.9992998589852429}}}, 
 {{{0., 0.007649780381810358, 0.007649780381810359, 0.007649780381810373}, 
   {-0.007649780381810358, 0., -0.00807817900972259, 0.008078179009722514}, 
   {-0.007649780381810359, 0.00807817900972259, 0., -0.008078179009722512}, 
   {-0.007649780381810373, -0.008078179009722514, 0.008078179009722512, 0.}}, 
  {{0., 0.007649780381810354, 0.007649780381810363, 0.00764978038181038}, 
   {-0.007649780381810354, 0., -0.008078179009722559, 0.008078179009722554}, 
   {-0.007649780381810363, 0.008078179009722559, 0., -0.008078179009722531}, 
   {-0.00764978038181038, -0.008078179009722554, 0.008078179009722531, 0.}}}, 
 {0, 0}, {{-1.5717587402794768, -1.5704337594506743}, 
  {-6.298511269740722, -1.5730837211082815, -1.5761719137620793}, 
  {-1.5731208215177526, -1.57179584068895}, {{2, 0.0036601802847091667}, 
   {3, 0.0014343281908633203}, {4, 0.0005622135957288558}, 
   {5, 0.00022039434305845193}, {6, 0.00008640092169145269}}, 
  {{2, 0.12136612332788917}, {3, 0.05971595027777086}, 
   {4, 0.03877644977678102}, {5, 0.030991330334144824}, 
   {6, 0.028000714172842434}}, {2.778950663646098*^-13, 0.9958065000125201}}}
