{9, 28, {{{-0.5194038734989066, 0, -0.0036371604812514046, 
    0.00363716048125142}, {0, 0.9816172250629117, 0.000871398007366842, 
    0.000871398007366842}, {-0.0036371604812513664, 0.0008713980073667337, 
    -0.0002835640080752679, 0.008431662907934716}, 
   {0.003637160481251378, 0.000871398007366747, 0.008431662907934706, 
    -0.0002835640080753321}}, {{-0.5194038734989065, 0.003637160481251412, 0, 
    -0.0036371604812514306}, {0.003637160481251406, -0.00028356400807529655, 
    0.000871398007366742, 0.008431662907934762}, {0, 0.0008713980073668446, 
    0.9816172250629119, 0.000871398007366821}, {-0.0036371604812514002, 
    0.008431662907934737, 0.0008713980073667758, -0.0002835640080753321}}, 
  {{-0.5194038734989065, -0.0036371604812513556, 0.003637160481251363, 0}, 
   {-0.003637160481251341, -0.00028356400807530956, 0.008431662907934786, 
    0.0008713980073667895}, {0.0036371604812513256, 0.008431662907934748, 
    -0.0002835640080752766, 0.0008713980073668169}, 
   {0, 0.0008713980073667867, 0.0008713980073667787, 0.9816172250629118}}}, 
 {{{0., 0.03957291755554261, 0.039572917555542625, 0.039572917555542646}, 
   {-0.03957291755554261, 0., -0.04135507172887036, 0.04135507172887015}, 
   {-0.039572917555542625, 0.04135507172887036, 0., -0.04135507172887012}, 
   {-0.039572917555542646, -0.04135507172887015, 0.04135507172887012, 0.}}, 
  {{0., 0.03957291755554261, 0.039572917555542625, 0.03957291755554272}, 
   {-0.03957291755554261, 0., -0.041355071728870235, 0.04135507172887039}, 
   {-0.039572917555542625, 0.041355071728870235, 0., -0.04135507172887039}, 
   {-0.03957291755554272, -0.04135507172887039, 0.04135507172887039, 0.}}}, 
 {0, 0}, {{-1.49999426247938, -1.4657231105744104}, 
  {-6.296562346427578, -1.5342654143843462, -1.6140157588294428}, 
  {-1.5350371097781284, -1.5007659578731587}, {{2, 0.019153607414462218}, 
   {3, 0.007738398934303406}, {4, 0.0031522717792093757}, 
   {5, 0.001288861353244311}, {6, 0.0005278048015798231}, 
   {7, 0.00021628438715023957}, {8, 0.00008865319604164923}}, 
  {{2, 0.1190581560452873}, {3, 0.05726813193958069}, 
   {4, 0.03588119577402023}, {5, 0.02766951071519752}, 
   {6, 0.02439033277220641}, {7, 0.023060259832326256}, 
   {8, 0.022517346248558598}}, {5.002333825874223*^-9, 0.8946497064461338}}}
