{8, 32, {{{-0.5238286164208005, 0, -0.0006379355595114936, 
    0.0006379355595114894}, {0, 0.9966138037564046, 0.00013467423616173247, 
    0.00013467423616172678}, {-0.0006379355595114591, 0.0001346742361618023, 
    -0.00003813600017349948, 0.0015380538609656397}, 
   {0.0006379355595114835, 0.0001346742361616903, 0.001538053860965696, 
    -0.00003813600017325662}}, {{-0.5238286164208006, 0.0006379355595114856, 
    0, -0.0006379355595114863}, {0.0006379355595114586, 
    -0.00003813600017348951, 0.00013467423616180896, 0.0015380538609656605}, 
   {0, 0.0001346742361617381, 0.9966138037564047, 0.00013467423616168398}, 
   {-0.0006379355595114866, 0.001538053860965664, 0.00013467423616174008, 
    -0.00003813600017349428}}, {{-0.5238286164208008, -0.0006379355595114377, 
    0.000637935559511447, 0}, {-0.0006379355595113931, 
    -0.00003813600017367382, 0.001538053860965617, 0.00013467423616170067}, 
   {0.0006379355595114034, 0.0015380538609658305, -0.00003813600017354979, 
    0.0001346742361617448}, {0, 0.0001346742361616996, 
    0.00013467423616166018, 0.9966138037564051}}}, 
 {{{0., 0.017235043292216715, 0.01723504329221672, 0.017235043292216735}, 
   {-0.017235043292216715, 0., -0.017619797056531848, 0.017619797056531758}, 
   {-0.01723504329221672, 0.017619797056531848, 0., -0.017619797056531716}, 
   {-0.017235043292216735, -0.017619797056531758, 0.017619797056531716, 0.}}, 
  {{0., 0.01723504329221673, 0.01723504329221673, 0.01723504329221677}, 
   {-0.01723504329221673, 0., -0.017619797056531786, 0.017619797056531855}, 
   {-0.01723504329221673, 0.017619797056531786, 0., -0.017619797056531827}, 
   {-0.01723504329221677, -0.017619797056531855, 0.017619797056531827, 0.}}}, 
 {0, 0}, {{-1.5604881963910127, -1.5539207628474025}, 
  {-6.298396889653925, -1.5670556299346203, -1.5821428148923422}, 
  {-1.5671289353721234, -1.5605615018285133}, {{2, 0.008248135546969248}, 
   {3, 0.0032466142606877996}, {4, 0.0012795795061725096}, 
   {5, 0.0005046019479721109}, {6, 0.0001990356668271076}, 
   {7, 0.00007851507430019916}}, {{2, 0.10313271592797144}, 
   {3, 0.04325911845755724}, {4, 0.022869526941180156}, 
   {5, 0.015254238816955413}, {6, 0.012312807564932915}, 
   {7, 0.011161961063620256}}, {2.9923019225041927*^-11, 0.9798540428383775}}}
