{3, 32, {{{-0.523651841488675, 0, 1.8664383178080523*^-6, 
    -1.866438317857327*^-6}, {0, 0.9989398402481512, -0.000569710935387857, 
    -0.0005697109353881783}, {1.8664383178261345*^-6, -0.0005697109353879797, 
    0.0006784426086616237, 0.0010617131756850764}, 
   {-1.8664383177801724*^-6, -0.0005697109353880682, 0.0010617131756849927, 
    0.0006784426086602286}}, {{-0.5236518414886748, -1.8664383177823836*^-6, 
    0, 1.8664383178209975*^-6}, {-1.8664383178510026*^-6, 
    0.0006784426086607156, -0.0005697109353879771, 0.0010617131756859607}, 
   {0, -0.0005697109353878724, 0.9989398402481492, -0.0005697109353880825}, 
   {1.8664383178125314*^-6, 0.0010617131756858055, -0.0005697109353881245, 
    0.0006784426086629547}}, {{-0.5236518414886719, 1.8664383178220573*^-6, 
    -1.8664383178338112*^-6, 0}, {1.8664383178011826*^-6, 
    0.0006784426086625063, 0.001061713175685855, -0.0005697109353880688}, 
   {-1.8664383177921041*^-6, 0.0010617131756859989, 0.0006784426086616502, 
    -0.0005697109353881151}, {0, -0.0005697109353881878, 
    -0.0005697109353881091, 0.998939840248148}}}, 
 {{{0., 0.018633891320079123, 0.018633891320079067, 0.01863389132007903}, 
   {-0.018633891320079123, 0., 0.0000475455927659654, 
    -0.000047545592766351994}, {-0.018633891320079067, 
    -0.0000475455927659654, 0., 0.00004754559276616929}, 
   {-0.01863389132007903, 0.000047545592766351994, -0.00004754559276616929, 
    0.}}, {{0., 0.01863389132007913, 0.018633891320079064, 
    0.018633891320079067}, {-0.01863389132007913, 0., 0.00004754559276687051, 
    -0.00004754559276643224}, {-0.018633891320079064, 
    -0.00004754559276687051, 0., 0.00004754559276664695}, 
   {-0.018633891320079067, 0.00004754559276643224, -0.00004754559276664695, 
    0.}}}, {0, 0}, {{-1.567104241713313, -1.5638767570624026}, 
  {-6.29844806126818, -1.5703317263642211, -1.578892304269869}, 
  {-1.5687138664696503, -1.56548638181874}, {{2, 0.00001204039561680803}}, 
  {{2, 0.5012757827109137}}, {1.1552117499155032*^-26, 0.9936558767572374}}}
