{3, 28, {{{-0.5166319922164105, 0, -0.005564671017508483, 
    0.0055646710175084515}, {0, 0.9728611882740611, 0.0011791837216420815, 
    0.001179183721642068}, {-0.005564671017508422, 0.0011791837216420147, 
    -0.000228379546441582, 0.012698368613842267}, 
   {0.005564671017508438, 0.0011791837216419856, 0.012698368613842253, 
    -0.00022837954644163837}}, {{-0.5166319922164104, 0.005564671017508471, 
    0, -0.005564671017508458}, {0.005564671017508436, 
    -0.00022837954644163664, 0.0011791837216420234, 0.012698368613842312}, 
   {0, 0.001179183721642084, 0.9728611882740611, 0.0011791837216420379}, 
   {-0.005564671017508446, 0.01269836861384221, 0.001179183721642046, 
    -0.00022837954644167047}}, {{-0.5166319922164104, -0.005564671017508413, 
    0.0055646710175084255, 0}, {-0.005564671017508368, 
    -0.00022837954644169822, 0.012698368613842229, 0.0011791837216420513}, 
   {0.005564671017508369, 0.012698368613842324, -0.00022837954644172598, 
    0.0011791837216420854}, {0, 0.0011791837216420249, 0.0011791837216419986, 
    0.972861188274061}}}, 
 {{{0., 0.048636949509826805, 0.048636949509826805, 0.04863694950982685}, 
   {-0.048636949509826805, 0., -0.05010404320685113, 0.05010404320685089}, 
   {-0.048636949509826805, 0.05010404320685113, 0., -0.0501040432068509}, 
   {-0.04863694950982685, -0.05010404320685089, 0.0501040432068509, 0.}}, 
  {{0., 0.04863694950982679, 0.0486369495098268, 0.048636949509826936}, 
   {-0.04863694950982679, 0., -0.05010404320685094, 0.05010404320685118}, 
   {-0.0486369495098268, 0.05010404320685094, 0., -0.05010404320685119}, 
   {-0.048636949509826936, -0.05010404320685118, 0.05010404320685119, 0.}}}, 
 {0, 0}, {{-1.4643852995113125, -1.4138402989056034}, 
  {-6.293855643663711, -1.5149303001170218, -1.631997521714834}, 
  {-1.515692624363835, -1.4651476237581258}, {{2, 0.0003095040154423301}}, 
  {{2, 0.015082089972848614}}, {1.5821098675618626*^-8, 0.8478231421666658}}}
