{3, 28, {{{-0.5240304973738152, 0, -0.0005242838904270862, 
    0.000524283890427087}, {0, 0.9971827045861881, 0.0001271296980349415, 
    0.00012712969803470276}, {-0.0005242838904270545, 0.0001271296980347089, 
    -0.000049262058284395976, 0.0012640025721505693}, 
   {0.0005242838904270722, 0.00012712969803470574, 0.0012640025721506376, 
    -0.00004926205828405337}}, {{-0.5240304973738152, 0.000524283890427086, 
    0, -0.0005242838904270894}, {0.0005242838904270533, 
    -0.000049262058284278015, 0.00012712969803471824, 0.0012640025721506343}, 
   {0, 0.0001271296980349482, 0.9971827045861882, 0.00012712969803466032}, 
   {-0.0005242838904270758, 0.0012640025721506085, 0.00012712969803476616, 
    -0.00004926205828420516}}, {{-0.5240304973738156, -0.0005242838904270634, 
    0.000524283890427063, 0}, {-0.0005242838904270079, 
    -0.000049262058284554704, 0.001264002572150636, 0.00012712969803472087}, 
   {0.0005242838904270122, 0.0012640025721508087, -0.00004926205828437169, 
    0.00012712969803476776}, {0, 0.00012712969803469612, 
    0.00012712969803464272, 0.9971827045861887}}}, 
 {{{0., 0.015518430739738902, 0.015518430739738888, 0.015518430739738912}, 
   {-0.015518430739738902, 0., -0.016146042372997466, 0.016146042372997504}, 
   {-0.015518430739738888, 0.016146042372997466, 0., -0.016146042372997462}, 
   {-0.015518430739738912, -0.016146042372997504, 0.016146042372997462, 0.}}, 
  {{0., 0.015518430739738891, 0.015518430739738891, 0.015518430739738933}, 
   {-0.015518430739738891, 0., -0.016146042372997466, 0.016146042372997584}, 
   {-0.015518430739738891, 0.016146042372997466, 0., -0.016146042372997563}, 
   {-0.015518430739738933, -0.016146042372997584, 0.016146042372997563, 
    0.}}}, {0, 0}, {{-1.5630091689494798, -1.5576334268504861}, 
  {-6.298441227664964, -1.5683849110484722, -1.5808357027840096}, 
  {-1.5684936165720957, -1.563117874473102}, {{2, 0.00010425386577265355}}, 
  {{2, 0.02022149158585489}}, {1.771725873074841*^-11, 0.9832148385366518}}}
