{3, 28, {{{-0.5213993538373238, 0, -0.002234942961137838, 
    0.00223494296113782}, {0, 0.9884629364802374, 0.0005145323622258574, 
    0.0005145323622258147}, {-0.0022349429611377945, 0.0005145323622259331, 
    -0.0001648744884281718, 0.005263477256129472}, 
   {0.00223494296113781, 0.0005145323622258301, 0.0052634772561294405, 
    -0.00016487448842808766}}, {{-0.5213993538373238, 0.002234942961137817, 
    0, -0.002234942961137816}, {0.0022349429611377893, 
    -0.00016487448842812495, 0.0005145323622259385, 0.005263477256129455}, 
   {0, 0.0005145323622258493, 0.9884629364802373, 0.0005145323622258172}, 
   {-0.0022349429611378084, 0.005263477256129413, 0.0005145323622258377, 
    -0.00016487448842808505}}, {{-0.5213993538373239, -0.0022349429611377616, 
    0.0022349429611377754, 0}, {-0.002234942961137749, 
    -0.00016487448842823424, 0.005263477256129457, 0.0005145323622258546}, 
   {0.0022349429611377434, 0.005263477256129542, -0.00016487448842816832, 
    0.0005145323622258598}, {0, 0.0005145323622258095, 0.0005145323622257724, 
    0.9884629364802375}}}, 
 {{{0., 0.03151108065833223, 0.03151108065833225, 0.03151108065833227}, 
   {-0.03151108065833223, 0., -0.03267177183975532, 0.03267177183975516}, 
   {-0.03151108065833225, 0.03267177183975532, 0., -0.032671771839755157}, 
   {-0.03151108065833227, -0.03267177183975516, 0.032671771839755157, 0.}}, 
  {{0., 0.03151108065833223, 0.03151108065833225, 0.0315110806583323}, 
   {-0.03151108065833223, 0., -0.03267177183975514, 0.03267177183975538}, 
   {-0.03151108065833225, 0.03267177183975514, 0., -0.032671771839755365}, 
   {-0.0315110806583323, -0.03267177183975538, 0.032671771839755365, 0.}}}, 
 {0, 0}, {{-1.5272991366509328, -1.5054676195702819}, 
  {-6.297645826949764, -1.549130653731586, -1.5996922597432959}, 
  {-1.5495327289512102, -1.5277012118705593}, {{2, 0.00020745496928722962}}, 
  {{2, 0.018417190987642097}}, {1.2162871693380392*^-9, 0.9327437283788391}}}
