{12, 32, {{{-0.5209582911568906, 0, -0.0024943933468245514, 
    0.002494393346824552}, {0, 0.9873205527127167, 0.0005017097460743919, 
    0.0005017097460743522}, {-0.0024943933468245146, 0.0005017097460743079, 
    -0.00010476569964140486, 0.005854095949660505}, 
   {0.0024943933468245263, 0.0005017097460743515, 0.005854095949660527, 
    -0.00010476569964147902}}, {{-0.5209582911568904, 0.002494393346824543, 
    0, -0.0024943933468245505}, {0.0024943933468245176, 
    -0.00010476569964133894, 0.0005017097460743058, 0.005854095949660496}, 
   {0, 0.000501709746074392, 0.9873205527127168, 0.000501709746074356}, 
   {-0.002494393346824523, 0.005854095949660529, 0.0005017097460743477, 
    -0.0001047656996415458}}, {{-0.5209582911568904, -0.002494393346824505, 
    0.0024943933468245193, 0}, {-0.002494393346824477, 
    -0.00010476569964145994, 0.0058540959496605, 0.000501709746074358}, 
   {0.0024943933468244677, 0.005854095949660482, -0.00010476569964137927, 
    0.0005017097460743629}, {0, 0.0005017097460743439, 0.0005017097460743099, 
    0.9873205527127167}}}, 
 {{{0., 0.03343802269540106, 0.033438022695401054, 0.033438022695401075}, 
   {-0.03343802269540106, 0., -0.0341040873604829, 0.03410408736048272}, 
   {-0.033438022695401054, 0.0341040873604829, 0., -0.034104087360482704}, 
   {-0.033438022695401075, -0.03410408736048272, 0.034104087360482704, 0.}}, 
  {{0., 0.03343802269540104, 0.033438022695401054, 0.03343802269540113}, 
   {-0.03343802269540104, 0., -0.03410408736048276, 0.034104087360482926}, 
   {-0.033438022695401054, 0.03410408736048276, 0., -0.03410408736048291}, 
   {-0.03343802269540113, -0.034104087360482926, 0.03410408736048291, 0.}}}, 
 {0, 0}, {{-1.522087919211724, -1.497763050442231}, 
  {-6.2974929024570905, -1.546412787981215, -1.6023336632473302}, 
  {-1.546655056127836, -1.522330187358343}, {{2, 0.016099727909264873}, 
   {3, 0.0064394453182328865}, {4, 0.0025897772734349844}, 
   {5, 0.0010440905042350124}, {6, 0.00042136537541728747}, 
   {7, 0.00017012253915488218}, {8, 0.00006869718129695612}, 
   {9, 0.000027742523018459142}, {10, 0.000011203793847891497}, 
   {11, 4.524693425531079*^-6}}, {{2, 0.10364879932604498}, 
   {3, 0.043597141987177665}, {4, 0.022945223582274715}, 
   {5, 0.015100599926105367}, {6, 0.012008303645339571}, 
   {7, 0.010771511742691227}, {8, 0.010273970811882}, 
   {9, 0.010073351605964948}, {10, 0.009992381646866954}, 
   {11, 0.009959689769176435}}, {1.573397996184215*^-9, 0.9262944586790198}}}
