{12, 32, {{{-0.5170468621514255, 0, -0.005172675278489514, 
    0.005172675278489509}, {0, 0.9749783904002756, 0.0009269107599445374, 
    0.0009269107599445604}, {-0.00517267527848948, 0.0009269107599445456, 
    -0.000045003401262993376, 0.011815269791468956}, 
   {0.005172675278489516, 0.0009269107599445591, 0.011815269791468856, 
    -0.000045003401263092255}}, {{-0.5170468621514255, 0.005172675278489525, 
    0, -0.005172675278489509}, {0.00517267527848948, 
    -0.000045003401263002916, 0.0009269107599445432, 0.011815269791468914}, 
   {0, 0.0009269107599445363, 0.9749783904002756, 0.0009269107599446026}, 
   {-0.005172675278489516, 0.011815269791468914, 0.0009269107599445161, 
    -0.00004500340126309399}}, {{-0.5170468621514254, -0.005172675278489475, 
    0.005172675278489465, 0}, {-0.005172675278489431, 
    -0.00004500340126310266, 0.011815269791468954, 0.0009269107599446092}, 
   {0.005172675278489436, 0.011815269791468883, -0.000045003401263121745, 
    0.0009269107599445658}, {0, 0.0009269107599445107, 0.000926910759944556, 
    0.9749783904002756}}}, 
 {{{0., 0.047372092124315736, 0.04737209212431575, 0.047372092124315784}, 
   {-0.047372092124315736, 0., -0.04783786253355298, 0.04783786253355274}, 
   {-0.04737209212431575, 0.04783786253355298, 0., -0.047837862533552725}, 
   {-0.047372092124315784, -0.04783786253355274, 0.047837862533552725, 0.}}, 
  {{0., 0.04737209212431573, 0.04737209212431574, 0.04737209212431588}, 
   {-0.04737209212431573, 0., -0.04783786253355282, 0.047837862533553}, 
   {-0.04737209212431574, 0.04783786253355282, 0., -0.047837862533552995}, 
   {-0.04737209212431588, -0.047837862533553, 0.047837862533552995, 0.}}}, 
 {0, 0}, {{-1.471471392758749, -1.4238818879150634}, 
  {-6.2946148782924425, -1.5190608976024338, -1.6282465415437875}, 
  {-1.5192948516263387, -1.471705346782653}, {{2, 0.02299508897508927}, 
   {3, 0.00940911298075904}, {4, 0.003898211344508476}, 
   {5, 0.0016242512554650451}, {6, 0.0006784403609651629}, 
   {7, 0.00028367712830051905}, {8, 0.00011866648838446126}, 
   {9, 0.000049649173373522704}, {10, 0.0000207744497794371}, 
   {11, 8.69282814580652*^-6}}, {{2, 0.09920731422314916}, 
   {3, 0.039479256982344724}, {4, 0.018638491650884693}, 
   {5, 0.010522219450029938}, {6, 0.0072243923662872415}, 
   {7, 0.005861149188282046}, {8, 0.005293595463282175}, 
   {9, 0.0050566075877402855}, {10, 0.00495752849442855}, 
   {11, 0.004916084432315266}}, {1.1984794700350448*^-8, 0.8589540666036811}}}
