{12, 32, {{{-0.516958391608743, 0, -0.005186164773862948, 
    0.005186164773862932}, {0, 0.9750452337568585, 0.0008477555715957776, 
    0.0008477555715958414}, {-0.0051861647738629165, 0.0008477555715957498, 
    0.00004088905078066278, 0.011850131565766642}, 
   {0.005186164773862921, 0.0008477555715957217, 0.011850131565766652, 
    0.00004088905078065714}}, {{-0.5169583916087431, 0.005186164773862936, 0, 
    -0.005186164773862927}, {0.005186164773862899, 0.00004088905078070224, 
    0.0008477555715957529, 0.011850131565766666}, 
   {0, 0.00084775557159577, 0.9750452337568584, 0.000847755571595785}, 
   {-0.005186164773862901, 0.011850131565766578, 0.0008477555715957685, 
    0.00004088905078061811}}, {{-0.5169583916087431, -0.0051861647738628835, 
    0.005186164773862893, 0}, {-0.005186164773862863, 0.00004088905078060423, 
    0.011850131565766621, 0.0008477555715957754}, 
   {0.0051861647738628645, 0.011850131565766739, 0.00004088905078061811, 
    0.0008477555715958251}, {0, 0.0008477555715957613, 0.0008477555715957186, 
    0.9750452337568581}}}, 
 {{{0., 0.04763848139188156, 0.04763848139188156, 0.04763848139188161}, 
   {-0.04763848139188156, 0., -0.04764606973487898, 0.04764606973487871}, 
   {-0.04763848139188156, 0.04764606973487898, 0., -0.04764606973487874}, 
   {-0.04763848139188161, -0.04764606973487871, 0.04764606973487874, 0.}}, 
  {{0., 0.04763848139188155, 0.04763848139188154, 0.047638481391881676}, 
   {-0.04763848139188155, 0., -0.04764606973487879, 0.04764606973487902}, 
   {-0.04763848139188154, 0.04764606973487879, 0., -0.047646069734879004}, 
   {-0.047638481391881676, -0.04764606973487902, 0.047646069734879004, 0.}}}, 
 {0, 0}, {{-1.4711246053977494, -1.4232674887013723}, 
  {-6.2946060366589345, -1.5189817220941233, -1.628321296235344}, 
  {-1.518985533678853, -1.4711284169824759}, {{2, 0.023117868039260733}, 
   {3, 0.009459079417329042}, {4, 0.003919216009632451}, 
   {5, 0.001633209257372495}, {6, 0.000682282730773559}, 
   {7, 0.0002853284686878538}, {8, 0.00011937645259815777}, 
   {9, 0.00004995432866897187}, {10, 0.00002090554399787614}, 
   {11, 8.749112642716939*^-6}}, {{2, 0.09333638980640298}, 
   {3, 0.034263274250321205}, {4, 0.013652483886742265}, 
   {5, 0.005625365834580747}, {6, 0.0023634013072469052}, 
   {7, 0.001014794501003623}, {8, 0.0004532484932002928}, 
   {9, 0.00021873197490625255}, {10, 0.00012067026744009486}, 
   {11, 0.00007964509757217294}}, {1.1699370436599046*^-8, 
   0.8593074603727191}}}
