{8, 32, {{{-0.5237762850136816, 0, -0.0006425571454216453, 
    0.0006425571454216564}, {0, 0.9966564494188983, 0.00008810550243060829, 
    0.00008810550243054519}, {-0.000642557145421617, 0.00008810550243059214, 
    0.00001303785971900652, 0.0015611081775251893}, 
   {0.0006425571454216121, 0.00008810550243050865, 0.0015611081775251884, 
    0.000013037859719199942}}, {{-0.5237762850136816, 0.0006425571454216342, 
    0, -0.0006425571454216504}, {0.0006425571454216148, 
    0.000013037859719027337, 0.00008810550243060583, 0.0015611081775251364}, 
   {0, 0.00008810550243061474, 0.9966564494188983, 0.00008810550243058428}, 
   {-0.00064255714542161, 0.0015611081775252307, 0.00008810550243046182, 
    0.00001303785971928928}}, {{-0.5237762850136818, -0.0006425571454216066, 
    0.0006425571454216068, 0}, {-0.0006425571454215752, 
    0.000013037859718978764, 0.0015611081775252608, 0.00008810550243052473}, 
   {0.000642557145421573, 0.0015611081775251967, 0.000013037859718928457, 
    0.00008810550243048469}, {0, 0.00008810550243052692, 
    0.00008810550243056257, 0.9966564494188987}}}, 
 {{{0., 0.017662422536468596, 0.0176624225364686, 0.017662422536468603}, 
   {-0.017662422536468596, 0., -0.017303820767158935, 0.01730382076715887}, 
   {-0.0176624225364686, 0.017303820767158935, 0., -0.017303820767158862}, 
   {-0.017662422536468603, -0.01730382076715887, 0.017303820767158862, 0.}}, 
  {{0., 0.017662422536468596, 0.017662422536468596, 0.01766242253646863}, 
   {-0.017662422536468596, 0., -0.017303820767158862, 0.01730382076715898}, 
   {-0.017662422536468596, 0.017303820767158862, 0., -0.01730382076715897}, 
   {-0.01766242253646863, -0.01730382076715898, 0.01730382076715897, 0.}}}, 
 {0, 0}, {{-1.560280634136301, -1.5535503472283607}, 
  {-6.2983971576844215, -1.5670109210442411, -1.5821876577979697}, 
  {-1.5669425982309877, -1.5602123113230475}, {{2, 0.008451195422570855}, 
   {3, 0.003326505012661296}, {4, 0.0013111333535754388}, 
   {5, 0.0005170855308149133}, {6, 0.00020397787877790563}, 
   {7, 0.00008047219444515946}}, {{2, 0.07791681928623931}, 
   {3, 0.020583944289869434}, {4, 0.0010599142124486126}, 
   {5, 0.006232426051113342}, {6, 0.009049326384364448}, 
   {7, 0.010151545422754586}}, {2.6844297809330197*^-11, 0.9801056407697329}}}
