{7, 32, {{{-0.5246504683056674, 0, -0.0001293601122407001, 
    0.00012936011224068405}, {0, 0.999312469013147, 0.000021409497723892155, 
    0.000021409497723702908}, {-0.00012936011224067332, 
    0.00002140949772381324, -1.5815198030448563*^-6, 0.00031638024739932656}, 
   {0.00012936011224069495, 0.000021409497723638845, 0.0003163802473993979, 
    -1.5815198031862363*^-6}}, {{-0.5246504683056672, 0.00012936011224070465, 
    0, -0.0001293601122406833}, {0.00012936011224067785, 
    -1.5815198031029695*^-6, 0.000021409497723809695, 
    0.00031638024739930786}, {0, 0.000021409497723888306, 0.9993124690131465, 
    0.00002140949772373323}, {-0.00012936011224070327, 0.0003163802473994322, 
    0.000021409497723616385, -1.5815198031177147*^-6}}, 
  {{-0.5246504683056674, -0.00012936011224067636, 0.00012936011224065866, 0}, 
   {-0.0001293601122406202, -1.5815198033015954*^-6, 0.0003163802473994319, 
    0.00002140949772365304}, {0.00012936011224060545, 0.0003163802473995254, 
    -1.5815198033675149*^-6, 0.000021409497723627996}, 
   {0, 0.000021409497723698632, 0.000021409497723735444, 
    0.9993124690131474}}}, 
 {{{0., 0.007918665395814446, 0.007918665395814452, 0.007918665395814468}, 
   {-0.007918665395814446, 0., -0.007879081316639912, 0.007879081316639638}, 
   {-0.007918665395814452, 0.007879081316639912, 0., -0.007879081316639613}, 
   {-0.007918665395814468, -0.007879081316639638, 0.007879081316639613, 0.}}, 
  {{0., 0.007918665395814456, 0.007918665395814442, 0.007918665395814484}, 
   {-0.007918665395814456, 0., -0.007879081316639877, 0.007879081316639659}, 
   {-0.007918665395814442, 0.007879081316639877, 0., -0.007879081316639638}, 
   {-0.007918665395814484, -0.007879081316639659, 0.007879081316639638, 
    0.}}}, {0, 0}, {{-1.5716858272599052, -1.5703142741805358}, 
  {-6.2984525056257565, -1.5730573803392733, -1.576168872473605}, 
  {-1.573053952257459, -1.5716823991780895}, {{2, 0.0037887417216625266}, 
   {3, 0.001484785953883766}, {4, 0.0005820321170112407}, 
   {5, 0.0002281810680837583}, {6, 0.00008946072880482506}}, 
  {{2, 0.08546536382187064}, {3, 0.027382530274319007}, 
   {4, 0.007653968749153681}, {5, 0.0003186243258093031}, 
   {6, 0.0024994160755711487}}, {2.392508536522419*^-13, 0.9958818980651983}}}
