{9, 32, {{{-0.5190226787871925, 0, -0.0036988785170143047, 
    0.003698878517014298}, {0, 0.9819127523989725, 0.0005331647333686213, 
    0.0005331647333685855}, {-0.0036988785170142735, 0.000533164733368566, 
    0.00008533116064881122, 0.008584644360616376}, 
   {0.0036988785170142756, 0.0005331647333685697, 0.008584644360616359, 
    0.00008533116064886152}}, {{-0.5190226787871927, 0.0036988785170142978, 
    0, -0.003698878517014293}, {0.003698878517014273, 0.00008533116064880037, 
    0.0005331647333685701, 0.008584644360616381}, 
   {0, 0.0005331647333686076, 0.9819127523989726, 0.0005331647333685942}, 
   {-0.003698878517014278, 0.008584644360616362, 0.0005331647333685608, 
    0.00008533116064884938}}, {{-0.5190226787871925, -0.0036988785170142353, 
    0.0036988785170142514, 0}, {-0.0036988785170142197, 
    0.00008533116064874963, 0.008584644360616359, 0.0005331647333686083}, 
   {0.003698878517014233, 0.00858464436061641, 0.00008533116064873836, 
    0.0005331647333685916}, {0, 0.0005331647333685153, 0.0005331647333685343, 
    0.9819127523989726}}}, 
 {{{0., 0.040912932141943345, 0.040912932141943345, 0.04091293214194338}, 
   {-0.040912932141943345, 0., -0.04038687967462369, 0.04038687967462354}, 
   {-0.040912932141943345, 0.04038687967462369, 0., -0.040386879674623524}, 
   {-0.04091293214194338, -0.04038687967462354, 0.040386879674623524, 0.}}, 
  {{0., 0.040912932141943345, 0.040912932141943345, 0.04091293214194344}, 
   {-0.040912932141943345, 0., -0.04038687967462357, 0.04038687967462379}, 
   {-0.040912932141943345, 0.04038687967462357, 0., -0.04038687967462378}, 
   {-0.04091293214194344, -0.04038687967462379, 0.04038687967462378, 0.}}}, 
 {0, 0}, {{-1.4984949267273806, -1.4630632881491508}, 
  {-6.2964759762722595, -1.5339265653056142, -1.6143114228305155}, 
  {-1.5336987779054012, -1.4982671393271714}, {{2, 0.019778420585555047}, 
   {3, 0.00799085054288566}, {4, 0.003256617502296333}, 
   {5, 0.0013324207933282928}, {6, 0.0005460591183964608}, 
   {7, 0.0002239438139790828}, {8, 0.00009186768020058578}}, 
  {{2, 0.08424885963419226}, {3, 0.02621387744994464}, 
   {4, 0.006129888036198972}, {5, 0.0015842716468864129}, 
   {6, 0.004666656947748966}, {7, 0.005917821510194219}, 
   {8, 0.006428926500484379}}, {4.3395210861270585*^-9, 0.8962669917653167}}}
