{9, 32, {{{-0.5228429887050139, 0, -0.001221566910075893, 
    0.0012215669100758874}, {0, 0.9937054778629881, 0.00018884656832992945, 
    0.00018884656832996968}, {-0.0012215669100758672, 0.00018884656832994908, 
    4.074264747296313*^-6, 0.0029318372295688974}, 
   {0.0012215669100758757, 0.0001888465683299263, 0.0029318372295689104, 
    4.074264747458076*^-6}}, {{-0.5228429887050138, 0.00122156691007591, 0, 
    -0.00122156691007589}, {0.0012215669100758735, 4.074264747377411*^-6, 
    0.00018884656832994815, 0.0029318372295689408}, 
   {0, 0.00018884656832992517, 0.9937054778629882, 0.00018884656832993598}, 
   {-0.0012215669100758804, 0.0029318372295688757, 0.00018884656832996257, 
    4.07426474727246*^-6}}, {{-0.5228429887050139, -0.0012215669100758683, 
    0.0012215669100758702, 0}, {-0.001221566910075819, 4.074264747238633*^-6, 
    0.002931837229568946, 0.00018884656832993265}, 
   {0.0012215669100758275, 0.002931837229568992, 4.0742647473834825*^-6, 
    0.0001888465683299763}, {0, 0.00018884656832994897, 
    0.00018884656832991723, 0.9937054778629884}}}, 
 {{{0., 0.02405122180943047, 0.02405122180943047, 0.024051221809430486}, 
   {-0.02405122180943047, 0., -0.023821777474802318, 0.023821777474802245}, 
   {-0.02405122180943047, 0.023821777474802318, 0., -0.023821777474802245}, 
   {-0.024051221809430486, -0.023821777474802245, 0.023821777474802245, 0.}}, 
  {{0., 0.024051221809430475, 0.024051221809430465, 0.024051221809430534}, 
   {-0.024051221809430475, 0., -0.023821777474802235, 0.023821777474802373}, 
   {-0.024051221809430465, 0.023821777474802235, 0., -0.023821777474802387}, 
   {-0.024051221809430534, -0.023821777474802373, 0.023821777474802387, 
    0.}}}, {0, 0}, {{-1.5478938281794536, -1.53539644673204}, 
  {-6.298222881841813, -1.5603912096268653, -1.5887202312940412}, 
  {-1.5603315982401036, -1.54783421679269}, {{2, 0.011526320809642696}, 
   {3, 0.004559513337130505}, {4, 0.0018083492214724106}, 
   {5, 0.0007180340318141409}, {6, 0.0002852420297843744}, 
   {7, 0.00011333523661627432}, {8, 0.000045034935091219086}}, 
  {{2, 0.08505982497075305}, {3, 0.02699466878954725}, 
   {4, 0.007162188763188766}, {5, 0.00028388559408903843}, 
   {6, 0.0031782008159133087}, {7, 0.004318382666203597}, 
   {8, 0.004769910161865835}}, {1.8274478017078524*^-10, 0.9628222178937125}}}
