{12, 32, {{{-0.523426393198856, 0, -0.0009436802890096824, 
    0.0009436802890096677}, {0, 0.994879271750972, 0.0002943077212228916, 
    0.0002943077212229429}, {-0.0009436802890096169, 0.0002943077212230194, 
    -0.0001575679982702893, 0.0022476527041950284}, 
   {0.0009436802890096603, 0.0002943077212228982, 0.0022476527041950132, 
    -0.00015756799827013057}}, {{-0.5234263931988559, 0.0009436802890096651, 
    0, -0.000943680289009664}, {0.000943680289009625, 
    -0.00015756799827024636, 0.00029430772122301696, 0.0022476527041950423}, 
   {0, 0.0002943077212229017, 0.994879271750972, 0.00029430772122290887}, 
   {-0.0009436802890096604, 0.0022476527041949677, 0.0002943077212229581, 
    -0.00015756799827021384}}, {{-0.5234263931988561, -0.000943680289009615, 
    0.0009436802890096201, 0}, {-0.0009436802890095635, 
    -0.00015756799827034915, 0.002247652704194987, 0.00029430772122291494}, 
   {0.0009436802890095495, 0.00224765270419501, -0.0001575679982702971, 
    0.0002943077212229574}, {0, 0.0002943077212229492, 
    0.00029430772122289374, 0.9948792717509722}}}, 
 {{{0., 0.040590512259002356, 0.04059051225900234, 0.04059051225900248}, 
   {-0.040590512259002356, 0., -0.04399765627174358, 0.043997656271743374}, 
   {-0.04059051225900234, 0.04399765627174358, 0., -0.04399765627174335}, 
   {-0.04059051225900248, -0.043997656271743374, 0.04399765627174335, 0.}}, 
  {{0., 0.04059051225900233, 0.04059051225900234, 0.04059051225900253}, 
   {-0.04059051225900233, 0., -0.04399765627174341, 0.04399765627174366}, 
   {-0.04059051225900234, 0.04399765627174341, 0., -0.043997656271743645}, 
   {-0.04059051225900253, -0.04399765627174366, 0.043997656271743645, 0.}}}, 
 {0, 0}, {{-1.5531200097915239, -1.5390590438839573}, 
  {-6.29872593019447, -1.5671809756990922, -1.5821819893981428}, 
  {-1.567771110352969, -1.5537101444454025}, {{2, 0.007331613453142968}, 
   {3, 0.00576837546563521}, {4, 0.004539507125712591}, 
   {5, 0.0035734191292542024}, {6, 0.0028137057018043643}, 
   {7, 0.0022160666832143835}, {8, 0.0017457525019483819}, 
   {9, 0.0013755100907404047}, {10, 0.0010839582349224386}, 
   {11, 0.0008543127519960378}}, {{2, 0.8174758972790366}, 
   {3, 0.4786810108699576}, {4, 0.3142869127429725}, 
   {5, 0.21939021277207377}, {6, 0.1590459966203726}, 
   {7, 0.11827725299610106}, {8, 0.08959219932893994}, 
   {9, 0.0688266679236646}, {10, 0.053481991085570155}, 
   {11, 0.04196970946068129}}, {7.25399505192107*^-9, 0.9696662831653587}}}
