{44, 40, {{{-0.5112429226228533, 0, -0.00878578085375366, 
    0.008785780853753616}, {0, 0.9606752309624829, 0.0005186157110531569, 
    0.0005186157110531752}, {-0.008785780853753606, 0.0005186157110530706, 
    0.0011298481466282245, 0.019643277549647745}, 
   {0.008785780853753606, 0.0005186157110530472, 0.019643277549647762, 
    0.0011298481466282969}}, {{-0.5112429226228533, 0.008785780853753661, 0, 
    -0.008785780853753618}, {0.008785780853753625, 0.0011298481466282227, 
    0.0005186157110530815, 0.019643277549647793}, 
   {0, 0.0005186157110531431, 0.960675230962483, 0.0005186157110531285}, 
   {-0.008785780853753618, 0.019643277549647717, 0.0005186157110530912, 
    0.0011298481466283095}}, {{-0.5112429226228534, -0.008785780853753576, 
    0.008785780853753573, 0}, {-0.008785780853753554, 0.001129848146628208, 
    0.019643277549647713, 0.0005186157110531192}, 
   {0.008785780853753544, 0.01964327754964777, 0.0011298481466281984, 
    0.0005186157110531452}, {0, 0.000518615711053065, 0.0005186157110530568, 
    0.9606752309624829}}}, 
 {{{0., 0.12530146180175294, 0.12530146180175294, 0.1253014618017534}, 
   {-0.12530146180175294, 0., -0.11756097880640594, 0.11756097880640541}, 
   {-0.12530146180175294, 0.11756097880640594, 0., -0.11756097880640537}, 
   {-0.1253014618017534, -0.11756097880640541, 0.11756097880640537, 0.}}, 
  {{0., 0.12530146180175294, 0.12530146180175294, 0.12530146180175356}, 
   {-0.12530146180175294, 0., -0.11756097880640556, 0.11756097880640602}, 
   {-0.12530146180175294, 0.11756097880640556, 0., -0.11756097880640601}, 
   {-0.12530146180175356, -0.11756097880640602, 0.11756097880640601, 0.}}}, 
 {0, 0}, {{-1.4120023582432588, -1.3034881091916135}, 
  {-6.288317171946139, -1.520516607294902, -1.6236419786781677}, 
  {-1.5171648798391364, -1.408650630787491}, {{2, 0.01859480725115306}, 
   {3, 0.015065880513887075}, {4, 0.012242599243705202}, 
   {5, 0.009980632405178644}, {6, 0.008162276992530831}, 
   {7, 0.006694522175557799}, {8, 0.005504784808643345}, 
   {9, 0.004536570457378847}, {10, 0.003745796646661567}, 
   {11, 0.003097892418586781}, {12, 0.0025655801576609655}, 
   {13, 0.002127199698463353}, {14, 0.0017654451668437654}, 
   {15, 0.0014664101294272203}, {16, 0.0012188615994985913}, 
   {17, 0.0010136840052591134}, {18, 0.0008434499339502466}, 
   {19, 0.0007020860636629822}, {20, 0.0005846111261232911}, 
   {21, 0.00048692883741774384}, {22, 0.0004056631367540392}, 
   {23, 0.0003380262651740268}, {24, 0.00028171254240780264}, 
   {25, 0.0002348124071327451}, {26, 0.0001957425483938846}, 
   {27, 0.00016318889751672228}, {28, 0.0001360599582516664}, 
   {29, 0.00011344849063124607}, {30, 0.0000945999758403121}, 
   {31, 0.00007888660751589893}, {32, 0.00006578580268176704}, 
   {33, 0.00005486242004484887}, {34, 0.00004575402721618271}, 
   {35, 0.00003815868089485086}, {36, 0.00003182478216443019}, 
   {37, 0.000026542648078164977}, {38, 0.000022137504674224484}, 
   {39, 0.000018463658565337493}, {40, 0.00001539964667823801}, 
   {41, 0.000012844198461592349}, {42, 0.000010712873402179968}, 
   {43, 8.935260166320624*^-6}}, {{2, 0.8592601555342099}, 
   {3, 0.49904523896761943}, {4, 0.324396004168332}, 
   {5, 0.22310906587228385}, {6, 0.15809402516977056}, 
   {7, 0.11355750045523128}, {8, 0.08164994155840109}, 
   {9, 0.05803631609694504}, {10, 0.04013125650517646}, 
   {11, 0.026299690265435733}, {12, 0.01545855535016949}, 
   {13, 0.00686311150337523}, {14, 0.000014714806375432978}, 
   {15, 0.00555905034304309}, {16, 0.010055359694412552}, 
   {17, 0.013719648505777258}, {18, 0.016717875798033233}, 
   {19, 0.019179205973679184}, {20, 0.021205271368086788}, 
   {21, 0.02287678412135785}, {22, 0.024258345864108844}, 
   {23, 0.02540200626282793}, {24, 0.026349936267516378}, 
   {25, 0.027136463876356737}, {26, 0.027789643416493596}, 
   {27, 0.028332478378774097}, {28, 0.028783883433286875}, 
   {29, 0.029159447632213332}, {30, 0.0294720443413173}, 
   {31, 0.029732321795266088}, {32, 0.029949099819317638}, 
   {33, 0.030129692189326436}, {34, 0.03028016963367791}, 
   {35, 0.030405575151668675}, {36, 0.03051010081379347}, 
   {37, 0.03059723329767658}, {38, 0.03066987394183027}, 
   {39, 0.03073043795588573}, {40, 0.030780936529509924}, 
   {41, 0.03082304487386768}, {42, 0.03085815866572291}, 
   {43, 0.030887440912676967}}, {2.6398494506467276*^-6, 0.786066993220676}}}
