{7, 32, {{{-0.5240752074074788, 0, -0.0002715015577212677, 
    0.0002715015577213451}, {0, 0.9987151590814606, -0.00022298842086129712, 
    -0.00022298842086156527}, {-0.00027150155772125736, 
    -0.00022298842086143096, 0.0002944762559224305, 0.0008423764986873633}, 
   {0.0002715015577212434, -0.00022298842086166683, 0.0008423764986871677, 
    0.0002944762559223355}}, {{-0.5240752074074789, 0.0002715015577212721, 0, 
    -0.0002715015577213518}, {0.00027150155772128967, 0.0002944762559222453, 
    -0.00022298842086142205, 0.0008423764986874357}, 
   {0, -0.00022298842086130295, 0.9987151590814609, -0.00022298842086151813}, 
   {-0.00027150155772127406, 0.0008423764986873289, -0.0002229884208616639, 
    0.00029447625592227133}}, {{-0.5240752074074795, -0.0002715015577212588, 
    0.0002715015577213002, 0}, {-0.0002715015577212703, 
    0.0002944762559220831, 0.0008423764986872019, -0.00022298842086167117}, 
   {0.0002715015577212815, 0.0008423764986875153, 0.00029447625592202153, 
    -0.00022298842086166038}, {0, -0.0002229884208615621, 
    -0.00022298842086180876, 0.9987151590814616}}}, 
 {{{0., 0.03010798130294662, 0.030107981302946618, 0.030107981302946618}, 
   {-0.03010798130294662, 0., -0.01723613547876994, 0.017236135478769492}, 
   {-0.030107981302946618, 0.01723613547876994, 0., -0.01723613547876958}, 
   {-0.030107981302946618, -0.017236135478769492, 0.01723613547876958, 0.}}, 
  {{0., 0.030107981302946563, 0.030107981302946576, 0.030107981302946712}, 
   {-0.030107981302946563, 0., -0.017236135478769822, 0.01723613547876964}, 
   {-0.030107981302946576, 0.017236135478769822, 0., -0.017236135478769826}, 
   {-0.030107981302946712, -0.01723613547876964, 0.017236135478769826, 0.}}}, 
 {0, 0}, {{-1.567710178691243, -1.5624953233582382}, 
  {-6.299372602943405, -1.5729250340242462, -1.5767612674474565}, 
  {-1.5718102994765135, -1.5665954441435086}, {{2, 0.006644657545515999}, 
   {3, 0.005205386339624319}, {4, 0.004078510035368688}, 
   {5, 0.003196196949024205}, {6, 0.0025052395220203465}}, 
  {{2, 0.06861695233659013}, {3, 0.0767559039096736}, {4, 0.147273621628708}, 
   {5, 0.18794012592746914}, {6, 0.21376135607798377}}, 
  {2.6220404928093266*^-11, 0.9923156743516887}}}
