{3, 28, {{{-0.5248754471099786, 0, -5.620238612546408*^-9, 
    5.620238622840865*^-9}, {0, 0.9999999474340567, -2.5385223659732744*^-8, 
    -2.5385223552470014*^-8}, {-5.620238616681829*^-9, 
    -2.5385223317518873*^-8, 3.042593913447911*^-8, 5.0036541679003345*^-8}, 
   {5.620238620957873*^-9, -2.5385223501617918*^-8, 5.003654170702173*^-8, 
    3.0425939047742934*^-8}}, {{-0.5248754471099786, 5.620238616137111*^-9, 
    0, -5.620238623140816*^-9}, {5.6202386191420165*^-9, 
    3.0425939203868047*^-8, -2.5385223318155852*^-8, 5.003654167096054*^-8}, 
   {0, -2.5385223661027834*^-8, 0.9999999474340568, -2.538522352421001*^-8}, 
   {-5.620238619048727*^-9, 5.003654177410889*^-8, -2.53852235375642*^-8, 
    3.042593904600821*^-8}}, {{-0.5248754471099786, -5.620238613343802*^-9, 
    5.620238615368719*^-9, 0}, {-5.6202386089733214*^-9, 
    3.0425939138815916*^-8, 5.0036541830281384*^-8, -2.5385223502659427*^-8}, 
   {5.620238614688029*^-9, 5.0036541529190216*^-8, 3.042593910151936*^-8, 
    -2.53852235397879*^-8}, {0, -2.5385223551667222*^-8, 
    -2.5385223518878256*^-8, 0.999999947434057}}}, 
 {{{0., 0.0001266936599832424, 0.0001266936599832358, 
    0.00012669365998323792}, {-0.0001266936599832424, 0., 
    -0.000021483903612846248, 0.000021483903612938243}, 
   {-0.0001266936599832358, 0.000021483903612846248, 0., 
    -0.000021483903612865865}, {-0.00012669365998323792, 
    -0.000021483903612938243, 0.000021483903612865865, 0.}}, 
  {{0., 0.0001266936599832506, 0.00012669365998323976, 
    0.00012669365998323827}, {-0.0001266936599832506, 0., 
    -0.000021483903612746464, 0.000021483903612942708}, 
   {-0.00012669365998323976, 0.000021483903612746464, 0., 
    -0.000021483903612865916}, {-0.00012669365998323827, 
    -0.000021483903612942708, 0.000021483903612865916, 0.}}}, {0, 0}, 
 {{-1.574621917914947, -1.5746175291178244}, {-6.29863447999585, 
   -1.5746263067120676, -1.5746909332858574}, {-1.5746244844256339, 
   -1.5746200956285112}, {{2, 1.7288487067813885*^-7}}, 
  {{2, 1.66085274329103}}, {9.832844508808155*^-29, 0.9999996846043826}}}
