{3, 32, {{{-0.5129748098350984, 0, -0.008111249047916196, 
    0.008111249047916153}, {0, 0.9620842245664315, 0.0013875013854898807, 
    0.0013875013854899605}, {-0.008111249047916137, 0.001387501385489846, 
    0.00008566368625966816, 0.018182016717412992}, 
   {0.008111249047916129, 0.00138750138548983, 0.018182016717412937, 
    0.00008566368625964604}}, {{-0.5129748098350984, 0.008111249047916193, 0, 
    -0.008111249047916153}, {0.008111249047916137, 0.00008566368625968247, 
    0.0013875013854898494, 0.018182016717413027}, 
   {0, 0.001387501385489865, 0.9620842245664312, 0.0013875013854899327}, 
   {-0.008111249047916132, 0.018182016717412916, 0.0013875013854898588, 
    0.00008566368625964604}}, {{-0.5129748098350985, -0.008111249047916129, 
    0.008111249047916144, 0}, {-0.008111249047916103, 0.00008566368625963737, 
    0.01818201671741302, 0.001387501385489895}, {0.008111249047916096, 
    0.018182016717413072, 0.00008566368625961829, 0.0013875013854899145}, 
   {0, 0.0013875013854898516, 0.0013875013854898486, 0.9620842245664312}}}, 
 {{{0., 0.058528644441720235, 0.05852864444172021, 0.05852864444172025}, 
   {-0.058528644441720235, 0., -0.05891701059087249, 0.05891701059087216}, 
   {-0.05852864444172021, 0.05891701059087249, 0., -0.05891701059087219}, 
   {-0.05852864444172025, -0.05891701059087216, 0.05891701059087219, 0.}}, 
  {{0., 0.0585286444417202, 0.05852864444172016, 0.05852864444172033}, 
   {-0.0585286444417202, 0., -0.05891701059087225, 0.05891701059087251}, 
   {-0.05852864444172016, 0.05891701059087225, 0., -0.05891701059087252}, 
   {-0.05852864444172033, -0.05891701059087251, 0.05891701059087252, 0.}}}, 
 {0, 0}, {{-1.4198895129776614, -1.3489273028678261}, 
  {-6.289454665568724, -1.4908517230874954, -1.6538756096968665}, 
  {-1.4910871575532916, -1.4201249474434565}, {{2, 0.00007188916926274824}}, 
  {{2, 0.003317744267414559}}, {4.182579625281255*^-8, 0.7930098123258087}}}
{10, 32, {{{-0.5129984113709358, 0, -0.008100479894420077, 
    0.008100479894420056}, {0, 0.9621137381757141, 0.0013966205927670844, 
    0.0013966205927671074}, {-0.008100479894420028, 0.0013966205927669652, 
    0.00007382343530004708, 0.018158704732302574}, 
   {0.008100479894420042, 0.001396620592767032, 0.01815870473230255, 
    0.0000738234353000293}}, {{-0.5129984113709357, 0.008100479894420072, 0, 
    -0.008100479894420051}, {0.008100479894420027, 0.00007382343530007137, 
    0.0013966205927669873, 0.018158704732302553}, 
   {0, 0.001396620592767068, 0.9621137381757142, 0.0013966205927670935}, 
   {-0.008100479894420044, 0.018158704732302532, 0.0013966205927670276, 
    0.00007382343529999114}}, {{-0.5129984113709357, -0.008100479894420025, 
    0.008100479894420021, 0}, {-0.008100479894419983, 0.00007382343530001802, 
    0.018158704732302543, 0.0013966205927670962}, 
   {0.008100479894419985, 0.01815870473230255, 0.00007382343530001889, 
    0.0013966205927670727}, {0, 0.0013966205927669977, 0.0013966205927670255, 
    0.9621137381757141}}}, 
 {{{0., 0.05847031366435973, 0.05847031366435972, 0.05847031366435978}, 
   {-0.05847031366435973, 0., -0.05890766571070726, 0.05890766571070696}, 
   {-0.05847031366435972, 0.05890766571070726, 0., -0.05890766571070696}, 
   {-0.05847031366435978, -0.05890766571070696, 0.05890766571070696, 0.}}, 
  {{0., 0.05847031366435973, 0.058470313664359744, 0.05847031366435988}, 
   {-0.05847031366435973, 0., -0.058907665710707074, 0.05890766571070728}, 
   {-0.058470313664359744, 0.058907665710707074, 0., -0.05890766571070728}, 
   {-0.05847031366435988, -0.05890766571070728, 0.05890766571070728, 0.}}}, 
 {0, 0}, {{-1.4200533026660973, -1.3491618148652846}, 
  {-6.289599851275672, -1.4909447904669073, -1.6538551351709287}, 
  {-1.491209921054683, -1.4203184332538703}, {{2, 0.02858021982244424}, 
   {3, 0.01198067373545858}, {4, 0.005127203296731123}, 
   {5, 0.00221559674956541}, {6, 0.0009615910613540307}, 
   {7, 0.00041814095697330356}, {8, 0.00018197821642634837}, 
   {9, 0.00007922735106483114}}, {{2, 0.09935034914538245}, 
   {3, 0.0394909783461527}, {4, 0.018273951312968155}, 
   {5, 0.009784204287884365}, {6, 0.006217822642444229}, 
   {7, 0.004688642392173437}, {8, 0.004027171293914439}, 
   {9, 0.0037399495482265455}}, {4.178600786940571*^-8, 0.7931557852635723}}}
