{12, 32, {{{-0.523391293844607, 0, -0.000952703653428958, 
    0.0009527036534289397}, {0, 0.9948720769943564, 0.0002720371774688346, 
    0.0002720371774688542}, {-0.0009527036534289246, 0.0002720371774689019, 
    -0.0001321243462596047, 0.002272254595353614}, 
   {0.0009527036534289314, 0.0002720371774687902, 0.0022722545953535686, 
    -0.0001321243462593701}}, {{-0.523391293844607, 0.000952703653428955, 0, 
    -0.0009527036534289421}, {0.000952703653428918, -0.00013212434625957392, 
    0.0002720371774689019, 0.0022722545953536115}, 
   {0, 0.0002720371774688437, 0.9948720769943564, 0.0002720371774688409}, 
   {-0.0009527036534289258, 0.0022722545953535365, 0.0002720371774687924, 
    -0.0001321243462593935}}, {{-0.523391293844607, -0.0009527036534289394, 
    0.0009527036534289179, 0}, {-0.0009527036534288882, 
    -0.00013212434625959214, 0.002272254595353589, 0.00027203717746880033}, 
   {0.0009527036534288876, 0.002272254595353647, -0.00013212434625950453, 
    0.000272037177468809}, {0, 0.00027203717746884234, 0.0002720371774688222, 
    0.9948720769943565}}}, 
 {{{0., 0.041080807728299445, 0.04108080772829944, 0.04108080772829957}, 
   {-0.041080807728299445, 0., -0.043864663181768695, 0.043864663181768404}, 
   {-0.04108080772829944, 0.043864663181768695, 0., -0.043864663181768404}, 
   {-0.04108080772829957, -0.043864663181768404, 0.043864663181768404, 0.}}, 
  {{0., 0.04108080772829942, 0.04108080772829941, 0.04108080772829962}, 
   {-0.04108080772829942, 0., -0.04386466318176846, 0.043864663181768695}, 
   {-0.04108080772829941, 0.04386466318176846, 0., -0.04386466318176866}, 
   {-0.04108080772829962, -0.043864663181768695, 0.04386466318176866, 0.}}}, 
 {0, 0}, {{-1.552954239814397, -1.5387234305741164}, 
  {-6.298733870074766, -1.5671850490546717, -1.5821818859827115}, 
  {-1.5676672269633072, -1.5534364177230267}, {{2, 0.007420454296960335}, 
   {3, 0.005838062230093206}, {4, 0.004594205889874858}, 
   {5, 0.003616387829718487}, {6, 0.0028474868305777418}, 
   {7, 0.002242644232080683}, {8, 0.0017666760245530766}, 
   {9, 0.0013919914036856218}, {10, 0.0010969463539443614}, 
   {11, 0.0008645518765256696}}, {{2, 0.7975759688283093}, 
   {3, 0.4639314973850717}, {4, 0.3020404224203857}, 
   {5, 0.20859080632973695}, {6, 0.14916800054784943}, 
   {7, 0.10902242204786974}, {8, 0.08077617089550693}, 
   {9, 0.060328458641370375}, {10, 0.0452186995098981}, 
   {11, 0.0338826766976072}}, {7.12342397535241*^-9, 0.9696242093963695}}}
