{11, 40, {{{-0.5240569887139341, 0, -0.00048821141889189806, 
    0.0004882114188918921}, {0, 0.9974166264008216, 0.00009090042423383734, 
    0.00009090042423370712}, {-0.0004882114188918641, 0.00009090042423389507, 
    -0.000016256835485945267, 0.001182857149478132}, 
   {0.0004882114188918781, 0.00009090042423380308, 0.0011828571494779357, 
    -0.00001625683548563215}}, {{-0.5240569887139341, 0.00048821141889186434, 
    0, -0.00048821141889188207}, {0.00048821141889184504, 
    -0.00001625683548590537, 0.00009090042423389656, 0.0011828571494779674}, 
   {0, 0.00009090042423384197, 0.9974166264008217, 0.0000909004242337988}, 
   {-0.00048821141889186526, 0.0011828571494780183, 0.00009090042423369632, 
    -0.00001625683548570067}}, 
  {{-0.5240569887139344, -0.00048821141889183507, 0.0004882114188918598, 0}, 
   {-0.00048821141889180065, -0.00001625683548592662, 0.0011828571494781979, 
    0.00009090042423381617}, {0.0004882114188918104, 0.001182857149477951, 
    -0.000016256835485922716, 0.00009090042423370677}, 
   {0, 0.00009090042423369002, 0.00009090042423378573, 0.9974166264008222}}}, 
 {{{0., 0.03042725484693066, 0.030427254846930638, 0.030427254846930787}, 
   {-0.03042725484693066, 0., -0.030656258522248462, 0.03065625852224834}, 
   {-0.030427254846930638, 0.030656258522248462, 0., -0.030656258522248337}, 
   {-0.030427254846930787, -0.03065625852224834, 0.030656258522248337, 0.}}, 
  {{0., 0.030427254846930634, 0.030427254846930644, 0.030427254846930832}, 
   {-0.030427254846930634, 0., -0.030656258522248358, 0.03065625852224854}, 
   {-0.030427254846930644, 0.030656258522248358, 0., -0.030656258522248483}, 
   {-0.030427254846930832, -0.03065625852224854, 0.030656258522248483, 0.}}}, 
 {0, 0}, {{-1.5635086975008758, -1.5561304803147147}, 
  {-6.2983922222206, -1.570886914687038, -1.578309196423262}, 
  {-1.570914679907092, -1.563536462720931}, {{2, 0.0000678201532501796}, 
   {3, 0.00005327750836318923}, {4, 0.000041853421800113616}, 
   {5, 0.00003287907871113091}, {6, 0.000025829117734927493}, 
   {7, 0.000020290861984954833}, {8, 0.000015940142615369912}, 
   {9, 0.000012522312060291724}, {10, 9.837331907583402*^-6}}, 
  {{2, 0.007280676734314045}, {3, 0.00639381713651523}, 
   {4, 0.0056993192028818975}, {5, 0.005155086891496475}, 
   {6, 0.004728379217514355}, {7, 0.004393676621614518}, 
   {8, 0.004131054774020962}, {9, 0.0039249372393594245}, 
   {10, 0.003763134013728177}}, {8.300703453162141*^-10, 0.984599521540269}}}
