{5, 40, {{{-0.5248531584877784, 0, -9.583528141350284*^-6, 
    9.58352814137486*^-6}, {0, 0.9999480682564612, 2.1736536092932866*^-6, 
    2.1736536084477428*^-6}, {-9.583528141357358*^-6, 2.1736536079257765*^-6, 
    -7.573232301593194*^-7, 0.00002333543970040337}, 
   {9.583528141392436*^-6, 2.1736536085143983*^-6, 0.000023335439700911216, 
    -7.573232299095192*^-7}}, {{-0.5248531584877787, 9.58352814138486*^-6, 0, 
    -9.583528141372752*^-6}, {9.583528141349*^-6, -7.573232301263597*^-7, 
    2.1736536079250315*^-6, 0.000023335439700735057}, 
   {0, 2.173653609296618*^-6, 0.9999480682564609, 2.1736536081928837*^-6}, 
   {-9.58352814138433*^-6, 0.00002333543970074848, 2.1736536087718337*^-6, 
    -7.573232301549826*^-7}}, {{-0.5248531584877787, -9.583528141363735*^-6, 
    9.583528141356669*^-6, 0}, {-9.58352814130386*^-6, 
    -7.573232302282747*^-7, 0.000023335439700164228, 2.173653608528778*^-6}, 
   {9.58352814133596*^-6, 0.000023335439701113626, -7.573232300717159*^-7, 
    2.173653608775227*^-6}, {0, 2.1736536084550095*^-6, 
    2.1736536081867296*^-6, 0.9999480682564612}}}, 
 {{{0., 0.0042440652507521525, 0.004244065250752134, 0.004244065250752133}, 
   {-0.0042440652507521525, 0., -0.004371303848335985, 0.004371303848333414}, 
   {-0.004244065250752134, 0.004371303848335985, 0., -0.004371303848333356}, 
   {-0.004244065250752133, -0.004371303848333414, 0.004371303848333356, 0.}}, 
  {{0., 0.004244065250752134, 0.004244065250752126, 0.004244065250752207}, 
   {-0.004244065250752134, 0., -0.004371303848335736, 0.004371303848333407}, 
   {-0.004244065250752126, 0.004371303848335736, 0., -0.004371303848333413}, 
   {-0.004244065250752207, -0.004371303848333407, 0.004371303848333413, 
    0.}}}, {0, 0}, {{-1.5743847233811274, -1.5742377046482283}, 
  {-6.29842801216033, -1.5745317421140272, -1.5746822639661378}, 
  {-1.5745339459511831, -1.574386927218284}, {{2, 0.000014229577199847965}, 
   {3, 0.000011141566833349457}, {4, 8.723697528886624*^-6}}, 
  {{2, 0.01741171825888297}, {3, 0.016050784225248787}, 
   {4, 0.01499017923434624}}, {6.9769557971879874*^-15, 0.9996884499895555}}}
