{3, 20, {{{-0.5248736909865505, 0, -5.017385604690491*^-6, 
    5.017385605491252*^-6}, {0, 0.9999708631495091, 7.059351570447486*^-7, 
    7.059351570760854*^-7}, {-5.01738560524945*^-6, 7.059351578534211*^-7, 
    2.0662773367145781*^-7, 0.00011748966722522703}, 
   {5.01738560448991*^-6, 7.059351558591938*^-7, 0.0001174896672232, 
    2.0662773163489245*^-7}}, {{-0.524873690986551, 5.017385604634682*^-6, 0, 
    -5.017385605518249*^-6}, {5.017385605280393*^-6, 2.0662773339216733*^-7, 
    7.059351578994828*^-7, 0.00011748966722511244}, 
   {0, 7.059351569987818*^-7, 0.9999708631495097, 7.059351561194947*^-7}, 
   {-5.017385604461848*^-6, 0.00011748966722292058, 7.05935156776326*^-7, 
    2.0662773148050206*^-7}}, {{-0.5248736909865525, -5.017385604730086*^-6, 
    5.017385604778064*^-6, 0}, {-5.017385605076235*^-6, 
    2.066277328058308*^-7, 0.00011748966722351488, 7.059351562829305*^-7}, 
   {5.017385605016964*^-6, 0.00011748966722109673, 2.0662773092539055*^-7, 
    7.059351573197664*^-7}, {0, 7.059351569264926*^-7, 7.059351559254024*^-7, 
    0.9999708631495097}}}, 
 {{{0., 0.0033096656904525222, 0.0033096656904524, 0.003309665690453719}, 
   {-0.0033096656904525222, 0., -0.0032232152552784466, 
    0.0032232152552757846}, {-0.0033096656904524, 0.0032232152552784466, 0., 
    -0.0032232152552762964}, {-0.003309665690453719, -0.0032232152552757846, 
    0.0032232152552762964, 0.}}, {{0., 0.0033096656904525444, 
    0.00330966569045235, 0.003309665690453631}, {-0.0033096656904525444, 0., 
    -0.0032232152552782215, 0.0032232152552762144}, 
   {-0.00330966569045235, 0.0032232152552782215, 0., -0.003223215255276378}, 
   {-0.003309665690453631, -0.0032232152552762144, 0.003223215255276378, 
    0.}}}, {0, 0}, {{-1.5745965901035555, -1.5745851250852918}, 
  {-0.7873253406762832, -0.39367581760751486, 0.00001314726937323707}, 
  {-1.5746079053852733, -1.5745964403670096}, {{2, 0.00004234198098757979}}, 
  {{2, 0.00008645043517597092}}, {1.1213362427917208*^-15, 
   0.9998251916309029}}}
