{9, 28, {{{-0.5188155157859435, 0, -0.0037151357744561455, 
    0.003715135774456137}, {0, 0.9820703376667292, 0.00034696197112976993, 
    0.00034696197112975887}, {-0.0037151357744560935, 0.00034696197112964763, 
    0.000288065636846988, 0.008672115616950755}, 
   {0.003715135774456123, 0.0003469619711296819, 0.008672115616950755, 
    0.0002880656368470392}}, {{-0.5188155157859433, 0.003715135774456145, 0, 
    -0.003715135774456137}, {0.0037151357744561065, 0.00028806563684695766, 
    0.0003469619711296535, 0.008672115616950749}, 
   {0, 0.0003469619711297641, 0.982070337666729, 0.00034696197112978126}, 
   {-0.0037151357744561225, 0.008672115616950797, 0.00034696197112964275, 
    0.0002880656368469958}}, {{-0.5188155157859433, -0.0037151357744561147, 
    0.0037151357744561013, 0}, {-0.0037151357744560935, 
    0.0002880656368469559, 0.008672115616950814, 0.00034696197112974976}, 
   {0.0037151357744560766, 0.008672115616950788, 0.0002880656368469958, 
    0.0003469619711297142}, {0, 0.00034696197112966585, 
    0.00034696197112972504, 0.9820703376667291}}}, 
 {{{0., 0.04164245840400056, 0.04164245840400055, 0.041642458404000604}, 
   {-0.04164245840400056, 0., -0.0398502196612318, 0.03985021966123159}, 
   {-0.04164245840400055, 0.0398502196612318, 0., -0.039850219661231596}, 
   {-0.041642458404000604, -0.03985021966123159, 0.039850219661231596, 0.}}, 
  {{0., 0.04164245840400055, 0.04164245840400055, 0.041642458404000646}, 
   {-0.04164245840400055, 0., -0.03985021966123164, 0.039850219661231825}, 
   {-0.04164245840400055, 0.03985021966123164, 0., -0.039850219661231825}, 
   {-0.041642458404000646, -0.039850219661231825, 0.039850219661231825, 
    0.}}}, {0, 0}, {{-1.4976788424958036, -1.4616154156419037}, 
  {-6.296527231536759, -1.5337422693497058, -1.6145213464186736}, 
  {-1.5329662072092627, -1.4969027803553627}, {{2, 0.02011705608438613}, 
   {3, 0.00812637226089169}, {4, 0.003312141921490555}, 
   {5, 0.0013554092069523183}, {6, 0.0005556179132421429}, 
   {7, 0.00022792495729805073}, {8, 0.00009352665855950903}}, 
  {{2, 0.06608258252312973}, {3, 0.01001323206537778}, 
   {4, 0.009386444987090157}, {5, 0.016838160578422003}, 
   {6, 0.019816214297270433}, {7, 0.02102531599613579}, 
   {8, 0.02151936762932186}}, {4.004832142228072*^-9, 0.8971303789861111}}}
