{9, 28, {{{-0.522772375987909, 0, -0.0012265749679134957, 
    0.0012265749679134987}, {0, 0.9937639907227256, 0.00012262263857218956, 
    0.00012262263857217763}, {-0.001226574967913457, 0.00012262263857206108, 
    0.00007675756471784909, 0.0029649004702989737}, 
   {0.0012265749679134627, 0.00012262263857214966, 0.0029649004702989954, 
    0.00007675756471796878}}, {{-0.522772375987909, 0.0012265749679134773, 0, 
    -0.0012265749679134955}, {0.0012265749679134454, 0.00007675756471780572, 
    0.00012262263857205306, 0.0029649004702989707}, 
   {0, 0.00012262263857219655, 0.9937639907227254, 0.00012262263857218685}, 
   {-0.0012265749679134664, 0.002964900470299008, 0.00012262263857214307, 
    0.00007675756471789419}}, {{-0.5227723759879092, -0.001226574967913458, 
    0.0012265749679134697, 0}, {-0.0012265749679134246, 
    0.00007675756471777016, 0.0029649004702990197, 0.00012262263857215904}, 
   {0.0012265749679134256, 0.002964900470298977, 0.00007675756471781092, 
    0.00012262263857214963}, {0, 0.0001226226385721623, 
    0.0001226226385721563, 0.9937639907227256}}}, 
 {{{0., 0.02449259746653286, 0.024492597466532852, 0.02449259746653287}, 
   {-0.02449259746653286, 0., -0.02349443888504619, 0.023494438885046137}, 
   {-0.024492597466532852, 0.02349443888504619, 0., -0.023494438885046123}, 
   {-0.02449259746653287, -0.023494438885046137, 0.023494438885046123, 0.}}, 
  {{0., 0.024492597466532838, 0.024492597466532852, 0.024492597466532914}, 
   {-0.024492597466532838, 0., -0.023494438885046112, 0.023494438885046275}, 
   {-0.024492597466532852, 0.023494438885046112, 0., -0.023494438885046272}, 
   {-0.024492597466532914, -0.023494438885046275, 0.023494438885046272, 
    0.}}}, {0, 0}, {{-1.5476100228295995, -1.534883295863189}, 
  {-6.298281426862307, -1.56033674979601, -1.5888039636351434}, 
  {-1.5600774205894379, -1.5473506936230275}, {{2, 0.01173469366831462}, 
   {3, 0.00464159201827153}, {4, 0.0018409285428971148}, 
   {5, 0.0007310089805908498}, {6, 0.00029041646519190056}, 
   {7, 0.00011539992410734834}, {8, 0.0000458589480052396}}, 
  {{2, 0.06651413973765895}, {3, 0.010347564094295911}, 
   {4, 0.008835092301562087}, {5, 0.016037285969485084}, 
   {6, 0.018836947602620516}, {7, 0.019939916604062493}, 
   {8, 0.020376740009927116}}, {1.681862408329405*^-10, 0.9631624340442598}}}
