{3, 20, {{{-0.5248567750047032, 0, -0.000013806974432825563, 
    0.000013806974431893945}, {0, 0.9999167557710459, 2.6644638310209855*^-6, 
    2.6644638289971985*^-6}, {-0.0000138069744323149, 2.6644638277120047*^-6, 
    -5.36221100794123*^-7, 0.00018098103106313048}, 
   {0.000013806974433023086, 2.6644638284798854*^-6, 0.00018098103105705703, 
    -5.362211000165332*^-7}}, {{-0.5248567750047032, 0.00001380697443301755, 
    0, -0.000013806974431880772}, {0.000013806974432055029, 
    -5.362210993191743*^-7, 2.66446382766044*^-6, 0.0001809810310600929}, 
   {0, 2.6644638311394456*^-6, 0.9999167557710459, 2.6644638290012448*^-6}, 
   {-0.00001380697443306436, 0.0001809810310611578, 2.6644638285468645*^-6, 
    -5.36221101669291*^-7}}, {{-0.5248567750047056, -0.0000138069744324954, 
    0.000013806974432731625, 0}, {-0.000013806974432336476, 
    -5.362210998421935*^-7, 0.00018098103106141118, 2.66446382877171*^-6}, 
   {0.000013806974432279308, 0.0001809810310520336, -5.362210991066707*^-7, 
    2.6644638287525843*^-6}, {0, 2.66446382904192*^-6, 2.664463829032135*^-6, 
    0.9999167557710467}}}, 
 {{{0, 0.005497568806910575, 0.005497568806910562, 0.005497568806910689}, 
   {-0.005497568806910575, 0, -0.005486292884643191, 0.0054862928846426615}, 
   {-0.005497568806910562, 0.005486292884643191, 0, -0.0054862928846417655}, 
   {-0.005497568806910689, -0.0054862928846426615, 0.0054862928846417655, 
    0}}, {{0, 0.005497568806910531, 0.005497568806910569, 
    0.0054975688069107366}, {-0.005497568806910531, 0, -0.005486292884643022, 
    0.005486292884642087}, {-0.005497568806910569, 0.005486292884643022, 0, 
    -0.005486292884641699}, {-0.0054975688069107366, -0.005486292884642087, 
    0.005486292884641699, 0}}}, {0, 0}, 
 {{-1.573863376115416, -1.5731968313209979}, {-6.298604328961833, 
   -1.57480128459453, -1.5745008798863864}, {-1.5745292373433737, 
   -1.5738626925489556}, {{2, 0.00015489855144668226}}, 
  {{2, 0.000011275922268206076}}, {2.7269296350262292*^-14, 
   0.9995006385587655}}}
{3, 20, {{{-1.5526608470461497*^-7, 0, 0, 0}, {0, 1.5591301490643672*^-7, 
    -3.2171353887674267*^-10, -3.2351252239187924*^-10}, 
   {0, -3.2171354340153984*^-10, -3.235328800453639*^-10, 
    1.5591297048741126*^-7}, {0, -3.235125122070101*^-10, 
    1.559129704881503*^-7, -3.217358586012369*^-10}}, 
  {{-1.552660847112948*^-7, 0, 0, 0}, {0, -3.2353288486223896*^-10, 
    -3.2171353960248163*^-10, 1.5591297048898026*^-7}, 
   {0, -3.2171355328696586*^-10, 1.559130149208604*^-7, 
    -3.2351251964460217*^-10}, {0, 1.5591297049649305*^-7, 
    -3.2351252626237556*^-10, -3.217358597088107*^-10}}, 
  {{-1.552659834128112*^-7, 0, 0, 0}, {0, -3.227106316200398*^-10, 
    1.559130536874301*^-7, -3.227581211323533*^-10}, 
   {0, 1.5591305370384058*^-7, -3.227106312730944*^-10, 
    -3.227581073933509*^-10}, {0, -3.2275812075072196*^-10, 
    -3.2275812238136213*^-10, 1.5591295524610553*^-7}}}, 
 {{{0, 0.5773502691895913, 0.5773502691895974, 0.5773502691896262}, 
   {-0.5773502691895913, 0, -0.5773502691896264, 0.577350269189597}, 
   {-0.5773502691895974, 0.5773502691896264, 0, -0.5773502691895909}, 
   {-0.5773502691896262, -0.577350269189597, 0.5773502691895909, 0}}, 
  {{0, 0.5773502691895893, 0.5773502691895993, 0.5773502691896264}, 
   {-0.5773502691895893, 0, -0.5773502691896262, 0.5773502691895989}, 
   {-0.5773502691895993, 0.5773502691896262, 0, -0.577350269189589}, 
   {-0.5773502691896264, -0.5773502691895989, 0.577350269189589, 0}}}, 
 {0, 0}, {{-0.930000000000003, -0.8600000000000056}, 
  {-2.069999999999947, -0.999999999999964, -0.03500000000000947}, 
  {-1.0000000000000004, -0.930000000000003}, {{2, 1.6684634875956804*^-7}}, 
  {{2, 3.515706244646329*^-16}}, {0.03703703703702893, 
   1.436461152406199*^-41}}}
