{3, 20, {{{0, 0, 0, 0}, {0, 0, 0, 0}, {0, 0, 0, 0}, {0, 0, 0, 0}}, 
  {{0, 0, 0, 0}, {0, 0, 0, 0}, {0, 0, 0, 0}, {0, 0, 0, 0}}, 
  {{0, 0, 0, 0}, {0, 0, 0, 0}, {0, 0, 0, 0}, {0, 0, 0, 0}}}, 
 {{{0, 0.5773502691896308, 0.5773502691896308, 0.5773502691896163}, 
   {-0.5773502691896308, 0, -0.5773502691896358, 0.5773502691896208}, 
   {-0.5773502691896308, 0.5773502691896358, 0, -0.5773502691896208}, 
   {-0.5773502691896163, -0.5773502691896208, 0.5773502691896208, 0}}, 
  {{0, 0.5773502691896322, 0.5773502691896325, 0.5773502691896126}, 
   {-0.5773502691896322, 0, -0.5773502691896387, 0.5773502691896195}, 
   {-0.5773502691896325, 0.5773502691896387, 0, -0.5773502691896195}, 
   {-0.5773502691896126, -0.5773502691896195, 0.5773502691896195, 0}}}, 
 {0, 0}, {{-0.48000000000000015, 0.04000000000000007}, 
  {-2.5200000000000156, -4.000000000000002, 2.739999999999994}, 
  {-1.0000000000000004, -0.48000000000000015}, 
  {{2, 1.5654144647214707*^-14}}, {{2, 1.5210055437364645*^-14}}, 
  {0.03703703703703708, 0}}}
