{3, 20, {{{-0.5248785193023628, 0, -2.538437678589116*^-6, 
    2.5384376790009793*^-6}, {0, 0.9999850273486628, 4.7097338741406903*^-7, 
    4.7097338958050074*^-7}, {-2.5384376801318555*^-6, 4.709733911331632*^-7, 
    -1.1536099266910155*^-7, 0.00001854215871474866}, 
   {2.538437679724066*^-6, 4.709733905356782*^-7, 0.00001854215870826758, 
    -1.1536099259971261*^-7}}, {{-0.5248785193023633, 2.5384376798589042*^-6, 
    0, -2.5384376789725363*^-6}, {2.5384376787972895*^-6, 
    -1.1536099060434693*^-7, 4.709733911464174*^-7, 0.000018542158713581668}, 
   {0, 4.709733875003624*^-7, 0.9999850273486581, 4.709733884471408*^-7}, 
   {-2.538437679734939*^-6, 0.00001854215871112216, 4.7097339167572*^-7, 
    -1.153609878235852*^-7}}, {{-0.5248785193023617, -2.53843767954937*^-6, 
    2.538437678478432*^-6, 0}, {-2.5384376789195104*^-6, 
    -1.1536099055534099*^-7, 0.000018542158709302763, 
    4.7097339070869516*^-7}, {2.5384376800178046*^-6, 
    0.000018542158709725646, -1.1536099259190635*^-7, 
    4.7097339176904917*^-7}, {0, 4.709733896692697*^-7, 
    4.7097338850321496*^-7, 0.9999850273486599}}}, 
 {{{0, 0.0023353239589753256, 0.0023353239589751266, 0.002335323958976464}, 
   {-0.0023353239589753256, 0, -0.002326212958287302, 0.0023262129582812844}, 
   {-0.0023353239589751266, 0.002326212958287302, 0, -0.0023262129582818317}, 
   {-0.002335323958976464, -0.0023262129582812844, 0.0023262129582818317, 
    0}}, {{0, 0.0023353239589754015, 0.002335323958975184, 
    0.0023353239589764207}, {-0.0023353239589754015, 0, 
    -0.002326212958284933, 0.0023262129582797752}, 
   {-0.002335323958975184, 0.002326212958284933, 0, -0.0023262129582816253}, 
   {-0.0023353239589764207, -0.0023262129582797752, 0.0023262129582816253, 
    0}}}, {0, 0}, {{-1.5745069956593998, -1.5743856486669274}, 
  {-6.298601677729013, -1.5746771722342339, -1.5746236666302726}, 
  {-1.5746281059411305, -1.574506758948658}, {{2, 0.0001545926671405705}}, 
  {{2, 9.111000692861726*^-6}}, {1.5845167114701353*^-16, 
   0.9999101674545989}}}
{3, 20, {{{-0.00004946139999223985, 0, 0, 0}, {0, 0.00004954914497503323, 
    -4.387428993404936*^-8, -4.3873997810143804*^-8}, 
   {0, -4.3874289932907135*^-8, -4.387251268770155*^-8, 
    0.00004954914827885142}, {0, -4.3873997809470056*^-8, 
    0.000049549148278848614, -4.387247077831835*^-8}}, 
  {{-0.000049461399992247935, 0, 0, 0}, {0, -4.387251269651828*^-8, 
    -4.387428993852982*^-8, 0.000049549148278850843}, 
   {0, -4.3874289933539075*^-8, 0.00004954914497503828, 
    -4.3873997807427105*^-8}, {0, 0.00004954914827884556, 
    -4.387399781141838*^-8, -4.3872470779564174*^-8}}, 
  {{-0.000049461400295638914, 0, 0, 0}, {0, -4.3872342709570836*^-8, 
    0.000049549148136184996, -4.3873919124036603*^-8}, 
   {0, 0.000049549148136187585, -4.387234270998255*^-8, 
    -4.387391912334495*^-8}, {0, -4.387391912093816*^-8, 
    -4.3873919117849345*^-8, 0.000049549144982438553}}}, 
 {{{0, 0.5773502670709378, 0.5773502670709456, 0.5773502670709824}, 
   {-0.5773502670709378, 0, -0.57735026705969, 0.5773502670596553}, 
   {-0.5773502670709456, 0.57735026705969, 0, -0.5773502670596478}, 
   {-0.5773502670709824, -0.5773502670596553, 0.5773502670596478, 0}}, 
  {{0, 0.577350267070935, 0.5773502670709473, 0.5773502670709835}, 
   {-0.577350267070935, 0, -0.57735026705969, 0.5773502670596578}, 
   {-0.5773502670709473, 0.57735026705969, 0, -0.5773502670596453}, 
   {-0.5773502670709835, -0.5773502670596578, 0.5773502670596453, 0}}}, 
 {0, 0}, {{-0.97000000012311, -0.9400000002331992}, 
  {-2.0299999944536773, -0.9999999963205681, -0.015000000906270516}, 
  {-1.0000000000127274, -0.9700000001228165}, {{2, 0.00005104298978811089}}, 
  {{2, 1.129091264928661*^-11}}, {0.037037036217214506, 
   1.4798475849219398*^-26}}}
