{3, 20, {{{0, 0, 0, 0}, {0, 0, 0, 0}, {0, 0, 0, 0}, {0, 0, 0, 0}}, 
  {{0, 0, 0, 0}, {0, 0, 0, 0}, {0, 0, 0, 0}, {0, 0, 0, 0}}, 
  {{0, 0, 0, 0}, {0, 0, 0, 0}, {0, 0, 0, 0}, {0, 0, 0, 0}}}, 
 {{{0, 0.5773502691896257, 0.5773502691896257, 0.5773502691896266}, 
   {-0.5773502691896257, 0, -0.5773502691896266, 0.5773502691896257}, 
   {-0.5773502691896257, 0.5773502691896266, 0, -0.5773502691896255}, 
   {-0.5773502691896266, -0.5773502691896257, 0.5773502691896255, 0}}, 
  {{0, 0.5773502691896251, 0.5773502691896251, 0.5773502691896272}, 
   {-0.5773502691896251, 0, -0.5773502691896253, 0.5773502691896262}, 
   {-0.5773502691896251, 0.5773502691896253, 0, -0.5773502691896264}, 
   {-0.5773502691896272, -0.5773502691896262, 0.5773502691896264, 0}}}, 
 {0, 0}, {{-0.4500000000000003, 0.0999999999999999}, 
  {-2.5500000000000025, -4.000000000000002, 2.7250000000000005}, 
  {-1.0000000000000004, -0.4500000000000004}, {{2, 5.329070518200751*^-15}}, 
  {{2, 7.586524001605236*^-16}}, {0.037037037037037104, 0}}}
