{3, 20, {{{-0.524685168176351, 0, -0.00010321386976068142, 
    0.00010321386976057208}, {0, 0.9993640698796818, 0.000019912572118943307, 
    0.00001991257212044158}, {-0.00010321386976046642, 
    0.00001991257211996155, -2.87267072285758*^-6, 0.002681650787367786}, 
   {0.0001032138697606762, 0.000019912572118507505, 0.0026816507873666357, 
    -2.872670724617457*^-6}}, {{-0.5246851681763512, 0.00010321386976199714, 
    0, -0.00010321386976052509}, {0.0001032138697590361, 
    -2.8726707211978834*^-6, 0.000019912572119529247, 0.002681650787365358}, 
   {0, 0.000019912572119445584, 0.9993640698796811, 0.00001991257211984616}, 
   {-0.00010321386976074379, 0.002681650787368432, 0.000019912572119146432, 
    -2.8726707248520784*^-6}}, 
  {{-0.5246851681763522, -0.00010321386975931454, 0.00010321386976042312, 0}, 
   {-0.00010321386976152873, -2.8726707242965333*^-6, 0.0026816507873667814, 
    0.000019912572120244594}, {0.0001032138697605792, 0.0026816507873631988, 
    -2.872670722742221*^-6, 0.000019912572120181452}, 
   {0, 0.000019912572119203434, 0.000019912572119345892, 
    0.9993640698796833}}}, 
 {{{0, 0.015044975033519226, 0.015044975033519252, 0.01504497503351909}, 
   {-0.015044975033519226, 0, -0.015020430100959334, 0.01502043010095949}, 
   {-0.015044975033519252, 0.015020430100959334, 0, -0.015020430100959313}, 
   {-0.01504497503351909, -0.01502043010095949, 0.015020430100959313, 0}}, 
  {{0, 0.01504497503351924, 0.015044975033519235, 0.015044975033519222}, 
   {-0.01504497503351924, 0, -0.015020430100959258, 0.015020430100959468}, 
   {-0.015044975033519235, 0.015020430100959258, 0, -0.015020430100959443}, 
   {-0.015044975033519222, -0.015020430100959468, 0.015020430100959443, 0}}}, 
 {0, 0}, {{-1.5687824234241843, -1.5638312778044197}, 
  {-6.298607968178335, -1.5757878500454092, -1.5735161340437585}, 
  {-1.573729530302275, -1.5687783846825103}, {{2, 0.00018122029154629378}}, 
  {{2, 0.00002454493255982642}}, {1.1484027178468251*^-11, 
   0.9961904802438205}}}
{3, 20, {{{0, 0, 0, 0}, {0, 0, 0, 0}, {0, 0, 0, 0}, {0, 0, 0, 0}}, 
  {{0, 0, 0, 0}, {0, 0, 0, 0}, {0, 0, 0, 0}, {0, 0, 0, 0}}, 
  {{0, 0, 0, 0}, {0, 0, 0, 0}, {0, 0, 0, 0}, {0, 0, 0, 0}}}, 
 {{{0, 0.5773502691896233, 0.5773502691896244, 0.5773502691896295}, 
   {-0.5773502691896233, 0, -0.5773502691896311, 0.577350269189624}, 
   {-0.5773502691896244, 0.5773502691896311, 0, -0.5773502691896226}, 
   {-0.5773502691896295, -0.577350269189624, 0.5773502691896226, 0}}, 
  {{0, 0.57735026918963, 0.5773502691896315, 0.5773502691896165}, 
   {-0.57735026918963, 0, -0.5773502691896453, 0.5773502691896173}, 
   {-0.5773502691896315, 0.5773502691896453, 0, -0.5773502691896156}, 
   {-0.5773502691896165, -0.5773502691896173, 0.5773502691896156, 0}}}, 
 {0, 0}, {{-0.8100000000000003, -0.6200000000000002}, 
  {-2.189999999999998, -1.0000000000000004, -0.09499999999999864}, 
  {-1.0000000000000002, -0.8100000000000003}, {{2, 1.1102230246251565*^-14}}, 
  {{2, 9.992007221626409*^-15}}, {0.03703703703703711, 0}}}
