{3, 20, {{{-0.5247056607808362, 0, -0.00009243164213907195, 
    0.00009243164213910618}, {0, 0.9994319637577241, 0.000017869157398025848, 
    0.000017869157397191985}, {-0.00009243164213923982, 
    0.000017869157395763098, -2.6546502032119557*^-6, 0.002317698552530147}, 
   {0.00009243164213884727, 0.00001786915739643023, 0.0023176985525294328, 
    -2.6546502049731337*^-6}}, {{-0.5247056607808362, 0.00009243164214056075, 
    0, -0.00009243164213905937}, {0.00009243164213779618, 
    -2.6546502020514257*^-6, 0.000017869157395352666, 0.002317698552527721}, 
   {0, 0.00001786915739848034, 0.9994319637577251, 0.000017869157396740025}, 
   {-0.00009243164213890033, 0.0023176985525315886, 0.000017869157397023577, 
    -2.6546502058214135*^-6}}, 
  {{-0.5247056607808367, -0.00009243164213828235, 0.00009243164213880705, 0}, 
   {-0.00009243164213994205, -2.6546502043863635*^-6, 0.0023176985525284162, 
    0.000017869157397954155}, {0.00009243164213934899, 0.002317698552524671, 
    -2.6546502029933805*^-6, 0.00001786915739787358}, 
   {0, 0.000017869157396211842, 0.000017869157396326578, 
    0.9994319637577286}}}, 
 {{{0, 0.014242715461048659, 0.014242715461048725, 0.014242715461048694}, 
   {-0.014242715461048659, 0, -0.014219945963722566, 0.014219945963725066}, 
   {-0.014242715461048725, 0.014219945963722566, 0, -0.014219945963724355}, 
   {-0.014242715461048694, -0.014219945963725066, 0.014219945963724355, 0}}, 
  {{0, 0.014242715461048664, 0.014242715461048697, 0.01424271546104873}, 
   {-0.014242715461048664, 0, -0.01421994596372294, 0.014219945963724327}, 
   {-0.014242715461048697, 0.01421994596372294, 0, -0.014219945963724268}, 
   {-0.01424271546104873, -0.014219945963724327, 0.014219945963724268, 0}}}, 
 {0, 0}, {{-1.5693909524511418, -1.5649505132242114}, 
  {-6.298608379388486, -1.5756692914715962, -1.5736348982226467}, 
  {-1.573827842264712, -1.5693874030377817}, {{2, 0.0001646210625057395}}, 
  {{2, 0.000022769497324774273}}, {8.267756480452263*^-12, 
   0.996596618859795}}}
{3, 20, {{{0, 0, 0, 0}, {0, 0, 0, 0}, {0, 0, 0, 0}, {0, 0, 0, 0}}, 
  {{0, 0, 0, 0}, {0, 0, 0, 0}, {0, 0, 0, 0}, {0, 0, 0, 0}}, 
  {{0, 0, 0, 0}, {0, 0, 0, 0}, {0, 0, 0, 0}, {0, 0, 0, 0}}}, 
 {{{0, 0.5773502691896129, 0.5773502691896142, 0.5773502691896508}, 
   {-0.5773502691896129, 0, -0.5773502691896112, 0.5773502691896337}, 
   {-0.5773502691896142, 0.5773502691896112, 0, -0.5773502691896323}, 
   {-0.5773502691896508, -0.5773502691896337, 0.5773502691896323, 0}}, 
  {{0, 0.5773502691896166, 0.5773502691896188, 0.5773502691896422}, 
   {-0.5773502691896166, 0, -0.5773502691896204, 0.5773502691896297}, 
   {-0.5773502691896188, 0.5773502691896204, 0, -0.5773502691896273}, 
   {-0.5773502691896422, -0.5773502691896297, 0.5773502691896273, 0}}}, 
 {0, 0}, {{-0.8200000000000003, -0.6400000000000003}, 
  {-2.1800000000000046, -1.0000000000000004, -0.09000000000000186}, 
  {-1.0000000000000004, -0.8200000000000005}, {{2, 2.1094237467877974*^-14}}, 
  {{2, 2.0317081350640365*^-14}}, {0.03703703703703704, 0}}}
