{3, 20, {{{-0.524874730063252, 0, -4.5100666689607234*^-6, 
    4.510066670514133*^-6}, {0, 0.9999731456650807, 8.516306298647281*^-7, 
    8.516306316219067*^-7}, {-4.5100666703237595*^-6, 8.516306299860475*^-7, 
    -1.9457443130744406*^-7, 0.00003989203836355681}, 
   {4.510066668296518*^-6, 8.516306293525144*^-7, 0.00003989203835599879, 
    -1.9457442963430327*^-7}}, {{-0.524874730063252, 4.510066669448043*^-6, 
    0, -4.510066670475872*^-6}, {4.510066669863062*^-6, 
    -1.9457443045612852*^-7, 8.516306299617717*^-7, 0.000039892038361082516}, 
   {0, 8.516306299552047*^-7, 0.9999731456650806, 8.516306321149519*^-7}, 
   {-4.510066668313659*^-6, 0.00003989203835954491, 8.516306289862489*^-7, 
    -1.9457442725469634*^-7}}, {{-0.5248747300632526, -4.510066669111959*^-6, 
    4.510066668870457*^-6, 0}, {-4.510066670051256*^-6, 
    -1.945744283731593*^-7, 0.00003989203835861951, 8.516306296300837*^-7}, 
   {4.510066670245874*^-6, 0.000039892038357927285, -1.9457442937409475*^-7, 
    8.516306291338628*^-7}, {0, 8.516306317835329*^-7, 8.516306322056041*^-7, 
    0.9999731456650776}}}, 
 {{{0, 0.0031256110137344883, 0.003125611013734296, 0.003125611013734518}, 
   {-0.0031256110137344883, 0, -0.0031159914239252875, 
    0.0031159914239231538}, {-0.003125611013734296, 0.0031159914239252875, 0, 
    -0.003115991423922209}, {-0.003125611013734518, -0.0031159914239231538, 
    0.003115991423922209, 0}}, {{0, 0.0031256110137344085, 
    0.0031256110137343335, 0.0031256110137345746}, 
   {-0.0031256110137344085, 0, -0.003115991423923928, 0.0031159914239236924}, 
   {-0.0031256110137343335, 0.003115991423923928, 0, -0.0031159914239234365}, 
   {-0.0031256110137345746, -0.0031159914239236924, 0.0031159914239234365, 
    0}}}, {0, 0}, {{-1.5743946643537878, -1.5741781156705685}, 
  {-6.298602344875759, -1.5746987822352685, -1.574602390202611}, 
  {-1.5746108798046412, -1.574394331121422}, {{2, 0.0001546448382568075}}, 
  {{2, 9.619589810818592*^-6}}, {9.153296324125263*^-16, 0.9998388848074199}}}
{3, 20, {{{-0.00001187990943155903, 0, 0, 0}, {0, 0.000011908180420851341, 
    -1.4135503986125894*^-8, -1.4135507347973963*^-8}, 
   {0, -1.4135503986596259*^-8, -1.413550628140436*^-8, 
    0.000011908180442894749}, {0, -1.4135507347729832*^-8, 
    0.000011908180442897076, -1.4135482955465634*^-8}}, 
  {{-0.000011879909431564275, 0, 0, 0}, {0, -1.4135506282715894*^-8, 
    -1.4135503988795298*^-8, 0.000011908180442895623}, 
   {0, -1.413550398461429*^-8, 0.000011908180420844299, 
    -1.4135507347502248*^-8}, {0, 0.000011908180442891467, 
    -1.41355073518969*^-8, -1.4135482954222424*^-8}}, 
  {{-0.000011879909434952088, 0, 0, 0}, {0, -1.4135493813391223*^-8, 
    0.000011908180443549417, -1.4135504296141819*^-8}, 
   {0, 0.000011908180443547977, -1.413549380583909*^-8, 
    -1.413550429822781*^-8}, {0, -1.4135504299346568*^-8, 
    -1.413550429947312*^-8, 0.000011908180422475535}}}, 
 {{{0, 0.5773502690673851, 0.5773502690673925, 0.5773502690674277}, 
   {-0.5773502690673851, 0, -0.5773502690665523, 0.5773502690665189}, 
   {-0.5773502690673925, 0.5773502690665523, 0, -0.5773502690665115}, 
   {-0.5773502690674277, -0.5773502690665189, 0.5773502690665115, 0}}, 
  {{0, 0.577350269067383, 0.5773502690673951, 0.5773502690674274}, 
   {-0.577350269067383, 0, -0.5773502690665536, 0.5773502690665205}, 
   {-0.5773502690673951, 0.5773502690665536, 0, -0.5773502690665087}, 
   {-0.5773502690674274, -0.5773502690665205, 0.5773502690665087, 0}}}, 
 {0, 0}, {{-0.960000000009476, -0.9200000000179437}, 
  {-2.039999999679232, -0.9999999997875442, -0.02000000005207192}, 
  {-1.0000000000009779, -0.9600000000094455}, {{2, 0.000012386234445283716}}, 
  {{2, 8.741896095898483*^-13}}, {0.037037036989656526, 
   2.851493830237934*^-30}}}
