{3, 20, {{{-0.5248289143254142, 0, -0.0000282152099590745, 
    0.000028215209959296494}, {0, 0.9998289379510513, 5.481622576462828*^-6, 
    5.481622576797265*^-6}, {-0.00002821520995840391, 5.481622575566757*^-6, 
    -1.0091752604400074*^-6, 0.0004757415185388065}, 
   {0.000028215209958148032, 5.481622576068238*^-6, 0.00047574151853771343, 
    -1.009175262826987*^-6}}, {{-0.5248289143254143, 0.00002821520995907379, 
    0, -0.000028215209959289816}, {0.00002821520995840993, 
    -1.0091752586567117*^-6, 5.4816225754202186*^-6, 0.00047574151853691296}, 
   {0, 5.481622576688588*^-6, 0.9998289379510511, 5.481622575910591*^-6}, 
   {-0.000028215209958182276, 0.000475741518540696, 5.481622576980587*^-6, 
    -1.0091752651918487*^-6}}, 
  {{-0.5248289143254131, -0.000028215209958358564, 0.000028215209958912452, 
    0}, {-0.000028215209958946605, -1.0091752620424582*^-6, 
    0.0004757415185361227, 5.481622576496904*^-6}, 
   {0.000028215209958381956, 0.00047574151853084913, -1.0091752600249748*^-6, 
    5.48162257733073*^-6}, {0, 5.481622576610461*^-6, 5.481622575906954*^-6, 
    0.9998289379510503}}}, 
 {{{0, 0.007872714302128311, 0.007872714302128369, 0.00787271430212802}, 
   {-0.007872714302128311, 0, -0.007859397936547115, 0.007859397936548699}, 
   {-0.007872714302128369, 0.007859397936547115, 0, -0.007859397936548565}, 
   {-0.00787271430212802, -0.007859397936548699, 0.007859397936548565, 0}}, 
  {{0, 0.007872714302128318, 0.007872714302128306, 0.00787271430212806}, 
   {-0.007872714302128318, 0, -0.007859397936547888, 0.007859397936548579}, 
   {-0.007872714302128306, 0.007859397936547888, 0, -0.007859397936548454}, 
   {-0.00787271430212806, -0.007859397936548579, 0.007859397936548454, 0}}}, 
 {0, 0}, {{-1.5730397528229179, -1.5716761587064423}, 
  {-6.298606208305046, -1.574960583245356, -1.5743425209071669}, 
  {-1.5744021937083061, -1.5730385995918306}, {{2, 0.0001554354617758734}}, 
  {{2, 0.000013316365580014084}}, {2.3568702311556223*^-13, 
   0.9989740665395742}}}
{3, 20, {{{-1.859001135061549*^-9, 0, 0, 0}, {0, 1.8691734682256753*^-9, 0, 
    0}, {0, 0, 0, 1.8746151549335165*^-9}, {0, 0, 1.8746151633683144*^-9, 
    0}}, {{-1.8590011200254688*^-9, 0, 0, 0}, 
   {0, 0, 0, 1.8746151417128985*^-9}, {0, 0, 1.869173478144482*^-9, 0}, 
   {0, 1.8746151435781535*^-9, 0, 0}}, {{-1.856361792973785*^-9, 0, 0, 0}, 
   {0, 0, 1.874615166551756*^-9, 0}, {0, 1.8746151634946448*^-9, 0, 0}, 
   {0, 0, 0, 1.869173463885106*^-9}}}, 
 {{{0, 0.5773502691896153, 0.57735026918962, 0.5773502691896424}, 
   {-0.5773502691896153, 0, -0.5773502691896422, 0.57735026918962}, 
   {-0.57735026918962, 0.5773502691896422, 0, -0.5773502691896153}, 
   {-0.5773502691896424, -0.57735026918962, 0.5773502691896153, 0}}, 
  {{0, 0.5773502691896139, 0.5773502691896214, 0.5773502691896424}, 
   {-0.5773502691896139, 0, -0.5773502691896422, 0.5773502691896213}, 
   {-0.5773502691896214, 0.5773502691896422, 0, -0.5773502691896137}, 
   {-0.5773502691896424, -0.5773502691896213, 0.5773502691896137, 0}}}, 
 {0, 0}, {{-0.9000000000000006, -0.8000000000000005}, 
  {-2.1000000000000005, -1., -0.050000000000000266}, 
  {-1.0000000000000007, -0.9000000000000006}, {{2, 2.061545265427012*^-9}}, 
  {{2, 1.1102230246251565*^-16}}, {0.037037037037037035, 
   4.264789985351383*^-53}}}
