{3, 20, {{{-0.5246167466707043, 0, -0.0001394690701028409, 
    0.00013946907010300207}, {0, 0.9991321447967882, 0.00002670015122809239, 
    0.000026700151228937317}, {-0.00013946907010270956, 
    0.000026700151228643332, -3.496147637949143*^-6, 0.003992526514093731}, 
   {0.00013946907010288983, 0.00002670015122637043, 0.0039925265140946225, 
    -3.496147640195176*^-6}}, {{-0.5246167466707045, 0.00013946907010484245, 
    0, -0.00013946907010289905}, {0.0001394690701007256, 
    -3.49614763743393*^-6, 0.000026700151227986604, 0.003992526514092333}, 
   {0, 0.00002670015122877174, 0.999132144796787, 0.000026700151228163718}, 
   {-0.00013946907010295589, 0.003992526514095796, 0.00002670015122725405, 
    -3.4961476396795296*^-6}}, {{-0.524616746670705, -0.00013946907010072194, 
    0.0001394690701025385, 0}, {-0.00013946907010477477, 
    -3.496147639668254*^-6, 0.003992526514094211, 0.000026700151229053747}, 
   {0.00013946907010287197, 0.0039925265140935366, -3.4961476387818102*^-6, 
    0.00002670015122878479}, {0, 0.000026700151226619387, 
    0.000026700151227037422, 0.9991321447967894}}}, 
 {{{0, 0.01746367693237605, 0.01746367693237611, 0.017463676932376045}, 
   {-0.01746367693237605, 0, -0.01743282768729018, 0.017432827687291333}, 
   {-0.01746367693237611, 0.01743282768729018, 0, -0.01743282768729109}, 
   {-0.017463676932376045, -0.017432827687291333, 0.01743282768729109, 0}}, 
  {{0, 0.01746367693237599, 0.017463676932375938, 0.01746367693237621}, 
   {-0.01746367693237599, 0, -0.017432827687290313, 0.017432827687291527}, 
   {-0.017463676932375938, 0.017432827687290313, 0, -0.017432827687291146}, 
   {-0.01746367693237621, -0.017432827687291527, 0.017432827687291146, 0}}}, 
 {0, 0}, {{-1.566744751266793, -1.560090196605348}, 
  {-6.298604973443827, -1.5761854400773396, -1.5731170466445739}, 
  {-1.5733934283576536, -1.5667388736962087}, {{2, 0.00023698138886163846}}, 
  {{2, 0.000030849245085125265}}, {2.8067712843931357*^-11, 
   0.9948041533061451}}}
