{3, 20, {{{0, 0, 0, 0}, {0, 0, 0, 0}, {0, 0, 0, 0}, {0, 0, 0, 0}}, 
  {{0, 0, 0, 0}, {0, 0, 0, 0}, {0, 0, 0, 0}, {0, 0, 0, 0}}, 
  {{0, 0, 0, 0}, {0, 0, 0, 0}, {0, 0, 0, 0}, {0, 0, 0, 0}}}, 
 {{{0, 0.577350269189633, 0.5773502691896327, 0.5773502691896122}, 
   {-0.577350269189633, 0, -0.5773502691896393, 0.5773502691896191}, 
   {-0.5773502691896327, 0.5773502691896393, 0, -0.5773502691896193}, 
   {-0.5773502691896122, -0.5773502691896191, 0.5773502691896193, 0}}, 
  {{0, 0.5773502691896315, 0.5773502691896315, 0.5773502691896149}, 
   {-0.5773502691896315, 0, -0.5773502691896375, 0.57735026918962}, 
   {-0.5773502691896315, 0.5773502691896375, 0, -0.57735026918962}, 
   {-0.5773502691896149, -0.57735026918962, 0.57735026918962, 0}}}, {0, 0}, 
 {{-0.5600000000000004, -0.12000000000000029}, 
  {-2.439999999999998, -4.000000000000002, 2.780000000000003}, 
  {-1.0000000000000009, -0.5600000000000007}, {{2, 1.709743457922741*^-14}}, 
  {{2, 1.6690352803531518*^-14}}, {0.03703703703703707, 0}}}
