{3, 20, {{{0, 0, 0, 0}, {0, 0, 0, 0}, {0, 0, 0, 0}, {0, 0, 0, 0}}, 
  {{0, 0, 0, 0}, {0, 0, 0, 0}, {0, 0, 0, 0}, {0, 0, 0, 0}}, 
  {{0, 0, 0, 0}, {0, 0, 0, 0}, {0, 0, 0, 0}, {0, 0, 0, 0}}}, 
 {{{0, 0.5773502691896244, 0.5773502691896244, 0.5773502691896286}, 
   {-0.5773502691896244, 0, -0.5773502691896231, 0.5773502691896272}, 
   {-0.5773502691896244, 0.5773502691896231, 0, -0.5773502691896272}, 
   {-0.5773502691896286, -0.5773502691896272, 0.5773502691896272, 0}}, 
  {{0, 0.5773502691896216, 0.5773502691896213, 0.5773502691896344}, 
   {-0.5773502691896216, 0, -0.5773502691896175, 0.57735026918963}, 
   {-0.5773502691896213, 0.5773502691896175, 0, -0.57735026918963}, 
   {-0.5773502691896344, -0.57735026918963, 0.57735026918963, 0}}}, {0, 0}, 
 {{-0.42000000000000015, 0.1600000000000001}, {-2.5800000000000147, -4., 
   2.709999999999993}, {-1., -0.41999999999999976}, 
  {{2, 7.216449660063518*^-15}}, {{2, 7.494005416219807*^-15}}, 
  {0.037037037037037056, 0}}}
