{3, 20, {{{0, 0, 0, 0}, {0, 0, 0, 0}, {0, 0, 0, 0}, {0, 0, 0, 0}}, 
  {{0, 0, 0, 0}, {0, 0, 0, 0}, {0, 0, 0, 0}, {0, 0, 0, 0}}, 
  {{0, 0, 0, 0}, {0, 0, 0, 0}, {0, 0, 0, 0}, {0, 0, 0, 0}}}, 
 {{{0, 0.5773502691896211, 0.5773502691896211, 0.5773502691896346}, 
   {-0.5773502691896211, 0, -0.5773502691896173, 0.5773502691896303}, 
   {-0.5773502691896211, 0.5773502691896173, 0, -0.5773502691896303}, 
   {-0.5773502691896346, -0.5773502691896303, 0.5773502691896303, 0}}, 
  {{0, 0.5773502691896244, 0.5773502691896242, 0.5773502691896286}, 
   {-0.5773502691896244, 0, -0.5773502691896227, 0.577350269189627}, 
   {-0.5773502691896242, 0.5773502691896227, 0, -0.5773502691896272}, 
   {-0.5773502691896286, -0.577350269189627, 0.5773502691896272, 0}}}, 
 {0, 0}, {{-0.5799999999999996, -0.15999999999999964}, 
  {-2.4199999999999853, -3.999999999999999, 2.7900000000000063}, 
  {-0.9999999999999998, -0.5799999999999998}, {{2, 5.440092820663267*^-15}}, 
  {{2, 7.864079757761525*^-15}}, {0.03703703703703705, 0}}}
