{3, 20, {{{-0.5246407201534227, 0, -0.00012671981098373914, 
    0.00012671981098328326}, {0, 0.9992143970904144, 0.00002432798999310532, 
    0.000024327989994504512}, {-0.0001267198109832173, 
    0.000024327989993490258, -3.2958842154004984*^-6, 0.0035169595158245203}, 
   {0.00012671981098310916, 0.000024327989992215036, 0.003516959515824426, 
    -3.295884217937965*^-6}}, {{-0.5246407201534221, 0.00012671981098504224, 
    0, -0.0001267198109832002}, {0.00012671981098179573, 
    -3.295884214996308*^-6, 0.000024327989992866774, 0.0035169595158231}, 
   {0, 0.000024327989993636347, 0.9992143970904148, 0.000024327989993940043}, 
   {-0.00012671981098315527, 0.003516959515825832, 0.00002432798999259657, 
    -3.295884218359503*^-6}}, {{-0.5246407201534222, -0.0001267198109815227, 
    0.00012671981098345342, 0}, {-0.00012671981098525282, 
    -3.2958842179006687*^-6, 0.003516959515824283, 0.000024327989994350698}, 
   {0.0001267198109833689, 0.003516959515822062, -3.2958842168806513*^-6, 
    0.000024327989993863423}, {0, 0.000024327989992456488, 
    0.00002432798999301903, 0.9992143970904148}}}, 
 {{{0, 0.016655257509692746, 0.016655257509692767, 0.016655257509692795}, 
   {-0.016655257509692746, 0, -0.016626677043814937, 0.016626677043814923}, 
   {-0.016655257509692767, 0.016626677043814937, 0, -0.01662667704381482}, 
   {-0.016655257509692795, -0.016626677043814923, 0.01662667704381482, 0}}, 
  {{0, 0.01665525750969274, 0.01665525750969275, 0.016655257509692947}, 
   {-0.01665525750969274, 0, -0.016626677043815076, 0.016626677043814868}, 
   {-0.01665525750969275, 0.016626677043815076, 0, -0.016626677043815055}, 
   {-0.016655257509692947, -0.016626677043814868, 0.016626677043815055, 0}}}, 
 {0, 0}, {{-1.5674598474735053, -1.5614018195073198}, 
  {-6.298606312710846, -1.57604581412048, -1.573257342234943}, 
  {-1.5735126776436954, -1.56745464967751}, {{2, 0.00021729866950048922}}, 
  {{2, 0.000028580465877844095}}, {2.112675358328427*^-11, 
   0.9952956304301317}}}
