{3, 20, {{{-0.5248828053292921, 0, -2.8114731903832513*^-7, 
    2.811473190180354*^-7}, {0, 0.9999984428661806, 4.5824640783313987*^-8, 
    4.5824640750645236*^-8}, {-2.811473189938039*^-7, 4.5824640784710274*^-8, 
    -1.6472510374395538*^-8, 1.1851768428571177*^-6}, 
   {2.8114731902747305*^-7, 4.582464074367267*^-8, 1.1851768428774988*^-6, 
    -1.6472510541796354*^-8}}, {{-0.524882805329292, 2.811473189950944*^-7, 
    0, -2.811473190245927*^-7}, {2.8114731893335504*^-7, 
    -1.6472510327558004*^-8, 4.5824640780372294*^-8, 1.1851768428576788*^-6}, 
   {0, 4.582464079979032*^-8, 0.9999984428661808, 4.582464075331904*^-8}, 
   {-2.8114731903067965*^-7, 1.185176842864891*^-6, 4.58246407454635*^-8, 
    -1.647251056478144*^-8}}, {{-0.5248828053292933, -2.811473186988405*^-7, 
    2.8114731901342374*^-7, 0}, {-2.8114731898773874*^-7, 
    -1.647251084493928*^-8, 1.1851768428252635*^-6, 4.582464082744885*^-8}, 
   {2.811473189621267*^-7, 1.1851768428607085*^-6, -1.6472510910858773*^-8, 
    4.5824640831084845*^-8}, {0, 4.582464082499661*^-8, 
    4.582464093085982*^-8, 0.9999984428661808}}}, 
 {{{0, 0.0007566116309490232, 0.0007566116309490276, 0.0007566116309490091}, 
   {-0.0007566116309490232, 0, -0.0007488482132913415, 
    0.0007488482132913583}, {-0.0007566116309490276, 0.0007488482132913415, 
    0, -0.0007488482132913478}, {-0.0007566116309490091, 
    -0.0007488482132913583, 0.0007488482132913478, 0}}, 
  {{0, 0.0007566116309489915, 0.0007566116309489941, 0.0007566116309490067}, 
   {-0.0007566116309489915, 0, -0.0007488482132913739, 0.000748848213291357}, 
   {-0.0007566116309489941, 0.0007488482132913739, 0, 
    -0.0007488482132913723}, {-0.0007566116309490067, -0.000748848213291357, 
    0.0007488482132913723, 0}}}, {0, 0}, 
 {{-1.5746345765351921, -1.5746214716373277}, 
  {-6.298600313617585, -1.5746527632816618, -1.5746473935271306}, 
  {-1.574647614199887, -1.5746345093020226}, {{2, 0.00014730749442601017}}, 
  {{2, 7.763417657650259*^-6}}, {1.7634485266566273*^-19, 0.999990657233454}}}
{17, 20, {{{-0.0008324039066802595, 0, 4.610574173069617*^-9, 
    -4.6105741906002105*^-9}, {0, 0.0008329111849529319, 
    -2.5825026323332266*^-7, -2.5825026334518014*^-7}, 
   {4.610574200351129*^-9, -2.582502633406138*^-7, -2.5363911720868087*^-7, 
    0.0008329204071876389}, {-4.610574174250029*^-9, -2.582502632437221*^-7, 
    0.0008329204071876258, -2.5363911710171967*^-7}}, 
  {{-0.0008324039066802542, -4.610574172904102*^-9, 0, 
    4.610574157199169*^-9}, {-4.610574157440301*^-9, -2.5363911726887696*^-7, 
    -2.58250263263087*^-7, 0.0008329204071876539}, 
   {0, -2.5825026327185377*^-7, 0.0008329111849529436, 
    -2.5825026326779606*^-7}, {4.6105741714287315*^-9, 0.000832920407187611, 
    -2.582502632705104*^-7, -2.5363911712749827*^-7}}, 
  {{-0.0008324039066802602, 4.610574193841959*^-9, -4.6105741557554696*^-9, 
    0}, {4.610574149087466*^-9, -2.5363911718041284*^-7, 
    0.0008329204071876538, -2.5825026322752345*^-7}, 
   {-4.610574203163548*^-9, 0.0008329204071876059, -2.5363911715135877*^-7, 
    -2.582502633377106*^-7}, {0, -2.5825026334251665*^-7, 
    -2.5825026322933695*^-7, 0.0008329111849529468}}}, 
 {{{0, 0.5773496691233213, 0.5773496691233297, 0.577349669123367}, 
   {-0.5773496691233213, 0, -0.5773496680124903, 0.5773496680124531}, 
   {-0.5773496691233297, 0.5773496680124903, 0, -0.5773496680124448}, 
   {-0.577349669123367, -0.5773496680124531, 0.5773496680124448, 0}}, 
  {{0, 0.5773496691233186, 0.5773496691233317, 0.5773496691233677}, 
   {-0.5773496691233186, 0, -0.5773496680124912, 0.5773496680124552}, 
   {-0.5773496691233317, 0.5773496680124912, 0, -0.577349668012442}, 
   {-0.5773496691233677, -0.5773496680124552, 0.577349668012442, 0}}}, 
 {0, 0}, {{-0.9900000116595142, -0.9800000220529664}, 
  {-2.0099984369511352, -0.9999989596925405, -0.005000258783027123}, 
  {-1.0000000012564407, -0.990000011649893}, {{2, 0.0094334073624318}, 
   {3, 0.016419955147005144}, {4, 0.028862193438174484}, 
   {5, 0.05272726710185004}, {6, 0.1132500589066848}, 
   {7, 0.37718793631658565}, {8, 0.2908869690364317}, 
   {9, 0.11454494504594841}, {10, 0.05638222937173511}, 
   {11, 0.027597228170798484}, {12, 0.013777478722316251}, 
   {13, 0.0068318845895441885}, {14, 0.0034002654067704654}, 
   {15, 0.001690951706509367}, {16, 0.000841294145529545}}, 
  {{2, 0.0014112811559970958}, {3, 0.0043452431814607175}, 
   {4, 0.00952263773343806}, {5, 0.01917354117545117}, 
   {6, 0.0439960631189276}, {7, 0.1021116918291823}, 
   {8, 0.01058696171711045}, {9, 0.00024439225522597063}, 
   {10, 0.000024974727785379937}, {11, 3.718095282693549*^-6}, 
   {12, 9.017938645827783*^-8}, {13, 9.114907182731594*^-8}, 
   {14, 1.6867807484111097*^-8}, {15, 4.644675144493959*^-9}, 
   {16, 1.1108765759123191*^-9}}, {0.03703680564444148, 
   3.3388135314258076*^-19}}}
