{3, 20, {{{0, 0, 0, 0}, {0, 0, 0, 0}, {0, 0, 0, 0}, {0, 0, 0, 0}}, 
  {{0, 0, 0, 0}, {0, 0, 0, 0}, {0, 0, 0, 0}, {0, 0, 0, 0}}, 
  {{0, 0, 0, 0}, {0, 0, 0, 0}, {0, 0, 0, 0}, {0, 0, 0, 0}}}, 
 {{{0, 0.5773502691896295, 0.5773502691896295, 0.5773502691896182}, 
   {-0.5773502691896295, 0, -0.5773502691896335, 0.5773502691896217}, 
   {-0.5773502691896295, 0.5773502691896335, 0, -0.5773502691896216}, 
   {-0.5773502691896182, -0.5773502691896217, 0.5773502691896216, 0}}, 
  {{0, 0.5773502691896283, 0.5773502691896283, 0.5773502691896208}, 
   {-0.5773502691896283, 0, -0.5773502691896322, 0.577350269189623}, 
   {-0.5773502691896283, 0.5773502691896322, 0, -0.577350269189623}, 
   {-0.5773502691896208, -0.577350269189623, 0.577350269189623, 0}}}, {0, 0}, 
 {{-0.5199999999999999, -0.03999999999999993}, {-2.479999999999985, -4., 
   2.760000000000008}, {-0.9999999999999999, -0.5199999999999999}, 
  {{2, 1.099120794378905*^-14}}, {{2, 8.826273045769994*^-15}}, 
  {0.03703703703703706, 0}}}
