{5, 40, {{{-0.524814334610777, 0, -0.000028173001796196495, 
    0.000028173001796724685}, {0, 0.9998282735030495, 5.536863969739614*^-6, 
    5.536863969151093*^-6}, {-0.000028173001796256926, 5.536863968959054*^-6, 
    -1.6090201547290864*^-6, 0.0002603848835259508}, 
   {0.00002817300179569507, 5.5368639694784495*^-6, 0.0002603848835267299, 
    -1.6090201570058025*^-6}}, 
  {{-0.5248143346107763, 0.000028173001796312295, 0, 
    -0.000028173001796759023}, {0.00002817300179638037, 
    -1.6090201564102503*^-6, 5.536863969014535*^-6, 0.0002603848835264761}, 
   {0, 5.536863969812318*^-6, 0.9998282735030496, 5.53686396943634*^-6}, 
   {-0.00002817300179575791, 0.00026038488352666606, 5.536863969341599*^-6, 
    -1.6090201559399234*^-6}}, 
  {{-0.5248143346107794, -0.000028173001796187652, 0.000028173001796142244, 
    0}, {-0.00002817300179624026, -1.6090201560609203*^-6, 
    0.00026038488352617015, 5.536863969776522*^-6}, 
   {0.000028173001796162797, 0.00026038488352675594, -1.6090201572782625*^-6, 
    5.5368639695138385*^-6}, {0, 5.536863969378864*^-6, 
    5.5368639696333786*^-6, 0.9998282735030491}}}, 
 {{{0, 0.007891037763222895, 0.007891037763222827, 0.007891037763222898}, 
   {-0.007891037763222895, 0, -0.007881198430918678, 0.007881198430918938}, 
   {-0.007891037763222827, 0.007881198430918678, 0, -0.007881198430918957}, 
   {-0.007891037763222898, -0.007881198430918938, 0.007881198430918957, 0}}, 
  {{0, 0.007891037763222922, 0.007891037763222863, 0.00789103776322286}, 
   {-0.007891037763222922, 0, -0.00788119843091864, 0.007881198430918914}, 
   {-0.007891037763222863, 0.00788119843091864, 0, -0.007881198430919273}, 
   {-0.00789103776322286, -0.007881198430918914, 0.007881198430919273, 0}}}, 
 {0, 0}, {{-1.5729926678485453, -1.5716259000155088}, 
  {-6.298430525344302, -1.5749191220755425, -1.5742961405966085}, 
  {-1.5743585835704068, -1.5729918157373703}, {{2, 0.0014742450772239207}, 
   {3, 0.00032060004008951665}, {4, 0.00007026528093332512}}, 
  {{2, 0.00007863397556289562}, {3, 0.00002211388982746175}, 
   {4, 9.83933230397736*^-6}}, {2.396368340147013*^-13, 0.9989700832668716}}}
{5, 40, {{{-0.524814334610777, 0, -0.000028173001796196495, 
    0.000028173001796724685}, {0, 0.9998282735030495, 5.536863969739614*^-6, 
    5.536863969151093*^-6}, {-0.000028173001796256926, 5.536863968959054*^-6, 
    -1.6090201547290864*^-6, 0.0002603848835259508}, 
   {0.00002817300179569507, 5.5368639694784495*^-6, 0.0002603848835267299, 
    -1.6090201570058025*^-6}}, 
  {{-0.5248143346107763, 0.000028173001796312295, 0, 
    -0.000028173001796759023}, {0.00002817300179638037, 
    -1.6090201564102503*^-6, 5.536863969014535*^-6, 0.0002603848835264761}, 
   {0, 5.536863969812318*^-6, 0.9998282735030496, 5.53686396943634*^-6}, 
   {-0.00002817300179575791, 0.00026038488352666606, 5.536863969341599*^-6, 
    -1.6090201559399234*^-6}}, 
  {{-0.5248143346107794, -0.000028173001796187652, 0.000028173001796142244, 
    0}, {-0.00002817300179624026, -1.6090201560609203*^-6, 
    0.00026038488352617015, 5.536863969776522*^-6}, 
   {0.000028173001796162797, 0.00026038488352675594, -1.6090201572782625*^-6, 
    5.5368639695138385*^-6}, {0, 5.536863969378864*^-6, 
    5.5368639696333786*^-6, 0.9998282735030491}}}, 
 {{{0, 0.007891037763222895, 0.007891037763222827, 0.007891037763222898}, 
   {-0.007891037763222895, 0, -0.007881198430918678, 0.007881198430918938}, 
   {-0.007891037763222827, 0.007881198430918678, 0, -0.007881198430918957}, 
   {-0.007891037763222898, -0.007881198430918938, 0.007881198430918957, 0}}, 
  {{0, 0.007891037763222922, 0.007891037763222863, 0.00789103776322286}, 
   {-0.007891037763222922, 0, -0.00788119843091864, 0.007881198430918914}, 
   {-0.007891037763222863, 0.00788119843091864, 0, -0.007881198430919273}, 
   {-0.00789103776322286, -0.007881198430918914, 0.007881198430919273, 0}}}, 
 {0, 0}, {{-1.5729926678485453, -1.5716259000155088}, 
  {-6.298430525344302, -1.5749191220755425, -1.5742961405966085}, 
  {-1.5743585835704068, -1.5729918157373703}, {{2, 0.0014742450772239207}, 
   {3, 0.00032060004008951665}, {4, 0.00007026528093332512}}, 
  {{2, 0.00007863397556289562}, {3, 0.00002211388982746175}, 
   {4, 9.83933230397736*^-6}}, {2.396368340147013*^-13, 0.9989700832668716}}}
{5, 40, {{{-0.5248143346107771, 0, -0.00002817300179635632, 
    0.000028173001796105287}, {0, 0.9998282735030475, 5.536863969820825*^-6, 
    5.53686396948681*^-6}, {-0.0000281730017962394, 5.536863969195952*^-6, 
    -1.609020156567026*^-6, 0.00026038488352643653}, 
   {0.00002817300179648589, 5.536863969020779*^-6, 0.00026038488352652246, 
    -1.609020156740932*^-6}}, {{-0.5248143346107772, 0.000028173001796361734, 
    0, -0.000028173001796081258}, {0.00002817300179607541, 
    -1.6090201559321171*^-6, 5.5368639692219865*^-6, 0.00026038488352644266}, 
   {0, 5.536863969882713*^-6, 0.9998282735030484, 5.536863969153714*^-6}, 
   {-0.000028173001796406065, 0.00026038488352628654, 5.536863969402867*^-6, 
    -1.6090201568341733*^-6}}, 
  {{-0.5248143346107776, -0.000028173001796358407, 0.000028173001796320172, 
    0}, {-0.00002817300179608366, -1.6090201564360543*^-6, 
    0.0002603848835266056, 5.5368639693256905*^-6}, 
   {0.0000281730017961349, 0.0002603848835259898, -1.6090201568064177*^-6, 
    5.5368639695763165*^-6}, {0, 5.5368639698065206*^-6, 
    5.536863969410268*^-6, 0.9998282735030488}}}, 
 {{{0, 0.007891037763222837, 0.00789103776322279, 0.007891037763222948}, 
   {-0.007891037763222837, 0, -0.00788119843091901, 0.007881198430918796}, 
   {-0.00789103776322279, 0.00788119843091901, 0, -0.00788119843091889}, 
   {-0.007891037763222948, -0.007881198430918796, 0.00788119843091889, 0}}, 
  {{0, 0.007891037763222787, 0.007891037763222876, 0.007891037763222964}, 
   {-0.007891037763222787, 0, -0.007881198430918859, 0.007881198430918918}, 
   {-0.007891037763222876, 0.007881198430918859, 0, -0.007881198430918921}, 
   {-0.007891037763222964, -0.007881198430918918, 0.007881198430918921, 0}}}, 
 {0, 0}, {{-1.5729926678485413, -1.5716259000155068}, 
  {-6.298430525344291, -1.5749191220755399, -1.5742961405966058}, 
  {-1.5743585835704028, -1.5729918157373683}, {{2, 0.0014742450772240283}, 
   {3, 0.00032060004008970487}, {4, 0.00007026528093352288}}, 
  {{2, 0.00007863397556292121}, {3, 0.000022113889827414406}, 
   {4, 9.839332303968398*^-6}}, {2.39636834014701*^-13, 0.9989700832668645}}}
