{3, 20, {{{-0.524447646301732, 0, -0.00023096320780695843, 
    0.0002309632078067073}, {0, 0.9985123714206707, 0.000043269291685836334, 
    0.00004326929168894515}, {-0.0002309632078064463, 
    0.000043269291686208934, -4.333967339926505*^-6, 0.007834900470530301}, 
   {0.00023096320780655624, 0.000043269291683390035, 0.007834900470529418, 
    -4.3339673394524915*^-6}}, {{-0.5244476463017319, 0.00023096320781225215, 
    0, -0.00023096320780644668}, {0.0002309632078013513, 
    -4.333967339456828*^-6, 0.000043269291685014936, 0.007834900470527758}, 
   {0, 0.00004326929168694244, 0.9985123714206706, 0.000043269291688052274}, 
   {-0.00023096320780689145, 0.00783490047053126, 0.00004326929168435704, 
    -4.333967337461463*^-6}}, {{-0.5244476463017331, -0.00023096320780190276, 
    0.00023096320780656725, 0}, {-0.00023096320781158493, 
    -4.333967338523981*^-6, 0.007834900470530459, 0.000043269291689948313}, 
   {0.00023096320780677154, 0.00783490047052735, -4.333967338621125*^-6, 
    0.00004326929168787628}, {0, 0.000043269291682357163, 
    0.00004326929168454647, 0.9985123714206706}}}, 
 {{{0, 0.022375975121200115, 0.022375975121200133, 0.022375975121199668}, 
   {-0.022375975121200115, 0, -0.02232813828056881, 0.022328138280570037}, 
   {-0.022375975121200133, 0.02232813828056881, 0, -0.022328138280569912}, 
   {-0.022375975121199668, -0.022328138280570037, 0.022328138280569912, 0}}, 
  {{0, 0.02237597512119996, 0.02237597512119985, 0.0223759751212001}, 
   {-0.02237597512119996, 0, -0.02232813828056946, 0.022328138280569565}, 
   {-0.02237597512119985, 0.02232813828056946, 0, -0.02232813828056951}, 
   {-0.0223759751212001, -0.022328138280569565, 0.02232813828056951, 0}}}, 
 {0, 0}, {{-1.5616526705540004, -1.5508008993359323}, 
  {-6.298585924451494, -1.5771817992657375, -1.5721111629600095}, 
  {-1.5724928419546864, -1.5616410707366184}, {{2, 0.0003883053892580115}}, 
  {{2, 0.000047836840630422504}}, {1.2391248845672002*^-10, 
   0.9911073583356987}}}
