{4, 28, {{{-0.52482166351573, 0, -0.000028210762808787055, 
    0.000028210762808810454}, {0, 0.9998312519535468, 5.363244320445725*^-6, 
    5.3632443216447715*^-6}, {-0.000028210762808633424, 
    5.363244322042975*^-6, 1.0145344171577989*^-6, 0.00019051314038083902}, 
   {0.000028210762809038983, 5.363244321815053*^-6, 0.00019051314037774985, 
    1.0145344166935435*^-6}}, {{-0.5248216635157301, 0.000028210762808896353, 
    0, -0.000028210762808824447}, {0.0000282107628085719, 
    1.0145344173484016*^-6, 5.363244321999493*^-6, 0.0001905131403795612}, 
   {0, 5.363244320439237*^-6, 0.9998312519535466, 5.363244321798883*^-6}, 
   {-0.000028210762809090734, 0.00019051314037930062, 5.363244321653899*^-6, 
    1.014534416498604*^-6}}, {{-0.5248216635157296, -0.0000282107628088891, 
    0.00002821076280879043, 0}, {-0.000028210762808530428, 
    1.014534417326067*^-6, 0.00019051314038163626, 5.363244321848827*^-6}, 
   {0.000028210762808592143, 0.00019051314037644475, 1.0145344172263204*^-6, 
    5.363244321687817*^-6}, {0, 5.363244321739221*^-6, 5.363244321950171*^-6, 
    0.9998312519535464}}}, 
 {{{0, 0.00783238181596307, 0.007832381815963041, 0.007832381815963258}, 
   {-0.00783238181596307, 0, -0.007810744543674224, 0.007810744543672966}, 
   {-0.007832381815963041, 0.007810744543674224, 0, -0.007810744543672664}, 
   {-0.007832381815963258, -0.007810744543672966, 0.007810744543672664, 0}}, 
  {{0, 0.007832381815963144, 0.00783238181596306, 0.007832381815963263}, 
   {-0.007832381815963144, 0, -0.007810744543674223, 0.007810744543672694}, 
   {-0.00783238181596306, 0.007810744543674223, 0, -0.007810744543673063}, 
   {-0.007832381815963263, -0.007810744543672694, 0.007810744543673063, 0}}}, 
 {0, 0}, {{-1.5730267329456062, -1.5716701246206533}, 
  {-6.298519755158496, -1.574933531929804, -1.5743263456494443}, 
  {-1.5743814674278118, -1.5730248591028588}, {{2, 0.0014740974878754403}, 
   {3, 0.00032055932144928363}}, {{2, 0.00007816704763628272}, 
   {3, 0.000021637272289833824}}, {2.2706730457113506*^-13, 
   0.9989879387637345}}}
