{3, 20, {{{-0.5245376958865987, 0, -0.00018188555674263402, 
    0.0001818855567423957}, {0, 0.998851995425927, 0.000034478596149824436, 
    0.000034478596151813845}, {-0.00018188555674213488, 
    0.0000344785961510373, -4.0160502797559686*^-6, 0.005681528487924357}, 
   {0.00018188555674266983, 0.000034478596148087544, 0.005681528487924162, 
    -4.016050279499663*^-6}}, {{-0.5245376958865983, 0.0001818855567456787, 
    0, -0.00018188555674224113}, {0.00018188555673895955, 
    -4.016050278516509*^-6, 0.000034478596150127206, 0.0056815284879223795}, 
   {0, 0.00003447859615071772, 0.9988519954259261, 0.00003447859615127901}, 
   {-0.00018188555674281592, 0.005681528487925718, 0.00003447859614872092, 
    -4.016050278485717*^-6}}, {{-0.5245376958865984, -0.00018188555673907716, 
    0.00018188555674221373, 0}, {-0.00018188555674539936, 
    -4.01605027919999*^-6, 0.005681528487925419, 0.000034478596152305693}, 
   {0.00018188555674235075, 0.005681528487923472, -4.0160502788877395*^-6, 
    0.000034478596151065414}, {0, 0.00003447859614802255, 
    0.000034478596149364876, 0.9988519954259283}}}, 
 {{{0, 0.019904833156644472, 0.019904833156644576, 0.019904833156644222}, 
   {-0.019904833156644472, 0, -0.019866168777582745, 0.019866168777583237}, 
   {-0.019904833156644576, 0.019866168777582745, 0, -0.019866168777583095}, 
   {-0.019904833156644222, -0.019866168777583237, 0.019866168777583095, 0}}, 
  {{0, 0.019904833156644455, 0.019904833156644385, 0.019904833156644552}, 
   {-0.019904833156644455, 0, -0.019866168777582724, 0.019866168777583154}, 
   {-0.019904833156644385, 0.019866168777582724, 0, -0.019866168777582866}, 
   {-0.019904833156644552, -0.019866168777583154, 0.019866168777582866, 0}}}, 
 {0, 0}, {{-1.5643761342004496, -1.555757088614577}, 
  {-6.298598228471086, -1.576648534417485, -1.572650579818058}, 
  {-1.5729868087027, -1.5643677631168273}, {{2, 0.0003042792350303981}}, 
  {{2, 0.00003866437906147335}}, {6.147304483605358*^-11, 
   0.9931317110396979}}}
