{3, 20, {{{-0.5246635241436106, 0, -0.00011463921658253154, 
    0.00011463921658298784}, {0, 0.9992916206173553, 0.000022065509139302803, 
    0.000022065509141151216}, {-0.00011463921658230978, 
    0.00002206550914156181, -3.0871968709554436*^-6, 0.003080738184522897}, 
   {0.00011463921658197609, 0.000022065509139522093, 0.0030807381845221705, 
    -3.08719687375442*^-6}}, {{-0.524663524143611, 0.00011463921658405605, 0, 
    -0.00011463921658292588}, {0.00011463921658080464, 
    -3.0871968709584793*^-6, 0.000022065509141019018, 0.003080738184520476}, 
   {0, 0.000022065509139838416, 0.9992916206173551, 0.000022065509140706777}, 
   {-0.00011463921658204529, 0.0030807381845240557, 0.000022065509139974927, 
    -3.087196874251852*^-6}}, {{-0.524663524143613, -0.00011463921658097876, 
    0.00011463921658225481, 0}, {-0.00011463921658376602, 
    -3.0871968734001026*^-6, 0.0030807381845224255, 0.00002206550914138545}, 
   {0.00011463921658240232, 0.003080738184518677, -3.0871968724477394*^-6, 
    0.000022065509141005567}, {0, 0.0000220655091395641, 
    0.000022065509140013295, 0.9992916206173578}}}, 
 {{{0, 0.015849092379723012, 0.01584909237972298, 0.015849092379722984}, 
   {-0.015849092379723012, 0, -0.01582261220623654, 0.015822612206238054}, 
   {-0.01584909237972298, 0.01582261220623654, 0, -0.015822612206238172}, 
   {-0.015849092379722984, -0.015822612206238054, 0.015822612206238172, 0}}, 
  {{0, 0.015849092379722957, 0.01584909237972295, 0.015849092379723085}, 
   {-0.015849092379722957, 0, -0.015822612206235792, 0.015822612206238536}, 
   {-0.01584909237972295, 0.015822612206235792, 0, -0.015822612206238356}, 
   {-0.015849092379723085, -0.015822612206238536, 0.015822612206238356, 0}}}, 
 {0, 0}, {{-1.5681388844975248, -1.5626485978464177}, 
  {-6.29860729429298, -1.57591332303481, -1.57339032411168}, 
  {-1.5736245846480443, -1.5681342979969373}, {{2, 0.00019874867365717247}}, 
  {{2, 0.00002648017348541934}}, {1.5691667786814246*^-11, 
   0.9957572436188443}}}
