{3, 20, {{{-0.5243460590953358, 0, -0.00028740011997174325, 
    0.0002874001199724502}, {0, 0.998094656017119, 0.000053128128604424876, 
    0.00005312812860943189}, {-0.00028740011997192193, 
    0.000053128128604623936, -4.3060747856736754*^-6, 0.01058175086683346}, 
   {0.00028740011997155585, 0.00005312812859916959, 0.010581750866832742, 
    -4.3060747835998135*^-6}}, {{-0.5243460590953354, 0.0002874001199797808, 
    0, -0.00028740011997187}, {0.0002874001199635959, -4.306074785588674*^-6, 
    0.000053128128602964714, 0.010581750866831328}, 
   {0, 0.00005312812860601339, 0.9980946560171188, 0.000053128128606713756}, 
   {-0.0002874001199720926, 0.010581750866834824, 0.00005312812860183505, 
    -4.306074784050408*^-6}}, {{-0.5243460590953362, -0.00028740011996334345, 
    0.00028740011997143897, 0}, {-0.00028740011997985406, 
    -4.306074783307079*^-6, 0.010581750866833873, 0.000053128128609570635}, 
   {0.00028740011997207925, 0.010581750866830306, -4.306074782439717*^-6, 
    0.000053128128607236646}, {0, 0.00005312812859923342, 
    0.00005312812860162071, 0.9980946560171184}}}, 
 {{{0, 0.02488774012137445, 0.02488774012137466, 0.024887740121374017}, 
   {-0.02488774012137445, 0, -0.02482997766885426, 0.02482997766885455}, 
   {-0.02488774012137466, 0.02482997766885426, 0, -0.024829977668854582}, 
   {-0.024887740121374017, -0.02482997766885455, 0.024829977668854582, 0}}, 
  {{0, 0.02488774012137426, 0.024887740121374145, 0.024887740121374766}, 
   {-0.02488774012137426, 0, -0.024829977668854395, 0.024829977668853954}, 
   {-0.024887740121374145, 0.024829977668854395, 0, -0.024829977668853816}, 
   {-0.024887740121374766, -0.024829977668853954, 0.024829977668853816, 0}}}, 
 {0, 0}, {{-1.5585360798686254, -1.5451729624521289}, 
  {-6.29856577051966, -1.5777922899171095, -1.5714905953427203}, 
  {-1.5718836899222277, -1.5585205725057312}, {{2, 0.0004978810317815968}}, 
  {{2, 0.0000577624525201232}}, {2.3434623135798777*^-10, 
   0.9886222529948829}}}
