{3, 20, {{{0, 0, 0, 0}, {0, 0, 0, 0}, {0, 0, 0, 0}, {0, 0, 0, 0}}, 
  {{0, 0, 0, 0}, {0, 0, 0, 0}, {0, 0, 0, 0}, {0, 0, 0, 0}}, 
  {{0, 0, 0, 0}, {0, 0, 0, 0}, {0, 0, 0, 0}, {0, 0, 0, 0}}}, 
 {{{0, 0.5773502691896225, 0.5773502691896226, 0.577350269189633}, 
   {-0.5773502691896225, 0, -0.5773502691896197, 0.5773502691896288}, 
   {-0.5773502691896226, 0.5773502691896197, 0, -0.5773502691896288}, 
   {-0.577350269189633, -0.5773502691896288, 0.5773502691896288, 0}}, 
  {{0, 0.5773502691896228, 0.577350269189623, 0.5773502691896317}, 
   {-0.5773502691896228, 0, -0.5773502691896204, 0.5773502691896284}, 
   {-0.577350269189623, 0.5773502691896204, 0, -0.5773502691896286}, 
   {-0.5773502691896317, -0.5773502691896284, 0.5773502691896286, 0}}}, 
 {0, 0}, {{-0.4700000000000004, 0.06}, {-2.5300000000000153, 
   -4.000000000000002, 2.734999999999994}, {-1.000000000000001, 
   -0.4700000000000007}, {{2, 6.994405055138486*^-15}}, 
  {{2, 8.049116928532385*^-15}}, {0.037037037037037056, 0}}}
