{5, 20, {{{-0.5246642668012135, 0, -0.0001133982479137448, 
    0.000113398247913597}, {0, 0.9993104573336514, 0.000022145089458629556, 
    0.000022145089458898506}, {-0.0001133982479134486, 
    0.00002214508945956727, -6.381532629184429*^-6, 0.0010471064644348874}, 
   {0.00011339824791320192, 0.00002214508945883217, 0.0010471064644357285, 
    -6.381532628620644*^-6}}, {{-0.5246642668012134, 0.00011339824791353662, 
    0, -0.00011339824791362045}, {0.00011339824791369501, 
    -6.381532628314465*^-6, 0.000022145089459494156, 0.0010471064644360605}, 
   {0, 0.000022145089458649048, 0.999310457333651, 0.00002214508945876289}, 
   {-0.00011339824791321746, 0.0010471064644347757, 0.000022145089458950144, 
    -6.381532629517062*^-6}}, {{-0.5246642668012149, -0.00011339824791349725, 
    0.00011339824791371735, 0}, {-0.00011339824791357322, 
    -6.3815326292598895*^-6, 0.001047106464434515, 0.000022145089458947166}, 
   {0.00011339824791338123, 0.0010471064644369662, -6.381532628968456*^-6, 
    0.00002214508945911685}, {0, 0.000022145089458991347, 
    0.000022145089458829354, 0.9993104573336532}}}, 
 {{{0, 0.015802675338349753, 0.01580267533834979, 0.015802675338349798}, 
   {-0.015802675338349753, 0, -0.015782327998057268, 0.015782327998057247}, 
   {-0.01580267533834979, 0.015782327998057268, 0, -0.01578232799805728}, 
   {-0.015802675338349798, -0.015782327998057247, 0.01578232799805728, 0}}, 
  {{0, 0.01580267533834985, 0.015802675338349767, 0.015802675338349878}, 
   {-0.01580267533834985, 0, -0.015782327998057333, 0.015782327998057212}, 
   {-0.015802675338349767, 0.015782327998057333, 0, -0.01578232799805741}, 
   {-0.015802675338349878, -0.015782327998057212, 0.01578232799805741, 0}}}, 
 {0, 0}, {{-1.5681824315384791, -1.562708224222172}, 
  {-6.298610913225602, -1.5759035615576205, -1.5734018950551805}, 
  {-1.573653114592068, -1.5681789072757608}, {{2, 0.0029540358869320858}, 
   {3, 0.0006470464366827664}, {4, 0.0002821772767611102}}, 
  {{2, 0.00015512398797569958}, {3, 0.00004447637921442017}, 
   {4, 0.000020347340292514494}}, {1.545348338307244*^-11, 
   0.9958698694845077}}}
