{3, 20, {{{-0.5241486451499053, 0, -0.00040081027783038633, 
    0.00040081027783141904}, {0, 0.9971243816810925, 0.00007234468865055537, 
    0.00007234468866286966}, {-0.0004008102778314725, 0.00007234468865331888, 
    -2.821484941454254*^-6, 0.01709214727442653}, 
   {0.0004008102778299071, 0.00007234468864073041, 0.017092147274425096, 
    -2.8214849385789498*^-6}}, {{-0.5241486451499058, 0.00040081027784867943, 
    0, -0.0004008102778297282}, {0.0004008102778134749, 
    -2.821484941702753*^-6, 0.00007234468865054579, 0.017092147274424693}, 
   {0, 0.00007234468865335397, 0.9971243816810929, 0.00007234468865674526}, 
   {-0.0004008102778316053, 0.017092147274427, 0.00007234468864703542, 
    -2.821484939305799*^-6}}, {{-0.5241486451499078, -0.0004008102778133807, 
    0.00040081027783106884, 0}, {-0.0004008102778486825, 
    -2.8214849388703833*^-6, 0.017092147274423004, 0.00007234468866311678}, 
   {0.00040081027783068265, 0.017092147274423382, -2.821484938020369*^-6, 
    0.00007234468865724688}, {0, 0.00007234468864078785, 
    0.00007234468864683407, 0.9971243816810929}}}, 
 {{{0, 0.02921222173636627, 0.02921222173636671, 0.02921222173636532}, 
   {-0.02921222173636627, 0, -0.029141222198565356, 0.029141222198566092}, 
   {-0.02921222173636671, 0.029141222198565356, 0, -0.029141222198565776}, 
   {-0.02921222173636532, -0.029141222198566092, 0.029141222198565776, 0}}, 
  {{0, 0.029212221736365833, 0.029212221736365406, 0.029212221736367085}, 
   {-0.029212221736365833, 0, -0.029141222198566068, 0.029141222198565773}, 
   {-0.029212221736365406, 0.029141222198566068, 0, -0.02914122219856586}, 
   {-0.029212221736367085, -0.029141222198565773, 0.02914122219856586, 0}}}, 
 {0, 0}, {{-1.5522693039988043, -1.534054365189038}, 
  {-6.298508079695624, -1.5790156308829828, -1.5702384089648294}, 
  {-1.5704621073433507, -1.5522471685335844}, {{2, 0.000786026125220593}}, 
  {{2, 0.0000709995378002833}}, {6.12416064299024*^-10, 0.982869853241657}}}
