{3, 20, {{{0, 0, 0, 0}, {0, 0, 0, 0}, {0, 0, 0, 0}, {0, 0, 0, 0}}, 
  {{0, 0, 0, 0}, {0, 0, 0, 0}, {0, 0, 0, 0}, {0, 0, 0, 0}}, 
  {{0, 0, 0, 0}, {0, 0, 0, 0}, {0, 0, 0, 0}, {0, 0, 0, 0}}}, 
 {{{0, 0.5773502691896204, 0.5773502691896206, 0.5773502691896364}, 
   {-0.5773502691896204, 0, -0.5773502691896162, 0.5773502691896305}, 
   {-0.5773502691896206, 0.5773502691896162, 0, -0.5773502691896305}, 
   {-0.5773502691896364, -0.5773502691896305, 0.5773502691896305, 0}}, 
  {{0, 0.577350269189624, 0.577350269189624, 0.5773502691896284}, 
   {-0.577350269189624, 0, -0.5773502691896228, 0.5773502691896275}, 
   {-0.577350269189624, 0.5773502691896228, 0, -0.5773502691896274}, 
   {-0.5773502691896284, -0.5773502691896275, 0.5773502691896274, 0}}}, 
 {0, 0}, {{-0.45999999999999946, 0.0800000000000004}, 
  {-2.539999999999987, -3.999999999999999, 2.7300000000000058}, 
  {-0.9999999999999998, -0.45999999999999985}, 
  {{2, 1.5543122344752192*^-15}}, {{2, 8.789265611615822*^-15}}, 
  {0.03703703703703706, 0}}}
