{150, 20, {{{-0.468281836588524, 0, -0.19538752168579784, 
    0.19538752165213005}, {0, 0.44783326413122326, 0.1722201175388585, 
    0.17222011760261596}, {-0.1953875216439396, 0.17222011760647024, 
    -0.27005021334699525, 0.42446975128217385}, {0.19538752167760154, 
    0.17222011754269975, 0.4244697504602879, -0.27005021334700263}}, 
  {{-0.4682818365885239, 0.19538752164394088, 0, -0.19538752167760304}, 
   {0.19538752168579657, -0.27005021334699486, 0.17222011753885924, 
    0.4244697504602889}, {0, 0.17222011760646996, 0.44783326413122304, 
    0.1722201175426999}, {-0.19538752165212905, 0.42446975128217374, 
    0.17222011760261607, -0.27005021334700247}}, 
  {{-0.4682818365885321, -0.19538752168287687, 0.19538752164685727, 0}, 
   {-0.19538752164685935, -0.2700502133469958, 0.42446975128311876, 
    0.172220117605649}, {0.19538752168287893, 0.4244697504593471, 
    -0.27005021334699625, 0.1722201175396762}, {0, 0.17222011753967736, 
    0.17222011760564987, 0.44783326413122204}}}, 
 {{{0, 0.07146946384695971, 0.07146946384748251, 0.07146946384722053}, 
   {-0.07146946384695971, 0, -0.029378566256993435, 0.029378566256671287}, 
   {-0.07146946384748251, 0.029378566256993435, 0, -0.02937856625731477}, 
   {-0.07146946384722053, -0.029378566256671287, 0.02937856625731477, 0}}, 
  {{0, 0.07146946384748254, 0.07146946384695964, 0.07146946384722039}, 
   {-0.07146946384748254, 0, -0.02937856625699356, 0.029378566257314758}, 
   {-0.07146946384695964, 0.02937856625699356, 0, -0.029378566256671398}, 
   {-0.07146946384722039, -0.029378566257314758, 0.029378566256671398, 0}}}, 
 {0, 0}, {{-0.5949447059970016, -0.5454292089677639}, 
  {-7.117649026389052, -0.577593937353638, -2.981230575840888}, 
  {-0.6298794883937484, -0.5803639913645108}, {{2, 0.005958586404440247}, 
   {3, 0.0013445256974320384}, {4, 0.0011758806625869625}, 
   {5, 0.0011515899145798387}, {6, 0.0011278249933398014}, 
   {7, 0.0011073256372171984}, {8, 0.0010903733797507156}, 
   {9, 0.0010769862838340347}, {10, 0.0010669246449619748}, 
   {11, 0.0010601494635014332}, {12, 0.0010564824984753696}, 
   {13, 0.0010559485013468643}, {14, 0.001058449600599639}, 
   {15, 0.0010640749276966469}, {16, 0.0010728047665723994}, 
   {17, 0.0010847939686378198}, {18, 0.001100104394104101}, 
   {19, 0.001118964743891268}, {20, 0.0011415294082514071}, 
   {21, 0.0011681172996143782}, {22, 0.001198995711169843}, 
   {23, 0.0012346009874493434}, {24, 0.0012753466846145076}, 
   {25, 0.0013218294124661828}, {26, 0.0013746615937163253}, 
   {27, 0.00143466675331054}, {28, 0.0015027387750090118}, 
   {29, 0.0015800326893851135}, {30, 0.0016678550615705362}, 
   {31, 0.0017678596960719606}, {32, 0.0018819787361646495}, 
   {33, 0.002012639202000996}, {34, 0.002162753767340146}, 
   {35, 0.0023359869198467595}, {36, 0.0025368429692707445}, 
   {37, 0.0027710369100103216}, {38, 0.003045755491997759}, 
   {39, 0.003370243236964915}, {40, 0.003756393776384509}, 
   {41, 0.00421978072175478}, {42, 0.004780911831554879}, 
   {43, 0.005467189329024194}, {44, 0.00631552178396097}, 
   {45, 0.007376184957128704}, {46, 0.00871805441966303}, 
   {47, 0.010435736636697265}, {48, 0.01265803314905889}, 
   {49, 0.015555393207731388}, {50, 0.019337234406377996}, 
   {51, 0.024214757829631978}, {52, 0.030274818591156077}, 
   {53, 0.037187367856713255}, {54, 0.04376927734107722}, 
   {55, 0.05020606970355246}, {56, 0.057958722272945185}, 
   {57, 0.058783425739335815}, {58, 0.05199653529795323}, 
   {59, 0.04190603464979503}, {60, 0.028798235980127762}, 
   {61, 0.017836469998342652}, {62, 0.010846382975543745}, 
   {63, 0.008443293452510308}, {64, 0.013702064811489627}, 
   {65, 0.021987492816383777}, {66, 0.03559180801764179}, 
   {67, 0.05681047152978189}, {68, 0.09281027573937178}, 
   {69, 0.1446836829767983}, {70, 0.2205616146366659}, 
   {71, 0.29935179727175715}, {72, 0.39550072278642784}, 
   {73, 0.45776367323030265}, {74, 0.5235240900887956}, 
   {75, 0.5517009688284601}, {76, 0.5807476605572148}, 
   {77, 0.5906157937297936}, {78, 0.6013903870389337}, 
   {79, 0.6045895053998662}, {80, 0.608414375635625}, 
   {81, 0.6094209980654393}, {82, 0.6107712410570593}, 
   {83, 0.6110807365689708}, {84, 0.6115593119175895}, 
   {85, 0.6116519361202095}, {86, 0.611822640853639}, 
   {87, 0.6118493400740642}, {88, 0.6119106510665916}, 
   {89, 0.6119179080589408}, {90, 0.6119400835659721}, 
   {91, 0.6119418575846167}, {92, 0.6119499342711621}, 
   {93, 0.6119502724922918}, {94, 0.6119532343394685}, 
   {95, 0.6119532477402508}, {96, 0.6119543411283657}, 
   {97, 0.6119543066011235}, {98, 0.6119547128107079}, 
   {99, 0.6119546859920446}, {100, 0.611954837817677}, 
   {101, 0.6119548228662945}, {102, 0.6119548799343263}, 
   {103, 0.6119548725894075}, {104, 0.6119548941525693}, 
   {105, 0.6119548907768131}, {106, 0.6119548989636145}, 
   {107, 0.6119548974740185}, {108, 0.6119549005958302}, 
   {109, 0.6119548999561529}, {110, 0.6119549011512421}, 
   {111, 0.6119549008817717}, {112, 0.6119549013408787}, 
   {113, 0.6119549012289542}, {114, 0.6119549014058735}, 
   {115, 0.6119549013598805}, {116, 0.6119549014282437}, 
   {117, 0.6119549014094999}, {118, 0.6119549014359795}, 
   {119, 0.6119549014283898}, {120, 0.6119549014386682}, 
   {121, 0.6119549014356108}, {122, 0.6119549014396074}, 
   {123, 0.6119549014383809}, {124, 0.6119549014399384}, 
   {125, 0.6119549014394478}, {126, 0.6119549014400544}, 
   {127, 0.611954901439859}, {128, 0.6119549014400969}, 
   {129, 0.6119549014400187}, {130, 0.6119549014401113}, 
   {131, 0.6119549014400805}, {132, 0.6119549014401171}, 
   {133, 0.6119549014401051}, {134, 0.6119549014401187}, 
   {135, 0.6119549014401142}, {136, 0.6119549014401197}, 
   {137, 0.6119549014401174}, {138, 0.6119549014401202}, 
   {139, 0.6119549014401191}, {140, 0.6119549014401198}, 
   {141, 0.6119549014401195}, {142, 0.61195490144012}, 
   {143, 0.6119549014401195}, {144, 0.61195490144012}, 
   {145, 0.6119549014401202}, {146, 0.6119549014401207}, 
   {147, 0.6119549014401204}, {148, 0.611954901440121}, 
   {149, 0.6119549014401208}}, {{2, 0.00030905512760276074}, 
   {3, 0.00010659268735107215}, {4, 0.00006079893160474553}, 
   {5, 0.000056898053107085525}, {6, 0.000056418574241693754}, 
   {7, 0.00006148911605620305}, {8, 0.00006241622801008104}, 
   {9, 0.00006682288832186162}, {10, 0.00006708921098167939}, 
   {11, 0.00007046869592230998}, {12, 0.00007003532500706362}, 
   {13, 0.0000724384443283703}, {14, 0.00007132731982387405}, 
   {15, 0.00007278639147435817}, {16, 0.00007098694750216558}, 
   {17, 0.00007149641432235496}, {18, 0.00006896101470588051}, 
   {19, 0.00006847489871200652}, {20, 0.00006511504111444387}, 
   {21, 0.00006354141399315602}, {22, 0.00005921979812239843}, 
   {23, 0.000056410387941368635}, {24, 0.000050927305698462294}, 
   {25, 0.00004666036198933132}, {26, 0.00003973194541613198}, 
   {27, 0.000033685116584454784}, {28, 0.000024909176024640507}, 
   {29, 0.00001661679554869691}, {30, 5.418865912947915*^-6}, 
   {31, 5.796109267563789*^-6}, {32, 0.000020249495662346774}, 
   {33, 0.00003538626460883899}, {34, 0.000054330517362793235}, 
   {35, 0.00007489578343913492}, {36, 0.00010021109601597693}, 
   {37, 0.00012853938810674045}, {38, 0.00016317781738226533}, 
   {39, 0.00020300548535402232}, {40, 0.0002517709238954978}, 
   {41, 0.0003093051333563264}, {42, 0.0003803339585163335}, 
   {43, 0.0004663193180458972}, {44, 0.0005739878004507685}, 
   {45, 0.0007078079063816654}, {46, 0.000878508754740431}, 
   {47, 0.0010961973336584088}, {48, 0.0013790335665500146}, 
   {49, 0.001746205830519234}, {50, 0.0022246649458546397}, 
   {51, 0.002834580089773149}, {52, 0.003577258071490628}, 
   {53, 0.004379621173158512}, {54, 0.0050331386494138815}, 
   {55, 0.00515292354650772}, {56, 0.00433604642767304}, 
   {57, 0.0024272989707837186}, {58, 0.00036323474771200964}, 
   {59, 0.0021164710733727076}, {60, 0.005105815451380437}, 
   {61, 0.007288475634470171}, {62, 0.008893931708511264}, 
   {63, 0.009781629045039535}, {64, 0.010423032774881382}, 
   {65, 0.010784904818621899}, {66, 0.011253409242530724}, 
   {67, 0.011943152645898836}, {68, 0.014862924237465979}, 
   {69, 0.017526075743834038}, {70, 0.021366289583968155}, 
   {71, 0.025638889442431895}, {72, 0.02968719344798562}, 
   {73, 0.0330790004495567}, {74, 0.035731261921122665}, 
   {75, 0.03773140232190848}, {76, 0.039182677679371586}, 
   {77, 0.040194365612841815}, {78, 0.04087443020951836}, 
   {79, 0.04131933480769204}, {80, 0.041604939624001136}, 
   {81, 0.04178610497209685}, {82, 0.041900176128981094}, 
   {83, 0.04197170029887305}, {84, 0.042016441435295045}, 
   {85, 0.04204439646352857}, {86, 0.04206185413936606}, 
   {87, 0.04207275497637787}, {88, 0.04207956206045752}, 
   {89, 0.04208381354072238}, {90, 0.04208646945675854}, 
   {91, 0.04208812901822516}, {92, 0.04208916624992248}, 
   {93, 0.042089814674242526}, {94, 0.0420902201248054}, 
   {95, 0.0420904736996693}, {96, 0.04209063231958641}, 
   {97, 0.042090731559581346}, {98, 0.042090793658976486}, 
   {99, 0.04209083252359104}, {100, 0.04209085685025768}, 
   {101, 0.042090872079120246}, {102, 0.04209088161376607}, 
   {103, 0.0420908875839799}, {104, 0.04209089132267192}, 
   {105, 0.04209089366415235}, {106, 0.04209089513071035}, 
   {107, 0.04209089604934491}, {108, 0.042090896624809394}, 
   {109, 0.042090896985325005}, {110, 0.042090897211194}, 
   {111, 0.042090897352713014}, {112, 0.042090897441386776}, 
   {113, 0.042090897496951385}, {114, 0.04209089753177068}, 
   {115, 0.042090897553591064}, {116, 0.042090897567265674}, 
   {117, 0.04209089757583587}, {118, 0.042090897581207085}, 
   {119, 0.04209089758457352}, {120, 0.042090897586683676}, 
   {121, 0.042090897588006194}, {122, 0.042090897588835205}, 
   {123, 0.0420908975893547}, {124, 0.04209089758968058}, 
   {125, 0.04209089758988478}, {126, 0.0420908975900127}, 
   {127, 0.04209089759009291}, {128, 0.04209089759014321}, 
   {129, 0.04209089759017472}, {130, 0.04209089759019449}, 
   {131, 0.042090897590206885}, {132, 0.042090897590214615}, 
   {133, 0.042090897590219487}, {134, 0.04209089759022251}, 
   {135, 0.04209089759022455}, {136, 0.042090897590225676}, 
   {137, 0.04209089759022653}, {138, 0.042090897590226994}, 
   {139, 0.04209089759022727}, {140, 0.04209089759022748}, 
   {141, 0.04209089759022753}, {142, 0.042090897590227584}, 
   {143, 0.04209089759022762}, {144, 0.04209089759022772}, 
   {145, 0.04209089759022775}, {146, 0.042090897590227674}, 
   {147, 0.04209089759022777}, {148, 0.04209089759022777}, 
   {149, 0.042090897590227674}}, {6.429594506963215*^-10, 
   0.008066740636406559}}}
{50, 20, {{{0, 0, 0, 0}, {0, 0, 0, 0}, {0, 0, 0, 0}, {0, 0, 0, 0}}, 
  {{0, 0, 0, 0}, {0, 0, 0, 0}, {0, 0, 0, 0}, {0, 0, 0, 0}}, 
  {{0, 0, 0, 0}, {0, 0, 0, 0}, {0, 0, 0, 0}, {0, 0, 0, 0}}}, 
 {{{0, 0.5773502691896213, 0.5773502691896213, 0.5773502691896348}, 
   {-0.5773502691896213, 0, -0.5773502691896175, 0.57735026918963}, 
   {-0.5773502691896213, 0.5773502691896175, 0, -0.57735026918963}, 
   {-0.5773502691896348, -0.57735026918963, 0.57735026918963, 0}}, 
  {{0, 0.5773502691896346, 0.5773502691896346, 0.5773502691896083}, 
   {-0.5773502691896346, 0, -0.5773502691896424, 0.5773502691896172}, 
   {-0.5773502691896346, 0.5773502691896424, 0, -0.5773502691896173}, 
   {-0.5773502691896083, -0.5773502691896172, 0.5773502691896173, 0}}}, 
 {0, 0}, {{-0.6000000000000003, -0.20000000000000015}, 
  {-2.4000000000000163, -4., 2.799999999999992}, 
  {-1.0000000000000004, -0.6000000000000003}, {{2, 0.005958586404440247}, 
   {3, 0.0013445256974320384}, {4, 0.0011758806625869625}, 
   {5, 0.0011515899145798387}, {6, 0.0011278249933398014}, 
   {7, 0.0011073256372171984}, {8, 0.0010903733797507156}, 
   {9, 0.0010769862838340347}, {10, 0.0010669246449619748}, 
   {11, 0.0010601494635014332}, {12, 0.0010564824984753696}, 
   {13, 0.0010559485013468643}, {14, 0.001058449600599639}, 
   {15, 0.0010640749276966469}, {16, 0.0010728047665723994}, 
   {17, 0.0010847939686378198}, {18, 0.001100104394104101}, 
   {19, 0.001118964743891268}, {20, 0.0011415294082514071}, 
   {21, 0.0011681172996143782}, {22, 0.001198995711169843}, 
   {23, 0.0012346009874493434}, {24, 0.0012753466846145076}, 
   {25, 0.0013218294124661828}, {26, 0.0013746615937163253}, 
   {27, 0.00143466675331054}, {28, 0.0015027387750090118}, 
   {29, 0.0015800326893851135}, {30, 0.0016678550615705362}, 
   {31, 0.0017678596960719606}, {32, 0.0018819787361646495}, 
   {33, 0.002012639202000996}, {34, 0.002162753767340146}, 
   {35, 0.0023359869198467595}, {36, 0.0025368429692707445}, 
   {37, 0.0027710369100103216}, {38, 0.003045755491997759}, 
   {39, 0.003370243236964915}, {40, 0.003756393776384509}, 
   {41, 0.00421978072175478}, {42, 0.004780911831554879}, 
   {43, 0.005467189329024194}, {44, 0.00631552178396097}, 
   {45, 0.007376184957128704}, {46, 0.00871805441966303}, 
   {47, 0.010435736636697265}, {48, 0.97505065184394}, {49, 0.}}, 
  {{2, 0.00030905512760276074}, {3, 0.00010659268735107215}, 
   {4, 0.00006079893160474553}, {5, 0.000056898053107085525}, 
   {6, 0.000056418574241693754}, {7, 0.00006148911605620305}, 
   {8, 0.00006241622801008104}, {9, 0.00006682288832186162}, 
   {10, 0.00006708921098167939}, {11, 0.00007046869592230998}, 
   {12, 0.00007003532500706362}, {13, 0.0000724384443283703}, 
   {14, 0.00007132731982387405}, {15, 0.00007278639147435817}, 
   {16, 0.00007098694750216558}, {17, 0.00007149641432235496}, 
   {18, 0.00006896101470588051}, {19, 0.00006847489871200652}, 
   {20, 0.00006511504111444387}, {21, 0.00006354141399315602}, 
   {22, 0.00005921979812239843}, {23, 0.000056410387941368635}, 
   {24, 0.000050927305698462294}, {25, 0.00004666036198933132}, 
   {26, 0.00003973194541613198}, {27, 0.000033685116584454784}, 
   {28, 0.000024909176024640507}, {29, 0.00001661679554869691}, 
   {30, 5.418865912947915*^-6}, {31, 5.796109267563789*^-6}, 
   {32, 0.000020249495662346774}, {33, 0.00003538626460883899}, 
   {34, 0.000054330517362793235}, {35, 0.00007489578343913492}, 
   {36, 0.00010021109601597693}, {37, 0.00012853938810674045}, 
   {38, 0.00016317781738226533}, {39, 0.00020300548535402232}, 
   {40, 0.0002517709238954978}, {41, 0.0003093051333563264}, 
   {42, 0.0003803339585163335}, {43, 0.0004663193180458972}, 
   {44, 0.0005739878004507685}, {45, 0.0007078079063816654}, 
   {46, 0.000878508754740431}, {47, 0.0010961973336584088}, 
   {48, 1.7245464315844096*^-14}, {49, 1.7245464315844096*^-14}}, 
  {0.03703703703703702, 0}}}
{3, 20, {{{0, 0, 0, 0}, {0, 0, 0, 0}, {0, 0, 0, 0}, {0, 0, 0, 0}}, 
  {{0, 0, 0, 0}, {0, 0, 0, 0}, {0, 0, 0, 0}, {0, 0, 0, 0}}, 
  {{0, 0, 0, 0}, {0, 0, 0, 0}, {0, 0, 0, 0}, {0, 0, 0, 0}}}, 
 {{{0, 0.577350269189626, 0.5773502691896262, 0.577350269189626}, 
   {-0.577350269189626, 0, -0.5773502691896257, 0.5773502691896255}, 
   {-0.5773502691896262, 0.5773502691896257, 0, -0.5773502691896255}, 
   {-0.577350269189626, -0.5773502691896255, 0.5773502691896255, 0}}, 
  {{0, 0.5773502691896331, 0.577350269189633, 0.5773502691896113}, 
   {-0.5773502691896331, 0, -0.5773502691896396, 0.5773502691896188}, 
   {-0.577350269189633, 0.5773502691896396, 0, -0.5773502691896191}, 
   {-0.5773502691896113, -0.5773502691896188, 0.5773502691896191, 0}}}, 
 {0, 0}, {{-0.6000000000000005, -0.20000000000000015}, 
  {-2.4000000000000163, -4.000000000000001, 2.7999999999999927}, 
  {-1.0000000000000007, -0.6000000000000003}, {{2, 1.1102230246251565*^-14}}, 
  {{2, 9.621932880084689*^-15}}, {0.03703703703703702, 0}}}
