{3, 20, {{{-0.5241911700257806, 0, -0.0003759236664780773, 
    0.0003759236664796327}, {0, 0.9973563583063149, 0.00006817444887597346, 
    0.00006817444888677404}, {-0.0003759236664786708, 0.00006817444887836649, 
    -3.326196891746073*^-6, 0.015537846588443349}, 
   {0.0003759236664778101, 0.00006817444886754581, 0.015537846588442731, 
    -3.326196888375939*^-6}}, {{-0.5241911700257805, 0.00037592366649346275, 
    0, -0.00037592366647824446}, {0.0003759236664631762, 
    -3.3261968913249687*^-6, 0.00006817444887589815, 0.015537846588441198}, 
   {0, 0.00006817444887840848, 0.997356358306314, 0.00006817444888158033}, 
   {-0.0003759236664791515, 0.015537846588444659, 0.00006817444887285314, 
    -3.3261968887198477*^-6}}, 
  {{-0.5241911700257809, -0.00037592366646313025, 0.0003759236664784134, 0}, 
   {-0.000375923666493376, -3.3261968884566034*^-6, 0.015537846588440594, 
    0.0000681744488868377}, {0.0003759236664782415, 0.015537846588440265, 
    -3.326196887337707*^-6, 0.00006817444888190875}, 
   {0, 0.00006817444886790753, 0.00006817444887295694, 0.9973563583063151}}}, 
 {{{0, 0.028329002490150273, 0.028329002490150634, 0.028329002490149333}, 
   {-0.028329002490150273, 0, -0.028259714612340232, 0.028259714612341096}, 
   {-0.028329002490150634, 0.028259714612340232, 0, -0.02825971461234064}, 
   {-0.028329002490149333, -0.028259714612341096, 0.02825971461234064, 0}}, 
  {{0, 0.028329002490149843, 0.028329002490149517, 0.02832900249015076}, 
   {-0.028329002490149843, 0, -0.02825971461234041, 0.028259714612340923}, 
   {-0.028329002490149517, 0.02825971461234041, 0, -0.02825971461234117}, 
   {-0.02832900249015076, -0.028259714612340923, 0.02825971461234117, 0}}}, 
 {0, 0}, {{-1.5536502412517377, -1.5364766961774978}, 
  {-6.298522322321489, -1.5787470043455953, -1.570514156815149}, 
  {-1.5708027845541526, -1.5536292394799127}, {{2, 0.0007126842839272757}}, 
  {{2, 0.00006928787780931545}}, {5.093386469046466*^-10, 
   0.9842426136709903}}}
