{25, 28, {{{-0.5243691692690352, 0, -0.0002714265974694223, 
    0.00027142659746909965}, {0, 0.9981082089565598, 0.00005016022457065208, 
    0.00005016022457039407}, {-0.00027142659747013805, 
    0.000050160224569768835, -5.149703211162994*^-6, 0.012401279743423494}, 
   {0.00027142659746976107, 0.0000501602245697958, 0.012401279743422281, 
    -5.149703211773183*^-6}}, {{-0.5243691692690349, 0.0002714265974696569, 
    0, -0.00027142659746907314}, {0.0002714265974697456, 
    -5.149703211613154*^-6, 0.00005016022456992385, 0.012401279743422393}, 
   {0, 0.00005016022457051021, 0.9981082089565589, 0.000050160224570406705}, 
   {-0.0002714265974697933, 0.012401279743423619, 0.00005016022456975863, 
    -5.149703210732565*^-6}}, {{-0.5243691692690358, -0.0002714265974696515, 
    0.0002714265974700039, 0}, {-0.0002714265974696052, 
    -5.149703211926489*^-6, 0.012401279743424143, 0.000050160224570745945}, 
   {0.00027142659746941364, 0.012401279743421395, -5.149703212303791*^-6, 
    0.00005016022457046804}, {0, 0.000050160224569773416, 
    0.00005016022456995869, 0.9981082089565578}}}, 
 {{{0, 0.02419119110892705, 0.024191191108927035, 0.024191191108927087}, 
   {-0.02419119110892705, 0, -0.024139217103413914, 0.02413921710341357}, 
   {-0.024191191108927035, 0.024139217103413914, 0, -0.02413921710341357}, 
   {-0.024191191108927087, -0.02413921710341357, 0.02413921710341357, 0}}, 
  {{0, 0.024191191108926945, 0.024191191108926993, 0.024191191108927146}, 
   {-0.024191191108926945, 0, -0.02413921710341361, 0.02413921710341359}, 
   {-0.024191191108926993, 0.02413921710341361, 0, -0.02413921710341361}, 
   {-0.024191191108927146, -0.02413921710341359, 0.02413921710341361, 0}}}, 
 {0, 0}, {{-1.559317046666391, -1.54674693503751}, 
  {-6.298434047827269, -1.5776002139478178, -1.5716168099658165}, 
  {-1.5718736550525387, -1.5593035434236577}, {{2, 0.004447224570691646}, 
   {3, 0.00098614152787568}, {4, 0.0006458578211583587}, 
   {5, 0.0006259950001778368}, {6, 0.0006058988563403117}, 
   {7, 0.000587061646198097}, {8, 0.0005696606601186096}, 
   {9, 0.0005536725521835054}, {10, 0.0005389678344108534}, 
   {11, 0.0005254738808096139}, {12, 0.0005130725763996622}, 
   {13, 0.0005017074745748279}, {14, 0.000491281627071685}, 
   {15, 0.00048175343491772306}, {16, 0.00047304335713320086}, 
   {17, 0.000465121300036786}, {18, 0.00045792179656609436}, 
   {19, 0.00045142371288228733}, {20, 0.00044557313257440403}, 
   {21, 0.0004403560235727126}, {22, 0.00043572811929691764}, 
   {23, 0.0004316811433684002}, {24, 0.0004281790482606306}}, 
  {{2, 0.000234001494344235}, {3, 0.00007404865656206645}, 
   {4, 0.00003876684887222624}, {5, 0.00003393702457971104}, 
   {6, 0.000033380119680943496}, {7, 0.00003582600473889426}, 
   {8, 0.00003671787306386981}, {9, 0.00003915898162281927}, 
   {10, 0.000039930156674328546}, {11, 0.00004206589567383051}, 
   {12, 0.000042674470923153546}, {13, 0.000044531601689132394}, 
   {14, 0.000045001461696769884}, {15, 0.000046614574245584906}, 
   {16, 0.000046966655370044824}, {17, 0.00004836441343180365}, 
   {18, 0.00004861475904748754}, {19, 0.00004982048974833582}, 
   {20, 0.00004998116774588186}, {21, 0.000051013826164808075}, 
   {22, 0.00005109371580670069}, {23, 0.00005196863205399945}, 
   {24, 0.000051974005513398536}}, {1.9785138021062752*^-10, 
   0.9887028016220023}}}
