{3, 20, {{{0, 0, 0, 0}, {0, 0, 0, 0}, {0, 0, 0, 0}, {0, 0, 0, 0}}, 
  {{0, 0, 0, 0}, {0, 0, 0, 0}, {0, 0, 0, 0}, {0, 0, 0, 0}}, 
  {{0, 0, 0, 0}, {0, 0, 0, 0}, {0, 0, 0, 0}, {0, 0, 0, 0}}}, 
 {{{0, 0.5773502691896282, 0.5773502691896282, 0.5773502691896208}, 
   {-0.5773502691896282, 0, -0.5773502691896304, 0.577350269189624}, 
   {-0.5773502691896282, 0.5773502691896304, 0, -0.577350269189624}, 
   {-0.5773502691896208, -0.577350269189624, 0.577350269189624, 0}}, 
  {{0, 0.5773502691896288, 0.5773502691896288, 0.5773502691896202}, 
   {-0.5773502691896288, 0, -0.5773502691896315, 0.5773502691896228}, 
   {-0.5773502691896288, 0.5773502691896315, 0, -0.577350269189623}, 
   {-0.5773502691896202, -0.5773502691896228, 0.577350269189623, 0}}}, 
 {0, 0}, {{-0.5000000000000001, 1.1102230246251565*^-16}, 
  {-2.5, -4.000000000000002, 2.7500000000000018}, 
  {-1.0000000000000002, -0.5}, {{2, 9.547918011776346*^-15}}, 
  {{2, 6.864879035598884*^-15}}, {0.0370370370370371, 0}}}
