{3, 20, {{{0, 0, 0, 0}, {0, 0, 0, 0}, {0, 0, 0, 0}, {0, 0, 0, 0}}, 
  {{0, 0, 0, 0}, {0, 0, 0, 0}, {0, 0, 0, 0}, {0, 0, 0, 0}}, 
  {{0, 0, 0, 0}, {0, 0, 0, 0}, {0, 0, 0, 0}, {0, 0, 0, 0}}}, 
 {{{0, 0.5773502691896255, 0.5773502691896255, 0.577350269189627}, 
   {-0.5773502691896255, 0, -0.5773502691896253, 0.5773502691896262}, 
   {-0.5773502691896255, 0.5773502691896253, 0, -0.5773502691896264}, 
   {-0.577350269189627, -0.5773502691896262, 0.5773502691896264, 0}}, 
  {{0, 0.5773502691896281, 0.577350269189628, 0.577350269189622}, 
   {-0.5773502691896281, 0, -0.5773502691896302, 0.577350269189624}, 
   {-0.577350269189628, 0.5773502691896302, 0, -0.577350269189624}, 
   {-0.577350269189622, -0.577350269189624, 0.577350269189624, 0}}}, {0, 0}, 
 {{-0.5300000000000006, -0.06000000000000015}, 
  {-2.469999999999985, -4.000000000000003, 2.7650000000000103}, 
  {-1.0000000000000009, -0.5300000000000005}, {{2, 4.440892098500626*^-15}}, 
  {{2, 3.2566542055671257*^-15}}, {0.03703703703703712, 0}}}
