{25, 28, {{{-0.5248205552108678, 0, -0.00002826610509483037, 
    0.000028266105094494596}, {0, 0.9998247004915061, 5.581768920588352*^-6, 
    5.58176892135174*^-6}, {-0.00002826610509417284, 5.581768920646809*^-6, 
    -8.127736582385931*^-7, 0.001155882725744305}, 
   {0.000028266105094444405, 5.581768920363339*^-6, 0.0011558827257501338, 
    -8.127736562924502*^-7}}, {{-0.5248205552108677, 0.000028266105094420627, 
    0, -0.000028266105094367318}, {0.000028266105094499482, 
    -8.127736559615517*^-7, 5.581768920634597*^-6, 0.001155882725749892}, 
   {0, 5.5817689205769256*^-6, 0.9998247004915061, 5.581768920871124*^-6}, 
   {-0.00002826610509457162, 0.0011558827257449585, 5.581768920894469*^-6, 
    -8.12773656601231*^-7}}, {{-0.5248205552108667, -0.000028266105094357174, 
    0.00002826610509489097, 0}, {-0.00002826610509449673, 
    -8.127736590216039*^-7, 0.0011558827257420559, 5.58176892127832*^-6}, 
   {0.000028266105093983155, 0.0011558827257512067, -8.127736561835963*^-7, 
    5.581768921306201*^-6}, {0, 5.581768920876623*^-6, 5.581768921025067*^-6, 
    0.9998247004915054}}}, 
 {{{0, 0.007917257361424642, 0.007917257361424661, 0.00791725736142455}, 
   {-0.007917257361424642, 0, -0.00791001481354396, 0.007910014813544228}, 
   {-0.007917257361424661, 0.00791001481354396, 0, -0.007910014813543798}, 
   {-0.00791725736142455, -0.007910014813544228, 0.007910014813543798, 0}}, 
  {{0, 0.00791725736142461, 0.007917257361424616, 0.007917257361424575}, 
   {-0.00791725736142461, 0, -0.007910014813543066, 0.00791001481354408}, 
   {-0.007917257361424616, 0.007910014813543066, 0, -0.007910014813543788}, 
   {-0.007917257361424575, -0.00791001481354408, 0.007910014813543788, 0}}}, 
 {0, 0}, {{-1.5730024029681964, -1.5716310937675366}, 
  {-6.298505197059875, -1.5749411772093223, -1.574311421320615}, 
  {-1.5743730849458097, -1.57300177574515}, {{2, 0.0014740974878754403}, 
   {3, 0.00032055932144928363}, {4, 0.00007025341324273012}, 
   {5, 0.0000668837165358111}, {6, 0.00006387819743573916}, 
   {7, 0.000060976002790156256}, {8, 0.000058206443864687834}, 
   {9, 0.00005557025535346896}, {10, 0.00005306146658367369}, 
   {11, 0.00005067385302917062}, {12, 0.00004840066867559383}, 
   {13, 0.00004623612861018593}, {14, 0.00004417421670830854}, 
   {15, 0.00004220982724000011}, {16, 0.00004033763938982222}, 
   {17, 0.00003855314591013183}, {18, 0.000036851630772479676}, 
   {19, 0.00003522910416483443}, {20, 0.000033681375489377904}, 
   {21, 0.00003220490344355573}, {22, 0.00003079595542288026}, 
   {23, 0.000029451380261652895}, {24, 0.00002816784589509025}}, 
  {{2, 0.00007816704763628272}, {3, 0.000021637272289833824}, 
   {4, 9.361058725453873*^-6}, {5, 6.81321856536507*^-6}, 
   {6, 6.29159558830523*^-6}, {7, 6.287224229970892*^-6}, 
   {8, 6.314903455103005*^-6}, {9, 6.419564627902577*^-6}, 
   {10, 6.468073441690443*^-6}, {11, 6.5680025268151825*^-6}, 
   {12, 6.612978173467163*^-6}, {13, 6.7038120633525905*^-6}, 
   {14, 6.744606454559682*^-6}, {15, 6.827031125804528*^-6}, 
   {16, 6.864049396279834*^-6}, {17, 6.938889301150973*^-6}, 
   {18, 6.972530199101401*^-6}, {19, 7.04052925369885*^-6}, 
   {20, 7.071143559280191*^-6}, {21, 7.132965730155538*^-6}, 
   {22, 7.160861310083998*^-6}, {23, 7.21709998534181*^-6}, 
   {24, 7.242547880789244*^-6}}, {2.449422940357098*^-13, 
   0.9989486637900757}}}
