{28, 20, {{{0, 0, 0, 0}, {0, 0, 0, 0}, {0, 0, 0, 0}, {0, 0, 0, 0}}, 
  {{0, 0, 0, 0}, {0, 0, 0, 0}, {0, 0, 0, 0}, {0, 0, 0, 0}}, 
  {{0, 0, 0, 0}, {0, 0, 0, 0}, {0, 0, 0, 0}, {0, 0, 0, 0}}}, 
 {{{0, 0.5773502691896255, 0.5773502691896255, 0.5773502691896268}, 
   {-0.5773502691896255, 0, -0.5773502691896246, 0.5773502691896264}, 
   {-0.5773502691896255, 0.5773502691896246, 0, -0.5773502691896264}, 
   {-0.5773502691896268, -0.5773502691896264, 0.5773502691896264, 0}}, 
  {{0, 0.5773502691896233, 0.5773502691896233, 0.57735026918963}, 
   {-0.5773502691896233, 0, -0.5773502691896212, 0.5773502691896281}, 
   {-0.5773502691896233, 0.5773502691896212, 0, -0.5773502691896282}, 
   {-0.57735026918963, -0.5773502691896281, 0.5773502691896282, 0}}}, {0, 0}, 
 {{-0.6100000000000002, -0.21999999999999986}, {-2.389999999999998, -4., 
   2.805000000000001}, {-1.0000000000000004, -0.6100000000000001}, 
  {{2, 0.001087666075853061}, {3, 0.0011191575127196922}, 
   {4, 0.0011522341433991418}, {5, 0.0011892549432908246}, 
   {6, 0.0012311166253697395}, {7, 0.0012784870679047287}, 
   {8, 0.0013320306344315885}, {9, 0.0013925420276430962}, 
   {10, 0.001460934564455077}, {11, 0.0015383232946920913}, 
   {12, 0.0016260198942909115}, {13, 0.0017256275749131036}, 
   {14, 0.0018390651108558462}, {15, 0.0019686909569754663}, 
   {16, 0.0021173761028044635}, {17, 0.002288684576072973}, 
   {18, 0.002487031944847319}, {19, 0.0027179745149113546}, 
   {20, 0.0029885268075279803}, {21, 0.0033076647501927015}, 
   {22, 0.0036869530515758683}, {23, 0.004141481499717131}, 
   {24, 0.00469112026150216}, {25, 0.005362351594496814}, 
   {26, 0.9862704735662509}, {27, 0.}}, {{2, 0.0000688100374161687}, 
   {3, 0.00006021870999027683}, {4, 0.00005500396444678077}, 
   {5, 0.000050999526677434945}, {6, 0.000045995790673088406}, 
   {7, 0.00004097734573767567}, {8, 0.000034625559863749045}, 
   {9, 0.00002798061881113233}, {10, 0.000019827549915206}, 
   {11, 0.00001108480077942689}, {12, 5.762507286714383*^-7}, 
   {13, 0.000010922080281083879}, {14, 0.000024583843976235437}, 
   {15, 0.00003980113036472152}, {16, 0.000057796258754612646}, 
   {17, 0.00007817811895762088}, {18, 0.00010229936302969093}, 
   {19, 0.00013007685164525065}, {20, 0.00016313297464955998}, 
   {21, 0.00020186421883038272}, {22, 0.00024841460367706436}, 
   {23, 0.0003039904925766547}, {24, 0.00037173555244571796}, 
   {25, 0.00045431828172875935}, {26, 3.73775084957136*^-15}, 
   {27, 3.73775084957136*^-15}}, {0.03703703703703705, 0}}}
