{3, 20, {{{-0.5245915930235725, 0, -0.00015290184352656806, 
    0.00015290184352634238}, {0, 0.9990445674160914, 0.000029182279148249322, 
    0.000029182279149418163}, {-0.0001529018435265935, 
    0.000029182279148893785, -3.685121899375376*^-6, 0.004509905190722942}, 
   {0.00015290184352601162, 0.000029182279147076117, 0.004509905190723813, 
    -3.685121902086315*^-6}}, {{-0.5245915930235726, 0.00015290184352877062, 
    0, -0.00015290184352621667}, {0.00015290184352441128, 
    -3.6851218984485998*^-6, 0.000029182279148110978, 0.004509905190721631}, 
   {0, 0.000029182279148888385, 0.9990445674160914, 0.00002918227914893708}, 
   {-0.00015290184352610163, 0.00450990519072513, 0.000029182279147269352, 
    -3.6851218998055872*^-6}}, 
  {{-0.5245915930235729, -0.00015290184352394337, 0.00015290184352619311, 0}, 
   {-0.00015290184352907004, -3.685121900576238*^-6, 0.004509905190723144, 
    0.000029182279150161638}, {0.00015290184352670757, 0.004509905190723267, 
    -3.6851219006872604*^-6, 0.000029182279149047833}, 
   {0, 0.00002918227914666823, 0.00002918227914762254, 0.9990445674160922}}}, 
 {{{0, 0.018274576310112155, 0.018274576310112176, 0.018274576310112072}, 
   {-0.018274576310112155, 0, -0.018241288584602527, 0.018241288584602288}, 
   {-0.018274576310112176, 0.018241288584602527, 0, -0.018241288584602885}, 
   {-0.018274576310112072, -0.018241288584602288, 0.018241288584602885, 0}}, 
  {{0, 0.018274576310112124, 0.018274576310112062, 0.01827457631011225}, 
   {-0.018274576310112124, 0, -0.01824128858460267, 0.018241288584602347}, 
   {-0.018274576310112062, 0.01824128858460267, 0, -0.018241288584602597}, 
   {-0.01827457631011225, -0.018241288584602347, 0.018241288584602597, 0}}}, 
 {0, 0}, {{-1.5659929500141436, -1.5587128762432856}, 
  {-6.298603221217018, -1.5763323326835441, -1.5729692779249649}, 
  {-1.5732663933413398, -1.5659863195704817}, {{2, 0.00025792930891951286}}, 
  {{2, 0.00003328772550958749}}, {3.6841142060200595*^-11, 
   0.9942810798370204}}}
