{3, 20, {{{-0.5248485908333358, 0, -0.000018038557646714832, 
    0.00001803855764699553}, {0, 0.9998910042893031, 3.492088262743229*^-6, 
    3.4920882585006473*^-6}, {-0.000018038557646371892, 
    3.4920882567556124*^-6, -6.80840583264751*^-7, 0.0002599649031672406}, 
   {0.0000180385576464099, 3.49208826086606*^-6, 0.000259964903164149, 
    -6.80840586126611*^-7}}, {{-0.5248485908333358, 0.000018038557646379817, 
    0, -0.00001803855764698927}, {0.00001803855764669414, 
    -6.808405815061751*^-7, 3.4920882566457175*^-6, 0.0002599649031644735}, 
   {0, 3.4920882628591493*^-6, 0.9998910042893044, 3.49208825964623*^-6}, 
   {-0.000018038557646449233, 0.0002599649031681174, 3.4920882597005867*^-6, 
    -6.808405872485435*^-7}}, {{-0.5248485908333369, -0.00001803855764585147, 
    0.000018038557646621445, 0}, {-0.00001803855764704784, 
    -6.808405843879844*^-7, 0.0002599649031660986, 3.492088261202444*^-6}, 
   {0.000018038557646359386, 0.0002599649031570523, -6.808405836333797*^-7, 
    3.4920882600692125*^-6}, {0, 3.49208825846587*^-6, 
    3.4920882597518246*^-6, 0.9998910042893071}}}, 
 {{{0, 0.006288818084493454, 0.006288818084493519, 0.006288818084493655}, 
   {-0.006288818084493454, 0, -0.006276917645277664, 0.0062769176452780245}, 
   {-0.006288818084493519, 0.006276917645277664, 0, -0.006276917645277847}, 
   {-0.006288818084493655, -0.0062769176452780245, 0.006276917645277847, 0}}, 
  {{0, 0.006288818084493459, 0.00628881808449352, 0.006288818084493607}, 
   {-0.006288818084493459, 0, -0.0062769176452776, 0.006276917645277902}, 
   {-0.00628881808449352, 0.0062769176452776, 0, -0.006276917645277678}, 
   {-0.006288818084493607, -0.006276917645277902, 0.006276917645277678, 0}}}, 
 {0, 0}, {{-1.5736213972678605, -1.5727499930725082}, 
  {-6.298604974610229, -1.5748480488957592, -1.5744544384093553}, 
  {-1.5744919769765984, -1.573620572781246}, {{2, 0.0001550419124330335}}, 
  {{2, 0.00001190043921574958}}, {6.116156418651398*^-14, 
   0.9993462039109081}}}
{3, 20, {{{-3.5873411699058305*^-8, 0, 0, 0}, {0, 3.6043923982123956*^-8, 0, 
    0}, {0, 0, 0, 3.604426646926925*^-8}, {0, 0, 3.6044266468648725*^-8, 0}}, 
  {{-3.5873411700320754*^-8, 0, 0, 0}, {0, 0, 0, 3.604426646541355*^-8}, 
   {0, 0, 3.604392398635164*^-8, 0}, {0, 3.604426645416232*^-8, 0, 0}}, 
  {{-3.587340206246412*^-8, 0, 0, 0}, {0, 0, 3.604428034137148*^-8, 0}, 
   {0, 3.604428034032956*^-8, 0, 0}, {0, 0, 0, 3.6043907441237854*^-8}}}, 
 {{{0, 0.577350269189612, 0.577350269189618, 0.5773502691896444}, 
   {-0.577350269189612, 0, -0.5773502691896446, 0.5773502691896176}, 
   {-0.577350269189618, 0.5773502691896446, 0, -0.5773502691896119}, 
   {-0.5773502691896444, -0.5773502691896176, 0.5773502691896119, 0}}, 
  {{0, 0.5773502691896102, 0.5773502691896194, 0.5773502691896446}, 
   {-0.5773502691896102, 0, -0.5773502691896446, 0.5773502691896194}, 
   {-0.5773502691896194, 0.5773502691896446, 0, -0.5773502691896102}, 
   {-0.5773502691896446, -0.5773502691896194, 0.5773502691896102, 0}}}, 
 {0, 0}, {{-0.9200000000000005, -0.8400000000000007}, 
  {-2.0800000000000036, -0.9999999999999984, -0.040000000000003366}, 
  {-1.0000000000000004, -0.9200000000000006}, {{2, 3.893182992944349*^-8}}, 
  {{2, 1.1102230246251565*^-16}}, {0.03703703703703663, 
   2.1927645021595744*^-45}}}
