{25, 28, {{{-0.5246539663746869, 0, -0.00011566944895816961, 
    0.00011566944895838256}, {0, 0.9992563348492102, 0.000022241811502474315, 
    0.000022241811501988724}, {-0.0001156694489590701, 
    0.000022241811502183315, -2.947719318212305*^-6, 0.004918646289149416}, 
   {0.00011566944895865562, 0.00002224181150154568, 0.004918646289149007, 
    -2.947719318120148*^-6}}, {{-0.5246539663746868, 0.00011566944895856235, 
    0, -0.00011566944895842959}, {0.00011566944895870747, 
    -2.9477193197473186*^-6, 0.00002224181150211068, 0.0049186462891487315}, 
   {0, 0.00002224181150256621, 0.9992563348492106, 0.000022241811502100705}, 
   {-0.00011566944895860726, 0.004918646289150486, 0.000022241811501341716, 
    -2.947719316879387*^-6}}, {{-0.5246539663746874, -0.00011566944895928844, 
    0.00011566944895865776, 0}, {-0.00011566944895782157, 
    -2.947719317185349*^-6, 0.004918646289127207, 0.000022241811502242024}, 
   {0.00011566944895835496, 0.004918646289125014, -2.9477193188298667*^-6, 
    0.000022241811502568423}, {0, 0.0000222418115017666, 
    0.00002224181150128475, 0.9992563348492118}}}, 
 {{{0, 0.015932344390143977, 0.01593234439014394, 0.015932344390144165}, 
   {-0.015932344390143977, 0, -0.015908278662264932, 0.0159082786622652}, 
   {-0.01593234439014394, 0.015908278662264932, 0, -0.01590827866226515}, 
   {-0.015932344390144165, -0.0159082786622652, 0.01590827866226515, 0}}, 
  {{0, 0.015932344390143918, 0.01593234439014394, 0.01593234439014418}, 
   {-0.015932344390143918, 0, -0.0159082786622652, 0.015908278662265057}, 
   {-0.01593234439014394, 0.0159082786622652, 0, -0.015908278662265574}, 
   {-0.01593234439014418, -0.015908278662265057, 0.015908278662265574, 0}}}, 
 {0, 0}, {{-1.5680337913108269, -1.5625146653173452}, 
  {-6.298492111987257, -1.5759054226856186, -1.57334063330801}, 
  {-1.573548748997969, -1.5680296230044872}, {{2, 0.0029543870934092}, 
   {3, 0.0006471419005476785}, {4, 0.00028218541164853504}, 
   {5, 0.0002714936147621622}, {6, 0.00026059053605920137}, 
   {7, 0.0002501388022915459}, {8, 0.00024023861814228696}, 
   {9, 0.00023088538362355535}, {10, 0.00022204036670923}, 
   {11, 0.0002136737402619682}, {12, 0.00020574710088582535}, 
   {13, 0.0001982347623916891}, {14, 0.0001911039912180397}, 
   {15, 0.0001843335587948065}, {16, 0.00017789561956257178}, 
   {17, 0.00017177257335174645}, {18, 0.00016594060721060499}, 
   {19, 0.00016038505021596927}, {20, 0.00015508543057275812}, 
   {21, 0.00015002945432568936}, {22, 0.00014519943611935888}, 
   {23, 0.00014058502157024248}, {24, 0.00013617086366630657}}, 
  {{2, 0.00015622383464877388}, {3, 0.00004559941959073344}, 
   {4, 0.000021472260210125247}, {5, 0.000017129426371386678}, 
   {6, 0.00001639883200516406}, {7, 0.000017071683811981445}, 
   {8, 0.000017404043992684873}, {9, 0.000018223211895043258}, 
   {10, 0.000018561998186631422}, {11, 0.000019307564543093063}, 
   {12, 0.000019609670264625345}, {13, 0.000020281265600831724}, 
   {14, 0.000020550475668723704}, {15, 0.000021156652399978552}, 
   {16, 0.000021397906916867382}, {17, 0.000021946385080683313}, 
   {18, 0.000022163820095725515}, {19, 0.000022661242301525695}, 
   {20, 0.000022858267790699938}, {21, 0.000023310362771237006}, 
   {22, 0.000023489800570110006}, {23, 0.000023901531742876365}, 
   {24, 0.00002406572787883437}}, {1.620836242095218*^-11, 
   0.9955462964421996}}}
