{3, 20, {{{-0.5241044508069678, 0, -0.00042696422730176346, 
    0.00042696422730337344}, {0, 0.9968660130206153, 0.00007671526224527838, 
    0.00007671526225879774}, {-0.00042696422730355445, 
    0.00007671526224824298, -2.1713358794718356*^-6, 0.018810843111625567}, 
   {0.0004269642273008495, 0.00007671526223340909, 0.018810843111623475, 
    -2.1713358793469355*^-6}}, {{-0.5241044508069678, 0.0004269642273231678, 
    0, -0.0004269642273012545}, {0.0004269642272820789, 
    -2.1713358789279998*^-6, 0.00007671526224508617, 0.018810843111623347}, 
   {0, 0.00007671526224844745, 0.9968660130206165, 0.00007671526225174438}, 
   {-0.0004269642273030108, 0.018810843111625595, 0.00007671526224038141, 
    -2.171335879779749*^-6}}, {{-0.5241044508069661, -0.000426964227282002, 
    0.00042696422730294714, 0}, {-0.0004269642273231122, 
    -2.1713358779769376*^-6, 0.01881084311162353, 0.00007671526225935203}, 
   {0.00042696422730231125, 0.01881084311162306, -2.171335876932634*^-6, 
    0.00007671526225196357}, {0, 0.00007671526223300374, 
    0.00007671526224055288, 0.996866013020614}}}, 
 {{{0, 0.030107483845019267, 0.030107483845019857, 0.03010748384501819}, 
   {-0.030107483845019267, 0, -0.030035713123124985, 0.030035713123123836}, 
   {-0.030107483845019857, 0.030035713123124985, 0, -0.03003571312312343}, 
   {-0.03010748384501819, -0.030035713123123836, 0.03003571312312343, 0}}, 
  {{0, 0.030107483845018802, 0.030107483845018244, 0.030107483845020294}, 
   {-0.030107483845018802, 0, -0.030035713123125515, 0.030035713123123385}, 
   {-0.030107483845018244, 0.030035713123125515, 0, -0.030035713123123635}, 
   {-0.030107483845020294, -0.030035713123123385, 0.030035713123123635, 0}}}, 
 {0, 0}, {{-1.5508104786655117, -1.5315158327336884}, 
  {-6.298492576433447, -1.5792985056570428, -1.5699477825596808}, 
  {-1.5700821271480243, -1.550787481216201}, {{2, 0.0008709128236677327}}, 
  {{2, 0.00007177072189497834}}, {7.342224944102265*^-10, 
   0.9813427920521921}}}
