{3, 20, {{{0, 0, 0, 0}, {0, 0, 0, 0}, {0, 0, 0, 0}, {0, 0, 0, 0}}, 
  {{0, 0, 0, 0}, {0, 0, 0, 0}, {0, 0, 0, 0}, {0, 0, 0, 0}}, 
  {{0, 0, 0, 0}, {0, 0, 0, 0}, {0, 0, 0, 0}, {0, 0, 0, 0}}}, 
 {{{0, 0.5773502691896255, 0.5773502691896255, 0.5773502691896266}, 
   {-0.5773502691896255, 0, -0.5773502691896255, 0.577350269189626}, 
   {-0.5773502691896255, 0.5773502691896255, 0, -0.577350269189626}, 
   {-0.5773502691896266, -0.577350269189626, 0.577350269189626, 0}}, 
  {{0, 0.5773502691896188, 0.5773502691896188, 0.5773502691896396}, 
   {-0.5773502691896188, 0, -0.5773502691896133, 0.5773502691896324}, 
   {-0.5773502691896188, 0.5773502691896133, 0, -0.5773502691896323}, 
   {-0.5773502691896396, -0.5773502691896324, 0.5773502691896323, 0}}}, 
 {0, 0}, {{-0.5700000000000003, -0.1400000000000001}, 
  {-2.430000000000004, -4.000000000000001, 2.784999999999999}, 
  {-1.0000000000000002, -0.57}, {{2, 1.0769163338864018*^-14}}, 
  {{2, 9.2148511043888*^-15}}, {0.03703703703703709, 0}}}
