{3, 20, {{{-0.5248638587758677, 0, -0.000010142977679449811, 
    0.000010142977678017431}, {0, 0.9999390194421369, 1.948447071260811*^-6, 
    1.948447067099426*^-6}, {-0.000010142977678964754, 1.948447063481115*^-6, 
    -4.0619311864054097*^-7, 0.00011915206276812283}, 
   {0.000010142977679933967, 1.9484470666735336*^-6, 0.00011915206276119164, 
    -4.0619311810407774*^-7}}, 
  {{-0.5248638587758673, 0.000010142977679827715, 0, 
    -0.000010142977678012166}, {0.000010142977678652435, 
    -4.0619311794925367*^-7, 1.9484470634549067*^-6, 0.0001191520627648128}, 
   {0, 1.9484470713609165*^-6, 0.9999390194421357, 1.948447067092725*^-6}, 
   {-0.000010142977679980469, 0.00011915206276531606, 1.94844706672832*^-6, 
    -4.0619311798828495*^-7}}, 
  {{-0.5248638587758679, -0.000010142977679414761, 0.000010142977679375804, 
    0}, {-0.000010142977678922652, -4.0619311840114913*^-7, 
    0.00011915206276461481, 1.948447067068965*^-6}, 
   {0.000010142977678952826, 0.00011915206275931787, -4.061931181686962*^-7, 
    1.9484470670332677*^-6}, {0, 1.94844706722633*^-6, 
    1.9484470672843253*^-6, 0.9999390194421354}}}, 
 {{{0, 0.004706668837509915, 0.004706668837509961, 0.004706668837509866}, 
   {-0.004706668837509915, 0, -0.004695975167792169, 0.004695975167791933}, 
   {-0.004706668837509961, 0.004695975167792169, 0, -0.004695975167790584}, 
   {-0.004706668837509866, -0.004695975167791933, 0.004695975167790584, 0}}, 
  {{0, 0.00470666883750991, 0.004706668837510012, 0.0047066688375099}, 
   {-0.00470666883750991, 0, -0.0046959751677929824, 0.004695975167791491}, 
   {-0.004706668837510012, 0.0046959751677929824, 0, -0.004695975167791147}, 
   {-0.0047066688375099, -0.004695975167791491, 0.004695975167791147, 0}}}, 
 {0, 0}, {{-1.5740728836758502, -1.5735837523021923}, 
  {-6.29860367279083, -1.5747608283517323, -1.5745410080436828}, 
  {-1.5745614593901303, -1.5740723280164723}, {{2, 0.00015478686674756572}}, 
  {{2, 0.000010693669718209696}}, {1.0723949254380675*^-14, 
   0.9996341724277074}}}
{3, 20, {{{-6.655751749183417*^-7, 0, 0, 0}, {0, 6.679554470217009*^-7, 
    -1.190107511236863*^-9, -1.1906900613121363*^-9}, 
   {0, -1.1901075095368854*^-9, -1.19069010459048*^-9, 
    6.679554470167409*^-7}, {0, -1.1906900624728337*^-9, 
    6.679554470135636*^-7, -1.190107473582449*^-9}}, 
  {{-6.655751749180983*^-7, 0, 0, 0}, {0, -1.1906901044733487*^-9, 
    -1.1901075093287845*^-9, 6.679554470161715*^-7}, 
   {0, -1.1901075109892214*^-9, 6.679554470210338*^-7, 
    -1.190690061024561*^-9}, {0, 6.679554470127708*^-7, 
    -1.1906900624480013*^-9, -1.190107473336707*^-9}}, 
  {{-6.655751749932259*^-7, 0, 0, 0}, {0, -1.1895535560474118*^-9, 
    6.679554470960642*^-7, -1.189553558780031*^-9}, 
   {0, 6.679554470960824*^-7, -1.1895535562546817*^-9, 
    -1.18955355864674*^-9}, {0, -1.1895535560741578*^-9, 
    -1.189553555957652*^-9, 6.67955447092293*^-7}}}, 
 {{{0, 0.5773502691892256, 0.5773502691892336, 0.5773502691892676}, 
   {-0.5773502691892256, 0, -0.5773502691892586, 0.5773502691892305}, 
   {-0.5773502691892336, 0.5773502691892586, 0, -0.5773502691892252}, 
   {-0.5773502691892676, -0.5773502691892305, 0.5773502691892252, 0}}, 
  {{0, 0.5773502691892056, 0.5773502691892161, 0.5773502691893047}, 
   {-0.5773502691892056, 0, -0.5773502691892217, 0.5773502691892515}, 
   {-0.5773502691892161, 0.5773502691892217, 0, -0.5773502691892411}, 
   {-0.5773502691893047, -0.5773502691892515, 0.5773502691892411, 0}}}, 
 {0, 0}, {{-0.9400000000000448, -0.880000000000085}, 
  {-2.059999999998989, -0.9999999999993323, -0.03000000000016212}, 
  {-1.0000000000000047, -0.940000000000045}, {{2, 7.081212272190468*^-7}}, 
  {{2, 2.7737071898551825*^-14}}, {0.03703703703688782, 
   8.881472485770478*^-38}}}
