{3, 20, {{{-0.5247762579486607, 0, -0.00005553019098303484, 
    0.00005553019098297479}, {0, 0.9996613760680306, 0.000010792865045704189, 
    0.000010792865045588486}, {-0.000055530190983212316, 
    0.000010792865045699664, -1.7878288837039173*^-6, 0.0011787971221461863}, 
   {0.00005553019098304734, 0.000010792865045848281, 0.0011787971221462617, 
    -1.7878288890512024*^-6}}, {{-0.5247762579486607, 0.00005553019098360955, 
    0, -0.00005553019098295479}, {0.000055530190982747736, 
    -1.787828885260398*^-6, 0.000010792865045420665, 0.0011787971221448033}, 
   {0, 0.000010792865045993859, 0.9996613760680304, 0.0000107928650456856}, 
   {-0.00005553019098307696, 0.0011787971221475435, 0.000010792865045608212, 
    -1.7878288876517143*^-6}}, {{-0.524776257948661, -0.00005553019098242385, 
    0.00005553019098288003, 0}, {-0.00005553019098391437, 
    -1.7878288847573282*^-6, 0.0011787971221435562, 0.00001079286504661534}, 
   {0.0000555301909832943, 0.0011787971221412093, -1.7878288853523383*^-6, 
    0.00001079286504616216}, {0, 0.000010792865044963098, 
    0.000010792865045488819, 0.9996613760680328}}}, 
 {{{0, 0.011048918264364686, 0.011048918264364662, 0.011048918264364764}, 
   {-0.011048918264364686, 0, -0.01103180333256165, 0.011031803332561804}, 
   {-0.011048918264364662, 0.01103180333256165, 0, -0.011031803332562016}, 
   {-0.011048918264364764, -0.011031803332561804, 0.011031803332562016, 0}}, 
  {{0, 0.01104891826436466, 0.011048918264364646, 0.01104891826436483}, 
   {-0.01104891826436466, 0, -0.011031803332562474, 0.011031803332561835}, 
   {-0.011048918264364646, 0.011031803332562474, 0, -0.011031803332561948}, 
   {-0.01104891826436483, -0.011031803332561835, 0.011031803332561948, 0}}}, 
 {0, 0}, {{-1.5714826839384515, -1.5688034636460941}, 
  {-6.298608141064834, -1.575262504731513, -1.5740415658009042}, 
  {-1.5741598291556076, -1.5714806088632503}, {{2, 0.0001567306242759997}}, 
  {{2, 0.000017114931802753378}}, {1.8025157392562117*^-12, 
   0.9979699756243203}}}
{3, 20, {{{0, 0, 0, 0}, {0, 0, 0, 0}, {0, 0, 0, 0}, {0, 0, 0, 0}}, 
  {{0, 0, 0, 0}, {0, 0, 0, 0}, {0, 0, 0, 0}, {0, 0, 0, 0}}, 
  {{0, 0, 0, 0}, {0, 0, 0, 0}, {0, 0, 0, 0}, {0, 0, 0, 0}}}, 
 {{{0, 0.5773502691896124, 0.5773502691896149, 0.57735026918965}, 
   {-0.5773502691896124, 0, -0.5773502691896204, 0.5773502691896295}, 
   {-0.5773502691896149, 0.5773502691896204, 0, -0.5773502691896268}, 
   {-0.57735026918965, -0.5773502691896295, 0.5773502691896268, 0}}, 
  {{0, 0.5773502691896122, 0.5773502691896166, 0.5773502691896486}, 
   {-0.5773502691896122, 0, -0.5773502691896233, 0.5773502691896293}, 
   {-0.5773502691896166, 0.5773502691896233, 0, -0.5773502691896244}, 
   {-0.5773502691896486, -0.5773502691896293, 0.5773502691896244, 0}}}, 
 {0, 0}, {{-0.8599999999999998, -0.7199999999999999}, 
  {-2.1399999999999992, -0.9999999999999999, -0.06999999999999973}, 
  {-0.9999999999999999, -0.86}, {{2, 1.0436096431476471*^-14}}, 
  {{2, 1.815214645262131*^-14}}, {0.03703703703703697, 0}}}
