{3, 20, {{{-0.5242715351605034, 0, -0.0003295956149032347, 
    0.0003295956149042208}, {0, 0.9977576524188155, 0.00006035206822267234, 
    0.000060352068231003225}, {-0.00032959561490335736, 
    0.00006035206822467024, -3.990174407774837*^-6, 0.012838731466508258}, 
   {0.00032959561490245845, 0.000060352068216070766, 0.012838731466508173, 
    -3.990174405884856*^-6}}, {{-0.5242715351605033, 0.0003295956149145921, 
    0, -0.00032959561490337113}, {0.00032959561489227687, 
    -3.990174408108338*^-6, 0.00006035206822272175, 0.012838731466506026}, 
   {0, 0.000060352068224759034, 0.9977576524188152, 0.000060352068226508354}, 
   {-0.0003295956149033609, 0.012838731466510137, 0.00006035206822077204, 
    -3.990174406612139*^-6}}, {{-0.5242715351605042, -0.0003295956148922364, 
    0.000329595614903086, 0}, {-0.0003295956149143921, 
    -3.9901744055392124*^-6, 0.01283873146650761, 0.000060352068230301896}, 
   {0.00032959561490329556, 0.012838731466506258, -3.990174404638891*^-6, 
    0.00006035206822782181}, {0, 0.00006035206821712125, 
    0.00006035206821983707, 0.9977576524188154}}}, 
 {{{0, 0.02659240665123131, 0.02659240665123168, 0.02659240665123075}, 
   {-0.02659240665123131, 0, -0.026528296232776218, 0.026528296232776305}, 
   {-0.02659240665123168, 0.026528296232776218, 0, -0.02652829623277567}, 
   {-0.02659240665123075, -0.026528296232776305, 0.02652829623277567, 0}}, 
  {{0, 0.02659240665123113, 0.026592406651230818, 0.026592406651231776}, 
   {-0.02659240665123113, 0, -0.02652829623277621, 0.026528296232775816}, 
   {-0.026592406651230818, 0.02652829623277621, 0, -0.026528296232776086}, 
   {-0.026592406651231776, -0.026528296232775816, 0.026528296232776086, 0}}}, 
 {0, 0}, {{-1.5562096749226673, -1.5410100731155638}, 
  {-6.298546693998528, -1.578247496007849, -1.571025850991415}, 
  {-1.571390954716931, -1.5561913529098277}, {{2, 0.000592420795532643}}, 
  {{2, 0.00006411041845519269}}, {3.485428283874732*^-10, 0.986621111235931}}}
