{3, 20, {{{-0.524381246594521, 0, -0.0002677158504014235, 
    0.0002677158504021113}, {0, 0.9982441836250319, 0.000049717395310876486, 
    0.00004971739531647119}, {-0.0002677158504016483, 0.00004971739531220876, 
    -4.365392708153854*^-6, 0.009589649227339798}, 
   {0.00026771585040134653, 0.000049717395307546495, 0.009589649227338756, 
    -4.3653927072674105*^-6}}, {{-0.524381246594521, 0.00026771585040869807, 
    0, -0.00026771585040170524}, {0.0002677158503945298, 
    -4.365392708443553*^-6, 0.00004971739531076107, 0.00958964922733745}, 
   {0, 0.00004971739531227242, 0.9982441836250312, 0.000049717395314251736}, 
   {-0.0002677158504018435, 0.009589649227341124, 0.00004971739530978808, 
    -4.365392706928272*^-6}}, {{-0.5243812465945213, -0.0002677158503945742, 
    0.0002677158504010325, 0}, {-0.00026771585040842984, 
    -4.365392706462065*^-6, 0.009589649227340498, 0.00004971739531658341}, 
   {0.0002677158504018627, 0.009589649227336506, -4.365392706262572*^-6, 
    0.00004971739531459948}, {0, 0.0000497173953077348, 
    0.000049717395309930486, 0.9982441836250308}}}, 
 {{{0, 0.0240451288479414, 0.02404512884794156, 0.02404512884794094}, 
   {-0.0240451288479414, 0, -0.023990691558680853, 0.023990691558681172}, 
   {-0.02404512884794156, 0.023990691558680853, 0, -0.02399069155868106}, 
   {-0.02404512884794094, -0.023990691558681172, 0.02399069155868106, 0}}, 
  {{0, 0.024045128847941293, 0.024045128847940998, 0.024045128847941587}, 
   {-0.024045128847941293, 0, -0.023990691558681214, 0.023990691558681394}, 
   {-0.024045128847940998, 0.023990691558681214, 0, -0.023990691558681467}, 
   {-0.024045128847941587, -0.023990691558681394, 0.023990691558681467, 0}}}, 
 {0, 0}, {{-1.5596218774572612, -1.5471276620055099}, 
  {-6.298573519357126, -1.577579632709607, -1.5717071269689562}, 
  {-1.5721019496863897, -1.5596077342346384}, {{2, 0.0004577442499533232}}, 
  {{2, 0.00005443728926010233}}, {1.9065868927890695*^-10, 
   0.9895112369999749}}}
