{3, 20, {{{-0.5242321102502533, 0, -0.0003522113804623252, 
    0.00035221138046375187}, {0, 0.9975663145732547, 0.00006418247176484174, 
    0.0000641824717739399}, {-0.00035221138046297857, 0.00006418247176678237, 
    -3.7093089139744392*^-6, 0.014125993723269623}, 
   {0.0003522113804625124, 0.00006418247175772105, 0.01412599372326852, 
    -3.709308911843765*^-6}}, {{-0.5242321102502531, 0.0003522113804757194, 
    0, -0.00035221138046267315}, {0.00035221138044971725, 
    -3.7093089138079058*^-6, 0.00006418247176454491, 0.014125993723267376}, 
   {0, 0.00006418247176699078, 0.9975663145732541, 0.00006418247176958784}, 
   {-0.00035221138046360095, 0.014125993723270874, 0.000064182471761915, 
    -3.7093089116434046*^-6}}, 
  {{-0.5242321102502545, -0.00035221138044966456, 0.00035221138046235835, 0}, 
   {-0.00035221138047557667, -3.7093089109759697*^-6, 0.014125993723268008, 
    0.00006418247177426969}, {0.0003522113804627751, 0.014125993723266375, 
    -3.7093089102491206*^-6, 0.00006418247176988052}, 
   {0, 0.00006418247175780261, 0.00006418247176204095, 0.9975663145732565}}}, 
 {{{0, 0.02745617948245933, 0.027456179482459604, 0.027456179482458494}, 
   {-0.02745617948245933, 0, -0.027389258889620738, 0.02738925888962164}, 
   {-0.027456179482459604, 0.027389258889620738, 0, -0.027389258889621546}, 
   {-0.027456179482458494, -0.02738925888962164, 0.027389258889621546, 0}}, 
  {{0, 0.02745617948245903, 0.027456179482458633, 0.027456179482459847}, 
   {-0.02745617948245903, 0, -0.027389258889621203, 0.027389258889621248}, 
   {-0.027456179482458633, 0.027389258889621203, 0, -0.027389258889621484}, 
   {-0.027456179482459847, -0.027389258889621248, 0.027389258889621484, 0}}}, 
 {0, 0}, {{-1.5549615387178175, -1.5387926694503988}, 
  {-6.298535197006799, -1.5784913087257633, -1.570776289777636}, 
  {-1.5711107033078688, -1.5549418340404502}, {{2, 0.000648710798840978}}, 
  {{2, 0.00006692059283784635}}, {4.221644766916099*^-10, 
   0.9854864420507156}}}
