{3, 20, {{{-0.5244789137554073, 0, -0.0002138258300571209, 
    0.00021382583005701274}, {0, 0.9986331344819888, 0.00004022413392290292, 
    0.00004022413392604394}, {-0.00021382583005681143, 
    0.000040224133923792046, -4.258106507246638*^-6, 0.00705868851724434}, 
   {0.00021382583005660308, 0.00004022413392032048, 0.007058688517243882, 
    -4.25810650612167*^-6}}, {{-0.5244789137554073, 0.00021382583006142197, 
    0, -0.00021382583005676923}, {0.00021382583005249902, 
    -4.258106505898324*^-6, 0.00004022413392268852, 0.0070586885172423475}, 
   {0, 0.00004022413392397356, 0.9986331344819883, 0.00004022413392454192}, 
   {-0.00021382583005684548, 0.007058688517245016, 0.00004022413392191973, 
    -4.25810650411633*^-6}}, {{-0.5244789137554084, -0.00021382583005251571, 
    0.00021382583005669157, 0}, {-0.00021382583006125555, 
    -4.2581065052716555*^-6, 0.007058688517244472, 0.00004022413392601703}, 
   {0.00021382583005709885, 0.007058688517243002, -4.258106504922976*^-6, 
    0.00004022413392496803}, {0, 0.00004022413392058832, 
    0.00004022413392163896, 0.9986331344819886}}}, 
 {{{0, 0.021548355495231222, 0.021548355495231285, 0.02154835549523093}, 
   {-0.021548355495231222, 0, -0.02150370246951867, 0.021503702469519572}, 
   {-0.021548355495231285, 0.02150370246951867, 0, -0.02150370246951916}, 
   {-0.02154835549523093, -0.021503702469519572, 0.02150370246951916, 0}}, 
  {{0, 0.02154835549523109, 0.021548355495231028, 0.02154835549523133}, 
   {-0.02154835549523109, 0, -0.021503702469518673, 0.021503702469519197}, 
   {-0.021548355495231028, 0.021503702469518673, 0, -0.021503702469519402}, 
   {-0.02154835549523133, -0.021503702469519197, 0.021503702469519402, 0}}}, 
 {0, 0}, {{-1.5626018911483908, -1.5525247225833203}, 
  {-6.298590775372887, -1.5769958759096647, -1.5722995117767786}, 
  {-1.5726686186367127, -1.5625914500716422}, {{2, 0.00035799305129200366}}, 
  {{2, 0.00004465302571203533}}, {9.887339676484135*^-11, 
   0.9918267806895467}}}
