{4, 28, {{{-0.5246597828261483, 0, -0.00011345458178020434, 
    0.00011345458177996002}, {0, 0.9993232179959204, 0.000021419114260715953, 
    0.00002141911425855569}, {-0.00011345458178024705, 
    0.000021419114260256156, 4.137550769043414*^-6, 0.0007649163458359887}, 
   {0.00011345458177989149, 0.000021419114258648952, 0.0007649163458359254, 
    4.137550768713817*^-6}}, {{-0.5246597828261482, 0.00011345458178015656, 
    0, -0.00011345458177998816}, {0.00011345458178036779, 
    4.1375507689670864*^-6, 0.000021419114260256245, 0.0007649163458362003}, 
   {0, 0.000021419114260729963, 0.99932321799592, 0.00002141911425854357}, 
   {-0.00011345458177991499, 0.0007649163458358719, 0.000021419114258704324, 
    4.137550769921401*^-6}}, {{-0.5246597828261526, -0.00011345458178013457, 
    0.00011345458178020688, 0}, {-0.00011345458178029438, 
    4.137550769538027*^-6, 0.000764916345764784, 0.000021419114262533347}, 
   {0.00011345458178024127, 0.0007649163457647243, 4.137550768723575*^-6, 
    0.000021419114262627283}, {0, 0.000021419114262365567, 
    0.00002141911426221434, 0.9993232179959199}}}, 
 {{{0, 0.015682215417025986, 0.015682215417025948, 0.015682215417026087}, 
   {-0.015682215417025986, 0, -0.01563661599743607, 0.015636615997434752}, 
   {-0.015682215417025948, 0.01563661599743607, 0, -0.01563661599743487}, 
   {-0.015682215417026087, -0.015636615997434752, 0.01563661599743487, 0}}, 
  {{0, 0.01568221541702597, 0.015682215417025996, 0.015682215417026094}, 
   {-0.01568221541702597, 0, -0.01563661599743598, 0.015636615997434954}, 
   {-0.015682215417025996, 0.01563661599743598, 0, -0.01563661599743505}, 
   {-0.015682215417026094, -0.015636615997434954, 0.01563661599743505, 0}}}, 
 {0, 0}, {{-1.5682194244462566, -1.5627869456707513}, 
  {-6.298560936340279, -1.575858441262638, -1.5734220269075017}, 
  {-1.5736440051706098, -1.5682115263951044}, {{2, 0.0029543870934092}, 
   {3, 0.0006471419005476785}}, {{2, 0.00015622383464877388}, 
   {3, 0.00004559941959073344}}, {1.461694542991203*^-11, 
   0.9959461722871008}}}
