{3, 20, {{{-0.5247603024044307, 0, -0.00006383931095234961, 
    0.0000638393109525944}, {0, 0.9996100677865151, 0.00001239699662367414, 
    0.000012396996624399967}, {-0.00006383931095247778, 
    0.000012396996624601701, -2.0001242278921277*^-6, 0.0014191264630064417}, 
   {0.00006383931095190422, 0.000012396996624304723, 0.0014191264630054924, 
    -2.000124232953617*^-6}}, {{-0.5247603024044317, 0.00006383931095301874, 
    0, -0.00006383931095254625}, {0.00006383931095177316, 
    -2.000124229154139*^-6, 0.000012396996624314071, 0.0014191264630048488}, 
   {0, 0.000012396996623986017, 0.9996100677865147, 0.000012396996624568523}, 
   {-0.00006383931095193827, 0.0014191264630072043, 0.000012396996624050425, 
    -2.000124230963022*^-6}}, {{-0.5247603024044311, -0.00006383931095158898, 
    0.00006383931095213008, 0}, {-0.00006383931095310597, 
    -2.0001242285218324*^-6, 0.0014191264630039463, 0.000012396996625210576}, 
   {0.00006383931095252094, 0.0014191264630014563, -2.00012422935103*^-6, 
    0.000012396996624664602}, {0, 0.000012396996623769752, 
    0.000012396996624395823, 0.9996100677865152}}}, 
 {{{0, 0.011845386866389829, 0.011845386866389796, 0.011845386866389728}, 
   {-0.011845386866389829, 0, -0.01182705775911129, 0.011827057759110813}, 
   {-0.011845386866389796, 0.01182705775911129, 0, -0.011827057759110585}, 
   {-0.011845386866389728, -0.011827057759110813, 0.011827057759110585, 0}}, 
  {{0, 0.011845386866389807, 0.011845386866389845, 0.011845386866389834}, 
   {-0.011845386866389807, 0, -0.011827057759111706, 0.011827057759110932}, 
   {-0.011845386866389845, 0.011827057759111706, 0, -0.011827057759111078}, 
   {-0.011845386866389834, -0.011827057759110932, 0.011827057759111078, 0}}}, 
 {0, 0}, {{-1.5710104621613554, -1.5679329403781708}, 
  {-6.298608419110499, -1.575354230528903, -1.5739499790263465}, 
  {-1.57408560292366, -1.5710080811404754}, {{2, 0.00015717837949811436}}, 
  {{2, 0.00001832910727873922}}, {2.7369086774461988*^-12, 
   0.9976626862406418}}}
{3, 20, {{{0, 0, 0, 0}, {0, 0, 0, 0}, {0, 0, 0, 0}, {0, 0, 0, 0}}, 
  {{0, 0, 0, 0}, {0, 0, 0, 0}, {0, 0, 0, 0}, {0, 0, 0, 0}}, 
  {{0, 0, 0, 0}, {0, 0, 0, 0}, {0, 0, 0, 0}, {0, 0, 0, 0}}}, 
 {{{0, 0.57735026918961, 0.5773502691896124, 0.577350269189655}, 
   {-0.57735026918961, 0, -0.5773502691896129, 0.5773502691896334}, 
   {-0.5773502691896124, 0.5773502691896129, 0, -0.5773502691896311}, 
   {-0.577350269189655, -0.5773502691896334, 0.5773502691896311, 0}}, 
  {{0, 0.5773502691896163, 0.5773502691896202, 0.577350269189641}, 
   {-0.5773502691896163, 0, -0.5773502691896288, 0.5773502691896264}, 
   {-0.5773502691896202, 0.5773502691896288, 0, -0.5773502691896224}, 
   {-0.577350269189641, -0.5773502691896264, 0.5773502691896224, 0}}}, 
 {0, 0}, {{-0.8500000000000002, -0.7000000000000003}, 
  {-2.150000000000014, -1., -0.07500000000000706}, 
  {-1.0000000000000002, -0.8500000000000003}, {{2, 3.885780586188048*^-15}}, 
  {{2, 1.813364273554422*^-14}}, {0.03703703703703706, 0}}}
