{3, 20, {{{-0.5240584818674475, 0, -0.0004544980385452818, 
    0.00045449803854867425}, {0, 0.9965755537269751, 0.0000813156211215769, 
    0.00008131562113747123}, {-0.00045449803854766095, 
    0.00008131562112446286, -1.3460015802894444*^-6, 0.020721221015677013}, 
   {0.0004544980385455926, 0.00008131562110746023, 0.02072122101567487, 
    -1.3460015789979428*^-6}}, {{-0.5240584818674477, 0.00045449803857057047, 
    0, -0.00045449803854599453}, {0.00045449803852245103, 
    -1.346001580052221*^-6, 0.0000813156211208899, 0.02072122101567487}, 
   {0, 0.00008131562112520787, 0.996575553726976, 0.00008131562112879147}, 
   {-0.000454498038548297, 0.020721221015676944, 0.00008131562111630238, 
    -1.3460015801957693*^-6}}, 
  {{-0.5240584818674493, -0.00045449803852255755, 0.00045449803854711733, 0}, 
   {-0.000454498038570315, -1.3460015777806006*^-6, 0.02072122101567383, 
    0.00008131562113778855}, {0.0004544980385457867, 0.020721221015673443, 
    -1.3460015764743538*^-6, 0.00008131562112934787}, 
   {0, 0.00008131562110764599, 0.00008131562111629768, 0.9965755537269754}}}, 
 {{{0, 0.031016829263510348, 0.03101682926351102, 0.031016829263508794}, 
   {-0.031016829263510348, 0, -0.030945612861590213, 0.030945612861590744}, 
   {-0.03101682926351102, 0.030945612861590213, 0, -0.030945612861590414}, 
   {-0.031016829263508794, -0.030945612861590744, 0.030945612861590414, 0}}, 
  {{0, 0.03101682926350974, 0.031016829263509058, 0.03101682926351128}, 
   {-0.03101682926350974, 0, -0.03094561286159102, 0.03094561286159031}, 
   {-0.031016829263509058, 0.03094561286159102, 0, -0.030945612861590407}, 
   {-0.03101682926351128, -0.03094561286159031, 0.030945612861590407, 0}}}, 
 {0, 0}, {{-1.5492631111636428, -1.5288484759774883}, 
  {-6.298476086555326, -1.579597311461653, -1.5696407318160102}, 
  {-1.5696543097687696, -1.5492396745826151}, {{2, 0.0009701953640724181}}, 
  {{2, 0.00007121640191952207}}, {8.782022157696583*^-10, 
   0.9796284237478188}}}
