{3, 20, {{{0, 0, 0, 0}, {0, 0, 0, 0}, {0, 0, 0, 0}, {0, 0, 0, 0}}, 
  {{0, 0, 0, 0}, {0, 0, 0, 0}, {0, 0, 0, 0}, {0, 0, 0, 0}}, 
  {{0, 0, 0, 0}, {0, 0, 0, 0}, {0, 0, 0, 0}, {0, 0, 0, 0}}}, 
 {{{0, 0.5773502691896278, 0.5773502691896277, 0.577350269189622}, 
   {-0.5773502691896278, 0, -0.5773502691896293, 0.577350269189624}, 
   {-0.5773502691896277, 0.5773502691896293, 0, -0.5773502691896242}, 
   {-0.577350269189622, -0.577350269189624, 0.5773502691896242, 0}}, 
  {{0, 0.5773502691896282, 0.5773502691896282, 0.5773502691896214}, 
   {-0.5773502691896282, 0, -0.57735026918963, 0.5773502691896237}, 
   {-0.5773502691896282, 0.57735026918963, 0, -0.5773502691896237}, 
   {-0.5773502691896214, -0.5773502691896237, 0.5773502691896237, 0}}}, 
 {0, 0}, {{-0.49000000000000044, 0.019999999999999855}, 
  {-2.5100000000000002, -4.000000000000001, 2.745000000000001}, 
  {-1.0000000000000004, -0.49000000000000005}, 
  {{2, 1.0325074129013956*^-14}}, {{2, 5.366077952354923*^-15}}, 
  {0.037037037037037056, 0}}}
