{3, 20, {{{-0.5248048115167416, 0, -0.00004070007182894375, 
    0.00004070007182865752}, {0, 0.9997525402656358, 7.91574880628617*^-6, 
    7.915748807476174*^-6}, {-0.00004070007182903906, 7.915748807135602*^-6, 
    -1.3815969043288676*^-6, 0.0007783394943189784}, 
   {0.00004070007182905725, 7.915748806008096*^-6, 0.0007783394943195678, 
    -1.3815969092364003*^-6}}, {{-0.5248048115167417, 0.00004070007182928328, 
    0, -0.000040700071828621874}, {0.00004070007182871972, 
    -1.3815969030156819*^-6, 7.91574880689398*^-6, 0.0007783394943174624}, 
   {0, 7.91574880651983*^-6, 0.9997525402656351, 7.915748807107588*^-6}, 
   {-0.000040700071829079766, 0.00077833949432075, 7.915748806293038*^-6, 
    -1.3815969094519397*^-6}}, 
  {{-0.5248048115167449, -0.000040700071828326395, 0.000040700071828808716, 
    0}, {-0.00004070007182951906, -1.3815969051970967*^-6, 
    0.0007783394943164531, 7.9157488066771*^-6}, 
   {0.00004070007182909412, 0.0007783394943144346, -1.3815969034935982*^-6, 
    7.915748806751835*^-6}, {0, 7.915748807217182*^-6, 7.915748807093977*^-6, 
    0.9997525402656386}}}, 
 {{{0, 0.00945912388618092, 0.009459123886180913, 0.009459123886180785}, 
   {-0.00945912388618092, 0, -0.00944409836587267, 0.009444098365872452}, 
   {-0.009459123886180913, 0.00944409836587267, 0, -0.009444098365872577}, 
   {-0.009459123886180785, -0.009444098365872452, 0.009444098365872577, 0}}, 
  {{0, 0.009459123886180863, 0.00945912388618085, 0.00945912388618085}, 
   {-0.009459123886180863, 0, -0.009444098365871954, 0.009444098365872202}, 
   {-0.00945912388618085, 0.009444098365871954, 0, -0.009444098365872849}, 
   {-0.00945912388618085, -0.009444098365872202, 0.009444098365872849, 0}}}, 
 {0, 0}, {{-1.5723272134666446, -1.5703611714867298}, 
  {-6.298607300984697, -1.5750986393723285, -1.57420501112002}, 
  {-1.574291693948684, -1.5723256519687692}, {{2, 0.00015599046685117052}}, 
  {{2, 0.00001502552030841307}}, {7.0951733587437*^-13, 0.9985161598356067}}}
{3, 20, {{{0, 0, 0, 0}, {0, 0, 0, 0}, {0, 0, 0, 0}, {0, 0, 0, 0}}, 
  {{0, 0, 0, 0}, {0, 0, 0, 0}, {0, 0, 0, 0}, {0, 0, 0, 0}}, 
  {{0, 0, 0, 0}, {0, 0, 0, 0}, {0, 0, 0, 0}, {0, 0, 0, 0}}}, 
 {{{0, 0.5773502691896175, 0.5773502691896211, 0.577350269189639}, 
   {-0.5773502691896175, 0, -0.5773502691896387, 0.5773502691896213}, 
   {-0.5773502691896211, 0.5773502691896387, 0, -0.5773502691896176}, 
   {-0.577350269189639, -0.5773502691896213, 0.5773502691896176, 0}}, 
  {{0, 0.5773502691896163, 0.5773502691896223, 0.5773502691896389}, 
   {-0.5773502691896163, 0, -0.5773502691896389, 0.5773502691896222}, 
   {-0.5773502691896223, 0.5773502691896389, 0, -0.5773502691896162}, 
   {-0.5773502691896389, -0.5773502691896222, 0.5773502691896162, 0}}}, 
 {0, 0}, {{-0.8800000000000004, -0.76}, {-2.120000000000002, -1., 
   -0.06000000000000094}, {-1.0000000000000004, -0.88}, 
  {{2, 1.9847533747584246*^-10}}, {{2, 1.4802973661668753*^-16}}, 
  {0.03703703703703706, 0}}}
