{3, 20, {{{-0.5248812114976201, 0, -1.128870326528624*^-6, 
    1.1288703251348059*^-6}, {0, 0.9999934609672791, 2.0224718556919882*^-7, 
    2.0224718850896573*^-7}, {-1.1288703249770068*^-6, 2.022471941773896*^-7, 
    -5.5532661060765653*^-8, 6.459695036634334*^-6}, 
   {1.1288703252200455*^-6, 2.0224718811235558*^-7, 6.45969503312132*^-6, 
    -5.553266140944507*^-8}}, {{-0.5248812114976209, 1.1288703265021057*^-6, 
    0, -1.1288703251160456*^-6}, {1.1288703250195162*^-6, 
    -5.5532659778805005*^-8, 2.0224719419973496*^-7, 6.459695035828542*^-6}, 
   {0, 2.0224718561059366*^-7, 0.9999934609672804, 2.0224718971175596*^-7}, 
   {-1.1288703252143541*^-6, 6.459695034144493*^-6, 2.0224718695795565*^-7, 
    -5.553266286921488*^-8}}, {{-0.5248812114976196, -1.128870326196463*^-6, 
    1.1288703264556764*^-6, 0}, {-1.1288703250787653*^-6, 
    -5.5532662053894843*^-8, 6.4596950329504065*^-6, 2.0224718824693934*^-7}, 
   {1.1288703248770743*^-6, 6.459695032683024*^-6, -5.5532662579516057*^-8, 
    2.0224718696839346*^-7}, {0, 2.0224718861441273*^-7, 
    2.0224718974977704*^-7, 0.999993460967284}}}, 
 {{{0, 0.0015451936865198252, 0.001545193686519877, 0.0015451936865201192}, 
   {-0.0015451936865198252, 0, -0.0015365961044887144, 0.001536596104491664}, 
   {-0.001545193686519877, 0.0015365961044887144, 0, -0.0015365961044925408}, 
   {-0.0015451936865201192, -0.001536596104491664, 0.0015365961044925408, 
    0}}, {{0, 0.0015451936865198007, 0.0015451936865198991, 
    0.0015451936865201808}, {-0.0015451936865198007, 0, 
    -0.0015365961044895898, 0.001536596104491654}, 
   {-0.0015451936865198991, 0.0015365961044895898, 0, 
    -0.0015365961044924096}, {-0.0015451936865201808, -0.001536596104491654, 
    0.0015365961044924096, 0}}}, {0, 0}, 
 {{-1.5745869736377491, -1.5745334465582972}, 
  {-6.298601007696195, -1.5746618302539965, -1.5746386735941011}, 
  {-1.574640351802712, -1.57458682472326}, {{2, 0.000154246706874058}}, 
  {{2, 8.597582028854924*^-6}}, {1.3163105651347088*^-17, 
   0.9999607664450656}}}
{3, 20, {{{-0.00020391670276472177, 0, 1.2262214059290924*^-10, 
    -1.1619447324364814*^-10}, {0, 0.00020415504446396896, 
    -1.192958254055786*^-7, -1.192972925986328*^-7}, 
   {1.2262214382575576*^-10, -1.1929582541128305*^-7, 
    -1.1917114408931358*^-7, 0.0002041552958841594}, 
   {-1.161944788572138*^-10, -1.1929729259814924*^-7, 0.0002041552958841586, 
    -1.1917055811657766*^-7}}, {{-0.00020391670276472275, 
    -1.2262214072057415*^-10, 0, 1.1619447284298811*^-10}, 
   {-1.2262214151555818*^-10, -1.1917114409043866*^-7, 
    -1.1929582540868404*^-7, 0.0002041552958841672}, 
   {0, -1.1929582541615392*^-7, 0.00020415504446396837, 
    -1.1929729260183638*^-7}, {1.1619447576243342*^-10, 
    0.0002041552958841557, -1.192972925972064*^-7, -1.1917055811733311*^-7}}, 
  {{-0.00020391670454294919, 1.0851459395716449*^-10, 
    -1.0851459561848144*^-10, 0}, {1.0851459826463883*^-10, 
    -1.1916995633680076*^-7, 0.00020415529497815293, 
    -1.1929521906827042*^-7}, {-1.0851459832365904*^-10, 
    0.00020415529497815505, -1.1916995633119785*^-7, 
    -1.1929521906313422*^-7}, {0, -1.1929521907356268*^-7, 
    -1.1929521907001996*^-7, 0.00020415504446172597}}}, 
 {{{0, 0.5773502331785216, 0.5773502331785294, 0.5773502331785589}, 
   {-0.5773502331785216, 0, -0.5773502330520981, 0.5773502330520541}, 
   {-0.5773502331785294, 0.5773502330520981, 0, -0.5773502330520462}, 
   {-0.5773502331785589, -0.5773502330520541, 0.5773502330520462, 0}}, 
  {{0, 0.5773502331785151, 0.577350233178528, 0.5773502331785669}, 
   {-0.5773502331785151, 0, -0.5773502330520909, 0.5773502330520601}, 
   {-0.577350233178528, 0.5773502330520909, 0, -0.5773502330520472}, 
   {-0.5773502331785669, -0.5773502330520601, 0.5773502330520472, 0}}}, 
 {0, 0}, {{-0.9800000013932635, -0.9600000026407238}, 
  {-2.0199999059668405, -0.9999999375173739, -0.010000015466046341}, 
  {-1.0000000001436122, -0.9800000013910726}, {{2, 0.0002082674414179885}}, 
  {{2, 1.2647053774609654*^-10}}, {0.037037023127686024, 
   7.240368865633127*^-23}}}
