{3, 20, {{{0, 0, 0, 0}, {0, 0, 0, 0}, {0, 0, 0, 0}, {0, 0, 0, 0}}, 
  {{0, 0, 0, 0}, {0, 0, 0, 0}, {0, 0, 0, 0}, {0, 0, 0, 0}}, 
  {{0, 0, 0, 0}, {0, 0, 0, 0}, {0, 0, 0, 0}, {0, 0, 0, 0}}}, 
 {{{0, 0.5773502691896248, 0.5773502691896253, 0.5773502691896272}, 
   {-0.5773502691896248, 0, -0.5773502691896253, 0.5773502691896262}, 
   {-0.5773502691896253, 0.5773502691896253, 0, -0.577350269189626}, 
   {-0.5773502691896272, -0.5773502691896262, 0.577350269189626, 0}}, 
  {{0, 0.5773502691896253, 0.5773502691896253, 0.5773502691896272}, 
   {-0.5773502691896253, 0, -0.5773502691896251, 0.5773502691896264}, 
   {-0.5773502691896253, 0.5773502691896251, 0, -0.5773502691896264}, 
   {-0.5773502691896272, -0.5773502691896264, 0.5773502691896264, 0}}}, 
 {0, 0}, {{-0.44000000000000006, 0.12000000000000022}, 
  {-2.5600000000000036, -4.000000000000002, 2.7199999999999998}, 
  {-1.0000000000000004, -0.4400000000000003}, {{2, 1.1213252548714081*^-14}}, 
  {{2, 1.3692750637043596*^-15}}, {0.03703703703703708, 0}}}
