{3, 20, {{{-0.5243095021191541, 0, -0.0003080105834807866, 
    0.000308010583481128}, {0, 0.9979330534143308, 0.000056670529656014514, 
    0.00005667052966252045}, {-0.0003080105834808403, 0.00005667052965685361, 
    -4.1846942942084554*^-6, 0.011661378611218055}, 
   {0.0003080105834798136, 0.00005667052965090054, 0.011661378611217129, 
    -4.184694292248652*^-6}}, {{-0.5243095021191538, 0.00030801058349049306, 
    0, -0.0003080105834804712}, {0.00030801058347110265, 
    -4.184694293390533*^-6, 0.00005667052965501332, 0.011661378611215136}, 
   {0, 0.00005667052965776101, 0.9979330534143295, 0.00005667052965989221}, 
   {-0.0003080105834805306, 0.011661378611219896, 0.0000566705296533977, 
    -4.184694292725267*^-6}}, {{-0.5243095021191546, -0.00030801058347130025, 
    0.0003080105834805802, 0}, {-0.00030801058349007613, 
    -4.184694292161048*^-6, 0.011661378611218697, 0.0000566705296630287}, 
   {0.00030801058348094016, 0.011661378611214222, -4.184694291142765*^-6, 
    0.000056670529659628424}, {0, 0.00005667052965058271, 
    0.00005667052965407511, 0.9979330534143327}}}, 
 {{{0, 0.025736570560014833, 0.025736570560015076, 0.025736570560014348}, 
   {-0.025736570560014833, 0, -0.025675553177967284, 0.02567555317796761}, 
   {-0.025736570560015076, 0.025675553177967284, 0, -0.025675553177967637}, 
   {-0.025736570560014348, -0.02567555317796761, 0.025675553177967637, 0}}, 
  {{0, 0.025736570560014646, 0.025736570560014403, 0.02573657056001524}, 
   {-0.025736570560014646, 0, -0.025675553177967526, 0.025675553177967648}, 
   {-0.025736570560014403, 0.025675553177967526, 0, -0.0256755531779676}, 
   {-0.02573657056001524, -0.025675553177967648, 0.0256755531779676, 0}}}, 
 {0, 0}, {{-1.5573998050411086, -1.5431351497379007}, 
  {-6.298556859514709, -1.5780147202928267, -1.5712637094645276}, 
  {-1.5716475507113812, -1.5573828954081732}, {{2, 0.0005424933823479135}}, 
  {{2, 0.00006101738204720696}}, {2.864961929372585*^-10, 
   0.9876622281713611}}}
