{10, 32, {{{-0.5159292079924959, 0, -0.006031262619902296, 
    0.006031262619902292}, {0, 0.9709965266688468, 0.001166728990008783, 
    0.0011667289900088177}, {-0.006031262619902257, 0.0011667289900087743, 
    -0.0001231399116297014, 0.013682621227245301}, 
   {0.006031262619902274, 0.0011667289900087596, 0.013682621227245253, 
    -0.00012313991162978943}}, {{-0.515929207992496, 0.00603126261990229, 0, 
    -0.006031262619902289}, {0.0060312626199022544, -0.0001231399116297144, 
    0.0011667289900087745, 0.013682621227245308}, 
   {0, 0.0011667289900087784, 0.970996526668847, 0.0011667289900088047}, 
   {-0.006031262619902273, 0.013682621227245258, 0.0011667289900087487, 
    -0.000123139911629766}}, {{-0.515929207992496, -0.006031262619902229, 
    0.0060312626199022275, 0}, {-0.006031262619902205, 
    -0.00012313991162977815, 0.013682621227245327, 0.0011667289900088224}, 
   {0.0060312626199022, 0.013682621227245274, -0.000123139911629766, 
    0.0011667289900088125}, {0, 0.0011667289900087257, 0.0011667289900087437, 
    0.970996526668847}}}, 
 {{{0., 0.05067399239706893, 0.050673992397068934, 0.05067399239706897}, 
   {-0.05067399239706893, 0., -0.051659172617820756, 0.051659172617820506}, 
   {-0.050673992397068934, 0.051659172617820756, 0., -0.05165917261782052}, 
   {-0.05067399239706897, -0.051659172617820506, 0.05165917261782052, 0.}}, 
  {{0., 0.05067399239706892, 0.050673992397068934, 0.050673992397069045}, 
   {-0.05067399239706892, 0., -0.05165917261782058, 0.051659172617820825}, 
   {-0.050673992397068934, 0.05165917261782058, 0., -0.051659172617820825}, 
   {-0.050673992397069045, -0.051659172617820825, 0.051659172617820825, 
    0.}}}, {0, 0}, {{-1.4561826111580127, -1.4017652548964814}, 
  {-6.293345978415264, -1.5105999674195425, -1.6360730217880894}, 
  {-1.5111289459005997, -1.4567115896390683}, {{2, 0.024668786057303313}, 
   {3, 0.010168781191592799}, {4, 0.004253898473143447}, 
   {5, 0.0017916532072130426}, {6, 0.000756853520476039}, 
   {7, 0.00032012795676159}, {8, 0.0001354787441165961}, 
   {9, 0.00005734806644500101}}, {{2, 0.1054239423066275}, 
   {3, 0.04494882031429224}, {4, 0.023744733640230376}, 
   {5, 0.015419554286594236}, {6, 0.01200324479999103}, 
   {7, 0.010575696579937935}, {8, 0.009974643012265624}, 
   {9, 0.009720767736554918}}, {1.9005735324474787*^-8, 0.838119718460081}}}
