{3, 28, {{{-0.5236026993396544, 0, -0.0005432385735552962, 
    0.0005432385735552657}, {0, 0.9974279772649588, -0.0002276093962563914, 
    -0.00022760939625640855}, {-0.000543238573555248, 
    -0.00022760939625651058, 0.00034322527062742754, 0.0014795391901055348}, 
   {0.0005432385735552635, -0.0002276093962564003, 0.0014795391901055478, 
    0.00034322527062754377}}, {{-0.5236026993396545, 0.0005432385735552785, 
    0, -0.0005432385735552684}, {0.0005432385735552542, 
    0.00034322527062733733, -0.00022760939625652877, 0.0014795391901055365}, 
   {0, -0.00022760939625640148, 0.9974279772649592, -0.00022760939625639942}, 
   {-0.0005432385735552672, 0.0014795391901055702, -0.00022760939625640002, 
    0.0003432252706274397}}, {{-0.5236026993396548, -0.0005432385735552674, 
    0.0005432385735552848, 0}, {-0.0005432385735552533, 
    0.0003432252706274024, 0.0014795391901057245, -0.0002276093962563938}, 
   {0.0005432385735552429, 0.0014795391901055912, 0.00034322527062738417, 
    -0.00022760939625640213}, {0, -0.0002276093962564396, 
    -0.00022760939625640387, 0.9974279772649592}}}, 
 {{{0., 0.01904487734164331, 0.019044877341643306, 0.019044877341643333}, 
   {-0.01904487734164331, 0., -0.01354346871669084, 0.013543468716690873}, 
   {-0.019044877341643306, 0.01354346871669084, 0., -0.013543468716690881}, 
   {-0.019044877341643333, -0.013543468716690873, 0.013543468716690881, 0.}}, 
  {{0., 0.01904487734164331, 0.019044877341643313, 0.01904487734164336}, 
   {-0.01904487734164331, 0., -0.013543468716690805, 0.013543468716690963}, 
   {-0.019044877341643313, 0.013543468716690805, 0., -0.013543468716690947}, 
   {-0.01904487734164336, -0.013543468716690963, 0.013543468716690947, 0.}}}, 
 {0, 0}, {{-1.5612587269014173, -1.5546613878654911}, 
  {-6.2984308680177294, -1.5678560659373475, -1.5813593680715172}, 
  {-1.5669031940121845, -1.5603058549762583}, {{2, 0.0001223082218378413}}, 
  {{2, 0.14443276599432636}}, {6.171339712074918*^-12, 0.9846667534656673}}}
