{3, 28, {{{-0.519684132946998, 0, -0.00235396942417886, 
    0.0023539694241788657}, {0, 0.98942087074826, -0.0009148813557407251, 
    -0.0009148813557407613}, {-0.0023539694241788297, -0.0009148813557406916, 
    0.0014086689443278287, 0.006095580385396978}, 
   {0.0023539694241788726, -0.0009148813557407365, 0.006095580385396901, 
    0.001408668944327958}}, {{-0.519684132946998, 0.0023539694241788557, 0, 
    -0.0023539694241788566}, {0.0023539694241788488, 0.001408668944327852, 
    -0.0009148813557406951, 0.0060955803853969415}, 
   {0, -0.0009148813557407486, 0.9894208707482601, -0.0009148813557407141}, 
   {-0.0023539694241788774, 0.006095580385396931, -0.0009148813557407691, 
    0.0014086689443278955}}, {{-0.5196841329469981, -0.002353969424178804, 
    0.002353969424178811, 0}, {-0.0023539694241788063, 0.0014086689443277385, 
    0.0060955803853969, -0.0009148813557406997}, 
   {0.002353969424178799, 0.006095580385396952, 0.0014086689443277844, 
    -0.0009148813557407444}, {0, -0.000914881355740789, 
    -0.0009148813557407341, 0.9894208707482601}}}, 
 {{{0., 0.03850006400069729, 0.03850006400069728, 0.038500064000697325}, 
   {-0.03850006400069729, 0., -0.027529542432662892, 0.027529542432662778}, 
   {-0.03850006400069728, 0.027529542432662892, 0., -0.027529542432662785}, 
   {-0.038500064000697325, -0.027529542432662778, 0.027529542432662785, 0.}}, 
  {{0., 0.03850006400069729, 0.038500064000697276, 0.0385000640006974}, 
   {-0.03850006400069729, 0., -0.027529542432662785, 0.027529542432662927}, 
   {-0.038500064000697276, 0.027529542432662785, 0., -0.027529542432662937}, 
   {-0.0385000640006974, -0.027529542432662927, 0.027529542432662937, 0.}}}, 
 {0, 0}, {{-1.5203321200100488, -1.4936584932325043}, 
  {-6.297607417467693, -1.5470057467875935, -1.6017979619462528}, 
  {-1.5432054466393201, -1.5165318198617757}, {{2, 0.00018002287885228452}}, 
  {{2, 0.14247406923577793}}, {4.353053035064487*^-10, 0.9381805013216596}}}
