{12, 32, {{{-0.5209127501821054, 0, -0.002500002261727379, 
    0.002500002261727364}, {0, 0.9873574247868531, 0.0004608999072955695, 
    0.00046089990729553977}, {-0.0025000022617273233, 0.0004608999072955708, 
    -0.000060158215540786434, 0.005872944690749539}, 
   {0.0025000022617273463, 0.00046089990729554454, 0.0058729446907494496, 
    -0.000060158215540827634}}, {{-0.5209127501821054, 0.0025000022617273445, 
    0, -0.0025000022617273536}, {0.002500002261727311, 
    -0.000060158215540730055, 0.00046089990729556796, 0.005872944690749484}, 
   {0, 0.00046089990729556677, 0.9873574247868531, 0.0004608999072955669}, 
   {-0.0025000022617273424, 0.005872944690749471, 0.0004608999072955026, 
    -0.00006015821554083978}}, {{-0.5209127501821053, -0.0025000022617273146, 
    0.002500002261727313, 0}, {-0.0025000022617272803, 
    -0.00006015821554088488, 0.005872944690749574, 0.00046089990729557327}, 
   {0.0025000022617272773, 0.005872944690749462, -0.00006015821554086753, 
    0.0004608999072955405}, {0, 0.00046089990729553435, 
    0.00046089990729554606, 0.9873574247868531}}}, 
 {{{0., 0.03363184686623401, 0.033631846866234015, 0.033631846866234036}, 
   {-0.03363184686623401, 0., -0.03396242988865424, 0.03396242988865403}, 
   {-0.033631846866234015, 0.03396242988865424, 0., -0.03396242988865402}, 
   {-0.033631846866234036, -0.03396242988865403, 0.03396242988865402, 0.}}, 
  {{0., 0.033631846866234015, 0.033631846866234015, 0.03363184686623409}, 
   {-0.033631846866234015, 0., -0.03396242988865409, 0.033962429888654236}, 
   {-0.033631846866234015, 0.03396242988865409, 0., -0.03396242988865424}, 
   {-0.03363184686623409, -0.033962429888654236, 0.03396242988865424, 0.}}}, 
 {0, 0}, {{-1.5219086496858547, -1.4974427813254834}, 
  {-6.297490746652056, -1.546374518046224, -1.6023708552798042}, 
  {-1.5464947612303257, -1.5220288928699544}, {{2, 0.01619061559007722}, 
   {3, 0.006475719204973036}, {4, 0.0026044769005490603}, 
   {5, 0.0010500873233712793}, {6, 0.00042381836255521443}, 
   {7, 0.00017112689953277527}, {8, 0.00006910852167034409}, 
   {9, 0.00002791098787303936}, {10, 0.000011272780641211066}, 
   {11, 4.552939199792272*^-6}}, {{2, 0.0976127212436922}, 
   {3, 0.03819648754001047}, {4, 0.017763573512359042}, 
   {5, 0.010001870981126256}, {6, 0.006942071250152079}, 
   {7, 0.005718185112753961}, {8, 0.005225796391531758}, 
   {9, 0.00502723822582247}, {10, 0.004947093381070683}, 
   {11, 0.0049147319166705445}}, {1.5345905845556824*^-9, 
   0.9265020361682654}}}
