{12, 32, {{{-0.5112444312236704, 0, -0.009315261395335549, 
    0.009315261395335497}, {0, 0.9570603703897373, 0.0014668523116075681, 
    0.0014668523116075963}, {-0.009315261395335481, 0.0014668523116075213, 
    0.00026879801905858695, 0.020775363198199937}, 
   {0.009315261395335488, 0.0014668523116074996, 0.020775363198199857, 
    0.00026879801905859996}}, {{-0.5112444312236705, 0.009315261395335554, 0, 
    -0.009315261395335502}, {0.009315261395335488, 0.00026879801905855486, 
    0.0014668523116075196, 0.020775363198199955}, 
   {0, 0.0014668523116075647, 0.9570603703897371, 0.0014668523116075898}, 
   {-0.009315261395335492, 0.020775363198199864, 0.001466852311607516, 
    0.00026879801905860257}}, {{-0.5112444312236706, -0.009315261395335481, 
    0.009315261395335476, 0}, {-0.009315261395335468, 0.0002687980190585167, 
    0.020775363198199982, 0.0014668523116075846}, 
   {0.009315261395335471, 0.020775363198199975, 0.0002687980190585193, 
    0.001466852311607599}, {0, 0.0014668523116074892, 0.0014668523116074914, 
    0.9570603703897369}}}, 
 {{{0., 0.06268752864486002, 0.06268752864486002, 0.06268752864486007}, 
   {-0.06268752864486002, 0., -0.06259078318018008, 0.06259078318017978}, 
   {-0.06268752864486002, 0.06259078318018008, 0., -0.06259078318017977}, 
   {-0.06268752864486007, -0.06259078318017978, 0.06259078318017977, 0.}}, 
  {{0., 0.06268752864485999, 0.06268752864485998, 0.06268752864486014}, 
   {-0.06268752864485999, 0., -0.06259078318017985, 0.0625907831801801}, 
   {-0.06268752864485998, 0.06259078318017985, 0., -0.06259078318018013}, 
   {-0.06268752864486014, -0.0625907831801801, 0.06259078318018013, 0.}}}, 
 {0, 0}, {{-1.3993168242484193, -1.318969115634186}, 
  {-6.28691911941939, -1.47966453286265, -1.663795026847045}, 
  {-1.479602532680367, -1.3992548240661338}, {{2, 0.030679504457182913}, 
   {3, 0.012982632388004484}, {4, 0.005628900394229933}, 
   {5, 0.0024687214592975792}, {6, 0.0010884042714642411}, 
   {7, 0.0004809766828625106}, {8, 0.0002127695864536927}, 
   {9, 0.00009416629458991466}, {10, 0.000041684079811921126}, 
   {11, 0.000018453735387669035}}, {{2, 0.0946880051254988}, 
   {3, 0.03536548096266638}, {4, 0.014212208061781029}, 
   {5, 0.00565647415293669}, {6, 0.0020137513190828077}, 
   {7, 0.0004283813716410026}, {8, 0.0002682387469807287}, 
   {9, 0.0005756303375946494}, {10, 0.0007115230506886127}, 
   {11, 0.0007716484185249196}}, {6.012600030576588*^-8, 0.7684860723177561}}}
