{3, 32, {{{-0.5130270484325921, 0, -0.008102030650644633, 
    0.008102030650644618}, {0, 0.9620465458132692, 0.001434502256904863, 
    0.001434502256904913}, {-0.008102030650644593, 0.0014345022569047716, 
    0.000035145692958365483, 0.018162695045729448}, 
   {0.008102030650644602, 0.0014345022569048128, 0.01816269504572941, 
    0.0000351456929583065}}, {{-0.5130270484325921, 0.008102030650644639, 0, 
    -0.008102030650644626}, {0.00810203065064458, 0.00003514569295839454, 
    0.0014345022569047738, 0.01816269504572947}, {0, 0.0014345022569048527, 
    0.9620465458132692, 0.0014345022569049056}, {-0.0081020306506446, 
    0.018162695045729416, 0.0014345022569048048, 0.00003514569295828829}}, 
  {{-0.513027048432592, -0.008102030650644602, 0.008102030650644597, 0}, 
   {-0.008102030650644562, 0.00003514569295834293, 0.01816269504572948, 
    0.0014345022569048596}, {0.008102030650644569, 0.01816269504572947, 
    0.000035145692958316044, 0.0014345022569048856}, 
   {0, 0.0014345022569048462, 0.0014345022569048273, 0.962046545813269}}}, 
 {{{0., 0.05840057462138444, 0.05840057462138443, 0.05840057462138447}, 
   {-0.05840057462138444, 0., -0.05900766100883169, 0.059007661008831355}, 
   {-0.05840057462138443, 0.05900766100883169, 0., -0.05900766100883137}, 
   {-0.05840057462138447, -0.059007661008831355, 0.05900766100883137, 0.}}, 
  {{0., 0.058400574621384434, 0.0584005746213844, 0.05840057462138456}, 
   {-0.058400574621384434, 0., -0.059007661008831466, 0.05900766100883168}, 
   {-0.0584005746213844, 0.059007661008831466, 0., -0.05900766100883169}, 
   {-0.05840057462138456, -0.05900766100883168, 0.05900766100883169, 0.}}}, 
 {0, 0}, {{-1.4200926472035604, -1.3492857134987424}, 
  {-6.289463057594603, -1.4908995809083794, -1.6538319478889223}, 
  {-1.491267607472054, -1.4204606737672358}, {{2, 0.00007193735925431488}}, 
  {{2, 0.0051976062854079425}}, {4.2213406558768973*^-8, 0.7928234875018007}}}
{10, 32, {{{-0.5130505713648791, 0, -0.00809127065269252, 
    0.008091270652692478}, {0, 0.9620759801641621, 0.0014435826870624253, 
    0.0014435826870624596}, {-0.00809127065269247, 0.0014435826870624305, 
    0.000023350564006150484, 0.018139450764829194}, 
   {0.008091270652692472, 0.0014435826870623915, 0.018139450764829135, 
    0.000023350564006141376}}, {{-0.5130505713648792, 0.008091270652692521, 
    0, -0.008091270652692478}, {0.008091270652692481, 
    0.000023350564006144412, 0.0014435826870624257, 0.01813945076482923}, 
   {0, 0.0014435826870624322, 0.9620759801641621, 0.0014435826870624383}, 
   {-0.008091270652692484, 0.018139450764829118, 0.0014435826870624322, 
    0.000023350564006152652}}, {{-0.5130505713648792, -0.008091270652692464, 
    0.00809127065269246, 0}, {-0.008091270652692436, 0.000023350564006089335, 
    0.018139450764829198, 0.0014435826870624617}, 
   {0.008091270652692426, 0.01813945076482925, 0.000023350564006152652, 
    0.0014435826870624802}, {0, 0.001443582687062372, 0.0014435826870623628, 
    0.962075980164162}}}, 
 {{{0., 0.05834230941810699, 0.058342309418107, 0.05834230941810703}, 
   {-0.05834230941810699, 0., -0.05899833454308699, 0.058998334543086714}, 
   {-0.058342309418107, 0.05899833454308699, 0., -0.05899833454308671}, 
   {-0.05834230941810703, -0.058998334543086714, 0.05899833454308671, 0.}}, 
  {{0., 0.05834230941810699, 0.058342309418106995, 0.05834230941810712}, 
   {-0.05834230941810699, 0., -0.05899833454308676, 0.05899833454308703}, 
   {-0.058342309418106995, 0.05899833454308676, 0., -0.05899833454308702}, 
   {-0.05834230941810712, -0.05899833454308703, 0.05899833454308702, 0.}}}, 
 {0, 0}, {{-1.4202560782635154, -1.3495197873633715}, 
  {-6.289607820649591, -1.4909923691636628, -1.6538115411611327}, 
  {-1.4913900632602886, -1.420653772360145}, {{2, 0.028522264999011768}, 
   {3, 0.011956662444241664}, {4, 0.005116736129119587}, 
   {5, 0.0022109273992680645}, {6, 0.0009594884796110814}, 
   {7, 0.00041719113143771913}, {8, 0.0001815488984723973}, 
   {9, 0.00007903340374909584}}, {{2, 0.10167332449535937}, 
   {3, 0.04153880929369436}, {4, 0.020223021051616857}, 
   {5, 0.011693889237071667}, {6, 0.008111156516156338}, 
   {7, 0.006575077317462447}, {8, 0.005910676417929171}, 
   {9, 0.005622207378512236}}, {4.217339009144158*^-8, 0.7929690398965277}}}
