{6, 32, {{{-0.5244563289022014, 0, -0.000219381677632111, 
    0.00021938167763207463}, {0, 0.9988866543609312, -4.882572212532794*^-6, 
    -4.882572212434972*^-6}, {-0.0002193816776320661, -4.882572212443361*^-6, 
    0.00004228664499833891, 0.0005504478603699544}, 
   {0.00021938167763209125, -4.882572212466319*^-6, 0.0005504478603699994, 
    0.000042286644998481594}}, {{-0.5244563289022014, 0.00021938167763210748, 
    0, -0.00021938167763207623}, {0.00021938167763208856, 
    0.00004228664499839659, -4.882572212454067*^-6, 0.0005504478603699794}, 
   {0, -4.882572212527603*^-6, 0.9988866543609309, -4.882572212458269*^-6}, 
   {-0.00021938167763210193, 0.0005504478603699772, -4.882572212439878*^-6, 
    0.000042286644998501544}}, {{-0.524456328902202, -0.00021938167763208276, 
    0.00021938167763208553, 0}, {-0.0002193816776320648, 
    0.00004228664499822572, 0.0005504478603700344, -4.882572212478855*^-6}, 
   {0.00021938167763203595, 0.0005504478603700039, 0.00004228664499814072, 
    -4.8825722124529475*^-6}, {0, -4.8825722124392815*^-6, 
    -4.882572212456203*^-6, 0.9988866543609314}}}, 
 {{{0., 0.021728041581747213, 0.0217280415817472, 0.021728041581747303}, 
   {-0.021728041581747213, 0., -0.019417128202719593, 0.019417128202719507}, 
   {-0.0217280415817472, 0.019417128202719593, 0., -0.019417128202719503}, 
   {-0.021728041581747303, -0.019417128202719507, 0.019417128202719503, 0.}}, 
  {{0., 0.02172804158174723, 0.021728041581747223, 0.02172804158174731}, 
   {-0.02172804158174723, 0., -0.01941712820271946, 0.019417128202719597}, 
   {-0.021728041581747223, 0.01941712820271946, 0., -0.019417128202719635}, 
   {-0.02172804158174731, -0.019417128202719597, 0.019417128202719635, 0.}}}, 
 {0, 0}, {{-1.5692701993826876, -1.5655067921858326}, 
  {-6.299126715318229, -1.5730336065795432, -1.5765297510795713}, 
  {-1.5728334756103248, -1.5690700684134697}, {{2, 0.005230117366177547}, 
   {3, 0.004098398765383381}, {4, 0.003211884533700974}, 
   {5, 0.002517433852875752}}, {{2, 0.31496147141666514}, 
   {3, 0.10639857924806753}, {4, 0.005198316728863801}, 
   {5, 0.053178133204811975}}, {5.359323693820308*^-11, 0.9933384916656082}}}
{6, 32, {{{-0.5244563289022014, 0, -0.000219381677632111, 
    0.00021938167763207463}, {0, 0.9988866543609312, -4.882572212532794*^-6, 
    -4.882572212434972*^-6}, {-0.0002193816776320661, -4.882572212443361*^-6, 
    0.00004228664499833891, 0.0005504478603699544}, 
   {0.00021938167763209125, -4.882572212466319*^-6, 0.0005504478603699994, 
    0.000042286644998481594}}, {{-0.5244563289022014, 0.00021938167763210748, 
    0, -0.00021938167763207623}, {0.00021938167763208856, 
    0.00004228664499839659, -4.882572212454067*^-6, 0.0005504478603699794}, 
   {0, -4.882572212527603*^-6, 0.9988866543609309, -4.882572212458269*^-6}, 
   {-0.00021938167763210193, 0.0005504478603699772, -4.882572212439878*^-6, 
    0.000042286644998501544}}, {{-0.524456328902202, -0.00021938167763208276, 
    0.00021938167763208553, 0}, {-0.0002193816776320648, 
    0.00004228664499822572, 0.0005504478603700344, -4.882572212478855*^-6}, 
   {0.00021938167763203595, 0.0005504478603700039, 0.00004228664499814072, 
    -4.8825722124529475*^-6}, {0, -4.8825722124392815*^-6, 
    -4.882572212456203*^-6, 0.9988866543609314}}}, 
 {{{0., 0.021728041581747213, 0.0217280415817472, 0.021728041581747303}, 
   {-0.021728041581747213, 0., -0.019417128202719593, 0.019417128202719507}, 
   {-0.0217280415817472, 0.019417128202719593, 0., -0.019417128202719503}, 
   {-0.021728041581747303, -0.019417128202719507, 0.019417128202719503, 0.}}, 
  {{0., 0.02172804158174723, 0.021728041581747223, 0.02172804158174731}, 
   {-0.02172804158174723, 0., -0.01941712820271946, 0.019417128202719597}, 
   {-0.021728041581747223, 0.01941712820271946, 0., -0.019417128202719635}, 
   {-0.02172804158174731, -0.019417128202719597, 0.019417128202719635, 0.}}}, 
 {0, 0}, {{-1.5692701993826876, -1.5655067921858326}, 
  {-6.299126715318229, -1.5730336065795432, -1.5765297510795713}, 
  {-1.5728334756103248, -1.5690700684134697}, {{2, 0.005230117366177547}, 
   {3, 0.004098398765383381}, {4, 0.003211884533700974}, 
   {5, 0.002517433852875752}}, {{2, 0.31496147141666514}, 
   {3, 0.10639857924806753}, {4, 0.005198316728863801}, 
   {5, 0.053178133204811975}}, {5.359323693820308*^-11, 0.9933384916656082}}}
