{20, 32, {{{-0.5240509066323678, 0, -0.0003111272013177032, 
    0.00031112720131767343}, {0, 0.9985317759387428, -0.0001937200584132078, 
    -0.00019372005841317348}, {-0.0003111272013176804, -0.000193720058413016, 
    0.0002675883707071564, 0.0009045935003587887}, 
   {0.00031112720131771214, -0.00019372005841305205, 0.0009045935003586633, 
    0.00026758837070740577}}, {{-0.5240509066323676, 0.00031112720131768444, 
    0, -0.00031112720131766937}, {0.0003111272013176753, 
    0.000267588370707257, -0.0001937200584130171, 0.0009045935003588197}, 
   {0, -0.00019372005841321674, 0.9985317759387433, -0.0001937200584131762}, 
   {-0.00031112720131770753, 0.0009045935003587197, -0.00019372005841307349, 
    0.00026758837070706143}}, {{-0.524050906632368, -0.00031112720131767007, 
    0.00031112720131768216, 0}, {-0.000311127201317652, 
    0.0002675883707069721, 0.000904593500358805, -0.00019372005841304852}, 
   {0.00031112720131765603, 0.0009045935003588586, 0.0002675883707070892, 
    -0.00019372005841305926}, {0, -0.00019372005841316854, 
    -0.00019372005841316846, 0.9985317759387436}}}, 
 {{{0., 0.03056527881383001, 0.03056527881383002, 0.030565278813830123}, 
   {-0.03056527881383001, 0., -0.019449451981548845, 0.019449451981548654}, 
   {-0.03056527881383002, 0.019449451981548845, 0., -0.019449451981548654}, 
   {-0.030565278813830123, -0.019449451981548654, 0.019449451981548654, 0.}}, 
  {{0., 0.030565278813829998, 0.03056527881383002, 0.030565278813830192}, 
   {-0.030565278813829998, 0., -0.01944945198154877, 0.019449451981548772}, 
   {-0.03056527881383002, 0.01944945198154877, 0., -0.019449451981548755}, 
   {-0.030565278813830192, -0.019449451981548772, 0.019449451981548755, 
    0.}}}, {0, 0}, {{-1.5673530946673755, -1.5620590330820687}, 
  {-6.298462083336607, -1.5726471562526816, -1.5765838854156218}, 
  {-1.5716844974105992, -1.5663904358252925}, {{2, 0.005230117366177539}, 
   {3, 0.004098398765383381}, {4, 0.003211884533700988}, 
   {5, 0.0025174338528757417}, {6, 0.0019733713619517167}, 
   {7, 0.0015470625462550187}, {8, 0.001212967363599278}, 
   {9, 0.0009510998148020977}, {10, 0.0007458177787250247}, 
   {11, 0.0005848757585808287}, {12, 0.000458684587711259}, 
   {13, 0.00035973314274506327}, {14, 0.0002821365574805605}, 
   {15, 0.00022128312934554042}, {16, 0.00017355822545829513}, 
   {17, 0.00013612829057743983}, {18, 0.00010677179653141924}, 
   {19, 0.00008374687831970082}}, {{2, 0.31496147141666514}, 
   {3, 0.10639857924806784}, {4, 0.0051983167288637555}, 
   {5, 0.05317813320481172}, {6, 0.09025228045201102}, 
   {7, 0.11525559734384652}, {8, 0.13280923819716828}, 
   {9, 0.1454834504475742}, {10, 0.15482125971043476}, 
   {11, 0.16180387187423065}, {12, 0.1670835443127016}, 
   {13, 0.17110917958056354}, {14, 0.17419829675918852}, 
   {15, 0.17658040202642802}, {16, 0.17842425758914826}, 
   {17, 0.17985565924148655}, {18, 0.18096939161582748}, 
   {19, 0.18183748461754048}}, {5.413077107093038*^-11, 0.9912229276300534}}}
