{6, 32, {{{-0.5248621009127823, 0, -5.099750381003232*^-6, 
    5.099750380980491*^-6}, {0, 0.9999724374071324, 1.105388291255377*^-6, 
    1.1053882906703225*^-6}, {-5.099750380970344*^-6, 1.1053882903259714*^-6, 
    -3.4818942423655436*^-7, 0.00001243148535347707}, 
   {5.09975038099589*^-6, 1.105388291822613*^-6, 0.00001243148535408112, 
    -3.481894240067035*^-7}}, {{-0.5248621009127826, 5.0997503810043675*^-6, 
    0, -5.099750380979463*^-6}, {5.099750380969011*^-6, 
    -3.4818942407088826*^-7, 1.1053882903194791*^-6, 0.00001243148535325384}, 
   {0, 1.1053882912574114*^-6, 0.9999724374071326, 1.1053882908643202*^-6}, 
   {-5.099750380999352*^-6, 0.000012431485354232174, 1.1053882916322913*^-6, 
    -3.481894246259998*^-7}}, {{-0.524862100912783, -5.099750380965936*^-6, 
    5.099750380961909*^-6, 0}, {-5.099750380923016*^-6, 
    -3.481894244889566*^-7, 0.000012431485354056955, 1.1053882918297628*^-6}, 
   {5.099750380919219*^-6, 0.000012431485353339643, -3.481894241263994*^-7, 
    1.1053882916400706*^-6}, {0, 1.1053882906741*^-6, 1.105388290869969*^-6, 
    0.9999724374071324}}}, 
 {{{0., 0.0015524556969501923, 0.0015524556969501847, 0.0015524556969501969}, 
   {-0.0015524556969501923, 0., -0.0015899076149558755, 
    0.0015899076149553776}, {-0.0015524556969501847, 0.0015899076149558755, 
    0., -0.0015899076149555585}, {-0.0015524556969501969, 
    -0.0015899076149553776, 0.0015899076149555585, 0.}}, 
  {{0., 0.0015524556969501945, 0.0015524556969501932, 0.0015524556969501932}, 
   {-0.0015524556969501945, 0., -0.0015899076149557662, 
    0.0015899076149552757}, {-0.0015524556969501932, 0.0015899076149557662, 
    0., -0.0015899076149556014}, {-0.0015524556969501932, 
    -0.0015899076149552757, 0.0015899076149556014, 0.}}}, {0, 0}, 
 {{-1.5744963547703517, -1.574442576127479}, {-6.298447572230648, 
   -1.5745501334132237, -1.5746736527021004}, {-1.5745507820994722, 
   -1.5744970034565995}, {{2, 0.0007465285669834686}, 
   {3, 0.00029224904614422436}, {4, 0.00011441004826467102}, 
   {5, 0.00004478959538106904}}, {{2, 0.09917405360457217}, 
   {3, 0.039733418490620245}, {4, 0.0195561532846434}, 
   {5, 0.012062153554190897}}, {1.6152187096880936*^-17, 0.9998346358378238}}}
