{5, 20, {{{-0.5247401580144482, 0, -0.00003731193714811784, 
    0.00003731193714769415}, {0, 0.9991010452424399, 0.00012640471779963884, 
    0.00012640471779936275}, {-0.000037311937148150635, 
    0.00012640471779980147, -0.00003367772806377482, 0.0010561259955684794}, 
   {0.00003731193714805215, 0.00012640471779923682, 0.0010561259955681073, 
    -0.00003367772806456889}}, 
  {{-0.5247401580144473, 0.000037311937148191754, 0, 
    -0.00003731193714769429}, {0.00003731193714812647, 
    -0.00003367772806433774, 0.00012640471779980927, 0.0010561259955683459}, 
   {0, 0.00012640471779965602, 0.9991010452424406, 0.00012640471779913685}, 
   {-0.000037311937148051675, 0.0010561259955684105, 0.00012640471779944368, 
    -0.00003367772806418942}}, {{-0.52474015801445, -0.000037311937148137855, 
    0.000037311937148093186, 0}, {-0.000037311937147996475, 
    -0.00003367772806410832, 0.0010561259955685126, 0.0001264047177994778}, 
   {0.00003731193714801999, 0.001056125995568152, -0.00003367772806406322, 
    0.0001264047177997065}, {0, 0.00012640471779950242, 
    0.00012640471779933198, 0.9991010452424403}}}, 
 {{{0, 0.012776029597191032, 0.012776029597190989, 0.012776029597191003}, 
   {-0.012776029597191032, 0, -0.019666242046589982, 0.01966624204658971}, 
   {-0.012776029597190989, 0.019666242046589982, 0, -0.019666242046589698}, 
   {-0.012776029597191003, -0.01966624204658971, 0.019666242046589698, 0}}, 
  {{0, 0.012776029597191017, 0.012776029597191006, 0.012776029597191027}, 
   {-0.012776029597191017, 0, -0.019666242046589677, 0.019666242046589864}, 
   {-0.012776029597191006, 0.019666242046589677, 0, -0.019666242046589684}, 
   {-0.012776029597191027, -0.019666242046589864, 0.019666242046589684, 0}}}, 
 {0, 0}, {{-1.5688692553792933, -1.5644435089030264}, 
  {-6.298611860405098, -1.5759661102339118, -1.573339819968637}, 
  {-1.5744884216592914, -1.5700626751830244}, {{2, 0.003031246803751584}, 
   {3, 0.0006679155774258587}, {4, 0.00028569714918454765}}, 
  {{2, 0.006743678784602572}, {3, 0.006864289873765112}, 
   {4, 0.006890212449398756}}, {5.785331914148566*^-11, 0.9946183787300159}}}
{5, 20, {{{-0.5247401580144474, 0, -0.00003731193714804385, 
    0.00003731193714806763}, {0, 0.9991010452424399, 0.00012640471779982876, 
    0.00012640471779925083}, {-0.000037311937148157506, 
    0.00012640471779925617, -0.00003367772806386459, 0.0010561259955680624}, 
   {0.000037311937147973036, 0.00012640471779941972, 0.001056125995568569, 
    -0.000033677728064021584}}, 
  {{-0.5247401580144482, 0.00003731193714809996, 0, 
    -0.000037311937148083164}, {0.000037311937148143825, 
    -0.00003367772806447738, 0.00012640471779924736, 0.0010561259955678879}, 
   {0, 0.00012640471779982237, 0.9991010452424396, 0.00012640471779934125}, 
   {-0.00003731193714795851, 0.0010561259955687234, 0.000126404717799341, 
    -0.00003367772806413391}}, 
  {{-0.5247401580144497, -0.00003731193714801697, 0.000037311937147982774, 
    0}, {-0.000037311937148022266, -0.0000336777280638776, 
    0.0010561259955686247, 0.00012640471779958203}, 
   {0.000037311937148021466, 0.0010561259955686208, -0.00003367772806392444, 
    0.00012640471779952115}, {0, 0.00012640471779940026, 
    0.00012640471779949906, 0.9991010452424407}}}, 
 {{{0, 0.012776029597191006, 0.012776029597191034, 0.01277602959719103}, 
   {-0.012776029597191006, 0, -0.019666242046589164, 0.01966624204658995}, 
   {-0.012776029597191034, 0.019666242046589164, 0, -0.019666242046590093}, 
   {-0.01277602959719103, -0.01966624204658995, 0.019666242046590093, 0}}, 
  {{0, 0.012776029597190937, 0.01277602959719095, 0.012776029597191069}, 
   {-0.012776029597190937, 0, -0.019666242046589132, 0.019666242046590097}, 
   {-0.01277602959719095, 0.019666242046589132, 0, -0.019666242046590104}, 
   {-0.012776029597191069, -0.019666242046590097, 0.019666242046590104, 0}}}, 
 {0, 0}, {{-1.5688692553792931, -1.5644435089030253}, 
  {-6.298611860405099, -1.575966110233911, -1.5733398199686386}, 
  {-1.5744884216592911, -1.5700626751830233}, {{2, 0.0030312468037514972}, 
   {3, 0.0006679155774259975}, {4, 0.00028569714918482976}}, 
  {{2, 0.006743678784602554}, {3, 0.00686428987376512}, 
   {4, 0.0068902124493987514}}, {5.7853319141485433*^-11, 
   0.9946183787300148}}}
{5, 20, {{{-0.5247401580144478, 0, -0.00003731193714804236, 
    0.000037311937147540894}, {0, 0.9991010452424397, 0.00012640471779933488, 
    0.00012640471779931095}, {-0.00003731193714819712, 0.0001264047177996696, 
    -0.000033677728064125233, 0.0010561259955686405}, 
   {0.00003731193714818662, 0.00012640471779940172, 0.0010561259955680108, 
    -0.00003367772806318241}}, 
  {{-0.5247401580144472, 0.000037311937148116585, 0, 
    -0.00003731193714754633}, {0.00003731193714813176, 
    -0.00003367772806450904, 0.00012640471779971392, 0.0010561259955677528}, 
   {0, 0.00012640471779935502, 0.9991010452424389, 0.00012640471779951171}, 
   {-0.00003731193714819427, 0.001056125995568821, 0.00012640471779922158, 
    -0.00003367772806440799}}, 
  {{-0.5247401580144504, -0.000037311937148045305, 0.00003731193714801599, 
    0}, {-0.00003731193714797735, -0.00003367772806442751, 
    0.0010561259955696783, 0.00012640471779966746}, 
   {0.000037311937148054914, 0.0010561259955677359, -0.00003367772806339708, 
    0.0001264047177995064}, {0, 0.0001264047177993762, 0.0001264047177996503, 
    0.999101045242441}}}, 
 {{{0, 0.01277602959719106, 0.012776029597191044, 0.012776029597190954}, 
   {-0.01277602959719106, 0, -0.019666242046589275, 0.019666242046589934}, 
   {-0.012776029597191044, 0.019666242046589275, 0, -0.019666242046589864}, 
   {-0.012776029597190954, -0.019666242046589934, 0.019666242046589864, 0}}, 
  {{0, 0.012776029597191003, 0.012776029597190996, 0.012776029597190961}, 
   {-0.012776029597191003, 0, -0.019666242046589223, 0.019666242046590295}, 
   {-0.012776029597190996, 0.019666242046589223, 0, -0.01966624204658996}, 
   {-0.012776029597190961, -0.019666242046590295, 0.01966624204658996, 0}}}, 
 {0, 0}, {{-1.5688692553792924, -1.564443508903026}, 
  {-6.298611860405097, -1.575966110233911, -1.5733398199686373}, 
  {-1.5744884216592905, -1.570062675183024}, {{2, 0.0030312468037515805}, 
   {3, 0.0006679155774262334}, {4, 0.00028569714918624106}}, 
  {{2, 0.0067436787846025525}, {3, 0.006864289873765094}, 
   {4, 0.006890212449398755}}, {5.785331914148547*^-11, 0.9946183787300137}}}
{5, 20, {{{-0.5247401580144481, 0, -0.00003731193714820567, 
    0.00003731193714775567}, {0, 0.9991010452424409, 0.00012640471779963122, 
    0.00012640471779967069}, {-0.00003731193714816757, 
    0.00012640471779957641, -0.00003367772806407449, 0.0010561259955681635}, 
   {0.00003731193714835553, 0.00012640471779912392, 0.0010561259955686705, 
    -0.00003367772806379954}}, {{-0.5247401580144473, 0.00003731193714812466, 
    0, -0.00003731193714774501}, {0.000037311937148169385, 
    -0.000033677728064034594, 0.00012640471779955706, 0.0010561259955695545}, 
   {0, 0.00012640471779965345, 0.9991010452424406, 0.00012640471779940045}, 
   {-0.00003731193714834625, 0.0010561259955675255, 0.000126404717799451, 
    -0.00003367772806438024}}, 
  {{-0.5247401580144501, -0.00003731193714807542, 0.00003731193714810545, 0}, 
   {-0.00003731193714804173, -0.00003367772806462874, 0.0010561259955672098, 
    0.00012640471779938595}, {0.000037311937147974466, 0.0010561259955703447, 
    -0.000033677728063508106, 0.0001264047177997288}, 
   {0, 0.00012640471779981055, 0.00012640471779947298, 0.9991010452424398}}}, 
 {{{0, 0.012776029597191013, 0.012776029597191055, 0.012776029597190996}, 
   {-0.012776029597191013, 0, -0.019666242046589438, 0.01966624204659}, 
   {-0.012776029597191055, 0.019666242046589438, 0, -0.01966624204658977}, 
   {-0.012776029597190996, -0.01966624204659, 0.01966624204658977, 0}}, 
  {{0, 0.012776029597190937, 0.012776029597191048, 0.01277602959719103}, 
   {-0.012776029597190937, 0, -0.01966624204658932, 0.019666242046590218}, 
   {-0.012776029597191048, 0.01966624204658932, 0, -0.01966624204658981}, 
   {-0.01277602959719103, -0.019666242046590218, 0.01966624204658981, 0}}}, 
 {0, 0}, {{-1.568869255379294, -1.5644435089030264}, 
  {-6.298611860405098, -1.5759661102339115, -1.5733398199686373}, 
  {-1.574488421659292, -1.5700626751830244}, {{2, 0.0030312468037513446}, 
   {3, 0.0006679155774263201}, {4, 0.0002856971491866391}}, 
  {{2, 0.006743678784602554}, {3, 0.006864289873765099}, 
   {4, 0.006890212449398745}}, {5.785331914148547*^-11, 0.994618378730017}}}
