{65, 40, {{{-0.000030151632327016055, 0, -8.452570087643697*^-6, 
    8.452570087643294*^-6}, {0, 0.000043106909615264164, 
    1.9749314714805157*^-6, 1.9749314714776036*^-6}, 
   {-8.452570087639574*^-6, 1.974931471475845*^-6, -6.477638600574951*^-6, 
    0.00002620176931228842}, {8.45257008764594*^-6, 1.9749314714810692*^-6, 
    0.000026201769312285854, -6.4776386005725094*^-6}}, 
  {{-0.000030151632327019114, 8.452570087643101*^-6, 0, 
    -8.452570087641932*^-6}, {8.452570087640197*^-6, -6.477638600571044*^-6, 
    1.9749314714755174*^-6, 0.000026201769312284374}, 
   {0, 1.9749314714769637*^-6, 0.000043106909615262395, 
    1.9749314714772224*^-6}, {-8.452570087644128*^-6, 
    0.000026201769312284922, 1.974931471477303*^-6, -6.477638600571397*^-6}}, 
  {{-0.000030151632327023428, -8.452570087645415*^-6, 8.45257008764481*^-6, 
    0}, {-8.452570087644172*^-6, -6.477638600569716*^-6, 
    0.00002620176931229263, 1.9749314714810968*^-6}, 
   {8.452570087644968*^-6, 0.000026201769312289317, -6.477638600574523*^-6, 
    1.9749314714790097*^-6}, {0, 1.974931471475846*^-6, 
    1.9749314714777794*^-6, 0.00004310690961527741}}}, 
 {{{0., 0.5773502682785556, 0.5773502682785556, 0.5773502682785565}, 
   {-0.5773502682785556, 0., -0.5773502681410119, 0.5773502681410111}, 
   {-0.5773502682785556, 0.5773502681410119, 0., -0.5773502681410111}, 
   {-0.5773502682785565, -0.5773502681410111, 0.5773502681410111, 0.}}, 
  {{0., 0.5773502682785554, 0.5773502682785553, 0.5773502682785572}, 
   {-0.5773502682785554, 0., -0.5773502681410126, 0.5773502681410108}, 
   {-0.5773502682785553, 0.5773502681410126, 0., -0.5773502681410109}, 
   {-0.5773502682785572, -0.5773502681410108, 0.5773502681410109, 0.}}}, 
 {0, 0}, {{-0.08000000219497018, 0.8399999963532521}, 
  {-5.840000000039155, -1.0000000007431926, -1.919999999276385}, 
  {-1.000000000633605, -0.08000000208538272}, {{2, 0.037861180744303655}, 
   {3, 0.03411647544409298}, {4, 0.03122328446846445}, 
   {5, 0.028998007320808705}, {6, 0.027285985368781573}, 
   {7, 0.0259666840906268}, {8, 0.02495059035100783}, 
   {9, 0.02417343693758911}, {10, 0.023590792740604882}, 
   {11, 0.02484989073603694}, {12, 0.027953160019081547}, 
   {13, 0.03174129113497859}, {14, 0.03653167056329365}, 
   {15, 0.042828669603397373}, {16, 0.05097465280598901}, 
   {17, 0.0563868418985255}, {18, 0.06023887690812024}, 
   {19, 0.06098986019754349}, {20, 0.05851666068704919}, 
   {21, 0.053472672896718754}, {22, 0.04708044486116986}, 
   {23, 0.04036138870159886}, {24, 0.03398705182088829}, 
   {25, 0.028283782773018157}, {26, 0.023359795871536138}, 
   {27, 0.019198752496298765}, {28, 0.015729292486980462}, 
   {29, 0.012860403614769374}, {30, 0.010500762977863468}, 
   {31, 0.008566556417379849}, {32, 0.0069846067372528325}, 
   {33, 0.005692623487537483}, {34, 0.004638463257575342}, 
   {35, 0.0037788843083183185}, {36, 0.0030782606393164012}, 
   {37, 0.0025073532415709806}, {38, 0.0020422303070888412}, 
   {39, 0.001663336059756694}, {40, 0.0013547092104135242}, 
   {41, 0.0011033315817559636}, {42, 0.0008985907984670298}, 
   {43, 0.0007318384035271937}, {44, 0.0005960279733702614}, 
   {45, 0.00048541915237372514}, {46, 0.0003953360226428937}, 
   {47, 0.00032196995688103737}, {48, 0.0002622188844756282}, 
   {49, 0.00021355628272016385}, {50, 0.0001739244297906228}, 
   {51, 0.00014164743776076433}, {52, 0.00011536041006819772}, 
   {53, 0.00009395173724443629}, {54, 0.00007651609706800971}, 
   {55, 0.00006231617444827086}, {56, 0.0000507514840822148}, 
   {57, 0.000041332978291973895}, {58, 0.00003366236678644302}, 
   {59, 0.000027415274065697445}, {60, 0.000022327522379489076}, 
   {61, 0.00001818396024448439}, {62, 0.00001480936414330084}, 
   {63, 0.000012061028676466331}, {64, 9.822731831341514*^-6}}, 
  {{2, 0.9101977438585911}, {3, 0.49658540243827975}, 
   {4, 0.29790593641299906}, {5, 0.182956905911155}, 
   {6, 0.10927496292530073}, {7, 0.05905961285571283}, 
   {8, 0.02359546248600996}, {9, 0.0018434737596004225}, 
   {10, 0.019998643454104313}, {11, 0.03252004775790199}, 
   {12, 0.04039694755928528}, {13, 0.04417006124797838}, 
   {14, 0.04402294449913459}, {15, 0.03980100630941486}, 
   {16, 0.031438307535451224}, {17, 0.02336637705497906}, 
   {18, 0.016291359799428}, {19, 0.010919646956536716}, 
   {20, 0.007224174732701195}, {21, 0.004827415699986615}, 
   {22, 0.003265093969443079}, {23, 0.0022209469115243856}, 
   {24, 0.0015087316965533403}, {25, 0.0010205704548556893}, 
   {26, 0.0006870073654535681}, {27, 0.0004605538760357464}, 
   {28, 0.0003077491230387903}, {29, 0.00020516471279705166}, 
   {30, 0.00013655063133348482}, {31, 0.00009078127857788229}, 
   {32, 0.000060306654845476694}, {33, 0.00004004153163234797}, 
   {34, 0.0000265769805444074}, {35, 0.00001763602000324129}, 
   {36, 0.00001170115181642086}, {37, 7.762691258958763*^-6}, 
   {38, 5.149516355453557*^-6}, {39, 3.415867373606211*^-6}, 
   {40, 2.2658049673949497*^-6}, {41, 1.5029184835058458*^-6}, 
   {42, 9.96879323636266*^-7}, {43, 6.612199589494698*^-7}, 
   {44, 4.385779519626743*^-7}, {45, 2.9090150292214194*^-7}, 
   {46, 1.929496627701119*^-7}, {47, 1.2797977648957596*^-7}, 
   {48, 8.488641301904372*^-8}, {49, 5.630340933530458*^-8}, 
   {50, 3.7344873245772735*^-8}, {51, 2.4770064892313823*^-8}, 
   {52, 1.642945670843083*^-8}, {53, 1.089730731016217*^-8}, 
   {54, 7.2279502624555435*^-9}, {55, 4.794144138471163*^-9}, 
   {56, 3.1798526239286323*^-9}, {57, 2.1091277435755523*^-9}, 
   {58, 1.398939003037848*^-9}, {59, 9.278860907629645*^-10}, 
   {60, 6.154469049426903*^-10}, {61, 4.082126747536524*^-10}, 
   {62, 2.7075864368233806*^-10}, {63, 1.7958833810327475*^-10}, 
   {64, 1.191170744874791*^-10}}, {0.03703703663342518, 
   6.416250828472916*^-27}}}
