{9, 28, {{{-0.5195307500138778, 0, -0.0036181057159127006, 
    0.0036181057159126806}, {0, 0.9815080221817722, 0.0009873029871527766, 
    0.0009873029871527341}, {-0.0036181057159126503, 0.000987302987152766, 
    -0.00040962121352309915, 0.008383100705797217}, 
   {0.0036181057159126884, 0.0009873029871527391, 0.008383100705797217, 
    -0.00040962121352307833}}, {{-0.5195307500138779, 0.0036181057159127153, 
    0, -0.003618105715912684}, {0.003618105715912665, -0.0004096212135230818, 
    0.0009873029871527664, 0.00838310070579723}, {0, 0.0009873029871527753, 
    0.9815080221817722, 0.0009873029871527274}, {-0.0036181057159126984, 
    0.00838310070579721, 0.0009873029871527474, -0.000409621213523087}}, 
  {{-0.5195307500138779, -0.0036181057159126594, 0.0036181057159126472, 0}, 
   {-0.0036181057159126034, -0.0004096212135231382, 0.008383100705797243, 
    0.000987302987152752}, {0.0036181057159125948, 0.00838310070579729, 
    -0.00040962121352311476, 0.000987302987152774}, 
   {0, 0.0009873029871527077, 0.0009873029871527148, 0.9815080221817724}}}, 
 {{{0., 0.039112208984424704, 0.039112208984424704, 0.03911220898442474}, 
   {-0.039112208984424704, 0., -0.041689433413545245, 0.04168943341354508}, 
   {-0.039112208984424704, 0.041689433413545245, 0., -0.0416894334135451}, 
   {-0.03911220898442474, -0.04168943341354508, 0.0416894334135451, 0.}}, 
  {{0., 0.0391122089844247, 0.039112208984424704, 0.039112208984424815}, 
   {-0.0391122089844247, 0., -0.041689433413545085, 0.041689433413545314}, 
   {-0.039112208984424704, 0.041689433413545085, 0., -0.04168943341354532}, 
   {-0.039112208984424815, -0.041689433413545314, 0.04168943341354532, 0.}}}, 
 {0, 0}, {{-1.5004879248224878, -1.4666157582438502}, 
  {-6.296571458666945, -1.5343600914011262, -1.6139256379323461}, 
  {-1.5354760623145616, -1.501603895735924}, {{2, 0.01893869313696038}, 
   {3, 0.007651908003800945}, {4, 0.0031166922240979944}, 
   {5, 0.0012740825822544766}, {6, 0.0005216422449531299}, 
   {7, 0.00021371112855354812}, {8, 0.00008757832265196552}}, 
  {{2, 0.13161075966187125}, {3, 0.06846183300956737}, 
   {4, 0.0466028185601476}, {5, 0.038210596229350295}, 
   {6, 0.0348598817270027}, {7, 0.03350106913551118}, 
   {8, 0.03294654656486886}}, {5.24995954610577*^-9, 0.8940527049556314}}}
