{10, 28, {{{-0.5136439158611579, 0, -0.007958545236423652, 
    0.007958545236423637}, {0, 0.9616405698857459, 0.001979376008685199, 
    0.001979376008685215}, {-0.00795854523642361, 0.0019793760086851725, 
    -0.0005537461693246367, 0.017923947123368606}, 
   {0.007958545236423614, 0.001979376008685169, 0.01792394712336857, 
    -0.0005537461693246532}}, {{-0.5136439158611579, 0.007958545236423645, 0, 
    -0.00795854523642364}, {0.007958545236423612, -0.0005537461693246445, 
    0.0019793760086851886, 0.017923947123368592}, 
   {0, 0.0019793760086851977, 0.9616405698857462, 0.0019793760086852315}, 
   {-0.007958545236423616, 0.017923947123368596, 0.0019793760086851686, 
    -0.0005537461693246315}}, {{-0.5136439158611579, -0.007958545236423593, 
    0.007958545236423592, 0}, {-0.007958545236423566, -0.0005537461693246957, 
    0.017923947123368603, 0.0019793760086852193}, 
   {0.007958545236423566, 0.01792394712336863, -0.000553746169324687, 
    0.0019793760086852345}, {0, 0.0019793760086851456, 0.0019793760086851404, 
    0.961640569885746}}}, 
 {{{0., 0.056870526200315026, 0.05687052620031503, 0.05687052620031506}, 
   {-0.056870526200315026, 0., -0.06002579243143022, 0.06002579243142997}, 
   {-0.05687052620031503, 0.06002579243143022, 0., -0.060025792431429956}, 
   {-0.05687052620031506, -0.06002579243142997, 0.060025792431429956, 0.}}, 
  {{0., 0.05687052620031501, 0.05687052620031504, 0.05687052620031516}, 
   {-0.05687052620031501, 0., -0.06002579243143004, 0.060025792431430275}, 
   {-0.05687052620031504, 0.06002579243143004, 0., -0.060025792431430275}, 
   {-0.05687052620031516, -0.060025792431430275, 0.060025792431430275, 0.}}}, 
 {0, 0}, {{-1.4225734055696262, -1.3536215569871395}, 
  {-6.289778419341129, -1.491525254152112, -1.6533639555184525}, 
  {-1.4934380326504062, -1.4244861840679195}, {{2, 0.02785303671323676}, 
   {3, 0.011677393963948485}, {4, 0.004994373541721969}, 
   {5, 0.00215613502738915}, {6, 0.0009347413260452908}, 
   {7, 0.00040598343062255016}, {8, 0.00017647187856179025}, 
   {9, 0.00007673533954562217}}, {{2, 0.12895306308187796}, 
   {3, 0.06559180080114704}, {4, 0.043120120352249526}, 
   {5, 0.03413116894406004}, {6, 0.03035807507637256}, 
   {7, 0.028741925795186668}, {8, 0.028043633567698668}, 
   {9, 0.027740786325778602}}, {4.677646656673509*^-8, 0.7908182131441295}}}
