{9, 28, {{{-0.5230264084016396, 0, -0.0012007051520426008, 
    0.0012007051520425988}, {0, 0.9935538075371639, 0.0003499893605053456, 
    0.0003499893605054293}, {-0.0012007051520425615, 0.0003499893605053186, 
    -0.00017260256840201382, 0.00285617574806246}, 
   {0.0012007051520425902, 0.0003499893605053817, 0.0028561757480624495, 
    -0.00017260256840197132}}, {{-0.5230264084016396, 0.0012007051520425943, 
    0, -0.001200705152042598}, {0.0012007051520425735, 
    -0.0001726025684020173, 0.0003499893605053279, 0.0028561757480624946}, 
   {0, 0.0003499893605053403, 0.993553807537164, 0.00034998936050539115}, 
   {-0.0012007051520425884, 0.002856175748062404, 0.00034998936050542254, 
    -0.00017260256840193056}}, {{-0.5230264084016397, -0.0012007051520425513, 
    0.0012007051520425524, 0}, {-0.0012007051520425281, 
    -0.0001726025684020702, 0.0028561757480623827, 0.0003499893605053971}, 
   {0.0012007051520425169, 0.0028561757480625068, -0.00017260256840201382, 
    0.0003499893605054328}, {0, 0.0003499893605053892, 
    0.00034998936050536307, 0.9935538075371642}}}, 
 {{{0., 0.02296664082738577, 0.022966640827385768, 0.022966640827385795}, 
   {-0.02296664082738577, 0., -0.024618326056627605, 0.02461832605662747}, 
   {-0.022966640827385768, 0.024618326056627605, 0., -0.024618326056627463}, 
   {-0.022966640827385795, -0.02461832605662747, 0.024618326056627463, 0.}}, 
  {{0., 0.022966640827385764, 0.02296664082738577, 0.022966640827385823}, 
   {-0.022966640827385764, 0., -0.02461832605662751, 0.024618326056627622}, 
   {-0.02296664082738577, 0.02461832605662751, 0., -0.02461832605662763}, 
   {-0.022966640827385823, -0.024618326056627622, 0.02461832605662763, 0.}}}, 
 {0, 0}, {{-1.5486132216648287, -1.5366794050271613}, 
  {-6.298285335339952, -1.5605470383024929, -1.5885956293674832}, 
  {-1.5609761587127677, -1.5490423420751003}, {{2, 0.011012924377071038}, 
   {3, 0.004356369780698442}, {4, 0.0017273881990850504}, 
   {5, 0.0006856667682595616}, {6, 0.00027228584878637163}, 
   {7, 0.00010814666451251786}, {8, 0.00004295676655878544}}, 
  {{2, 0.13342244307055298}, {3, 0.07042004733716989}, 
   {4, 0.048900609199822344}, {5, 0.04082275252820478}, 
   {6, 0.03768380994307334}, {7, 0.03644769244913477}, 
   {8, 0.03595835459037336}}, {2.2261330445523726*^-10, 0.9619408147916386}}}
