{3, 40, {{{-0.000013118866189834184, 0, -3.667320099151621*^-6, 
    3.6673200991471565*^-6}, {0, 0.000019091214124261207, 
    6.811461343402027*^-7, 6.81146134341327*^-7}, 
   {-3.6673200991477587*^-6, 6.81146134338169*^-7, -2.9861739631377775*^-6, 
    0.000011756573914727422}, {3.6673200991496053*^-6, 6.811461343387962*^-7, 
    0.000011756573914728198, -2.9861739631353643*^-6}}, 
  {{-0.000013118866189837086, 3.66732009915216*^-6, 0, 
    -3.6673200991495295*^-6}, {3.6673200991455967*^-6, 
    -2.986173963140922*^-6, 6.811461343387668*^-7, 0.000011756573914730566}, 
   {0, 6.811461343414731*^-7, 0.00001909121412426252, 6.811461343382071*^-7}, 
   {-3.6673200991491487*^-6, 0.000011756573914729645, 6.811461343387568*^-7, 
    -2.9861739631379774*^-6}}, {{-0.00001311886618983917, 
    -3.6673200991513527*^-6, 3.667320099147337*^-6, 0}, 
   {-3.667320099150922*^-6, -2.9861739631423947*^-6, 0.000011756573914727439, 
    6.811461343363904*^-7}, {3.6673200991499*^-6, 0.00001175657391472667, 
    -2.986173963138638*^-6, 6.811461343386177*^-7}, 
   {0, 6.811461343339415*^-7, 6.81146134336714*^-7, 
    0.000019091214124263585}}}, 
 {{{0., 0.5773502690172839, 0.5773502690172836, 0.5773502690172846}, 
   {-0.5773502690172839, 0., -0.5773502689781023, 0.5773502689781012}, 
   {-0.5773502690172836, 0.5773502689781023, 0., -0.5773502689781014}, 
   {-0.5773502690172846, -0.5773502689781012, 0.5773502689781014, 0.}}, 
  {{0., 0.5773502690172831, 0.5773502690172833, 0.5773502690172853}, 
   {-0.5773502690172831, 0., -0.5773502689781028, 0.5773502689781009}, 
   {-0.5773502690172833, 0.5773502689781028, 0., -0.5773502689781007}, 
   {-0.5773502690172853, -0.5773502689781009, 0.5773502689781007, 0.}}}, 
 {0, 0}, {{-0.12000000041704009, 0.759999999320276}, 
  {-5.760000000049076, -1.0000000001543559, -1.8799999998701822}, 
  {-1.000000000124495, -0.12000000038717895}, {{2, 4.011666044744517*^-6}}, 
  {{2, 3.393296814190174*^-11}}, {0.03703703695562132, 
   4.8417380786095396*^-29}}}
