{3, 28, {{{-0.5245582244347129, 0, -0.00013295488178901904, 
    0.00013295488178902454}, {0, 0.9993615000517191, -0.00005729497999703308, 
    -0.000057294979997316374}, {-0.00013295488178902858, 
    -0.00005729497999760996, 0.00008578234158223078, 0.00036753440951172974}, 
   {0.00013295488178902666, -0.000057294979997339034, 0.0003675344095122418, 
    0.00008578234158215792}}, {{-0.5245582244347129, 0.00013295488178901698, 
    0, -0.00013295488178903522}, {0.00013295488178901774, 
    0.00008578234158228802, -0.00005729497999760795, 0.00036753440951194246}, 
   {0, -0.00005729497999702916, 0.9993615000517194, 
    -0.000057294979997497456}, {-0.00013295488178903094, 
    0.00036753440951208395, -0.000057294979997141194, 
    0.00008578234158215792}}, {{-0.5245582244347131, -0.0001329548817890009, 
    0.00013295488178901574, 0}, {-0.00013295488178899324, 
    0.00008578234158198271, 0.0003675344095118852, -0.00005729497999732649}, 
   {0.0001329548817890144, 0.0003675344095123902, 0.00008578234158199138, 
    -0.000057294979997138016}, {0, -0.00005729497999732622, 
    -0.00005729497999748549, 0.9993615000517202}}}, 
 {{{0., 0.009506551148931616, 0.009506551148931605, 0.009506551148931635}, 
   {-0.009506551148931616, 0., -0.006738959723699279, 0.006738959723699113}, 
   {-0.009506551148931605, 0.006738959723699279, 0., -0.006738959723699131}, 
   {-0.009506551148931635, -0.006738959723699113, 0.006738959723699131, 0.}}, 
  {{0., 0.00950655114893162, 0.009506551148931609, 0.009506551148931652}, 
   {-0.00950655114893162, 0., -0.006738959723699282, 0.00673895972369915}, 
   {-0.009506551148931609, 0.006738959723699282, 0., -0.006738959723699129}, 
   {-0.009506551148931652, -0.00673895972369915, 0.006738959723699129, 0.}}}, 
 {0, 0}, {{-1.5712944226913952, -1.569647839731925}, 
  {-6.298496264281637, -1.5729410056508657, -1.5763071264899526}, 
  {-1.5727013252027107, -1.5710547422432404}, {{2, 0.00006038762382208629}}, 
  {{2, 0.14556232759256088}}, {9.366064937940442*^-14, 0.9961751103394679}}}
