{9, 32, {{{-0.5199298021118972, 0, -0.003072610592060308, 
    0.0030726105920603156}, {0, 0.9848491209519961, 0.0004164367137831726, 
    0.0004164367137831223}, {-0.003072610592060288, 0.0004164367137830861, 
    0.00009250290015630274, 0.007189069945548347}, 
   {0.003072610592060301, 0.0004164367137831208, 0.007189069945548368, 
    0.00009250290015635348}}, {{-0.5199298021118972, 0.0030726105920603052, 
    0, -0.003072610592060316}, {0.003072610592060284, 0.000092502900156337, 
    0.0004164367137830757, 0.007189069945548354}, 
   {0, 0.00041643671378317716, 0.9848491209519962, 0.0004164367137831224}, 
   {-0.0030726105920602974, 0.007189069945548382, 0.00041643671378312376, 
    0.00009250290015627716}}, {{-0.5199298021118972, -0.0030726105920602584, 
    0.003072610592060258, 0}, {-0.003072610592060241, 0.00009250290015626415, 
    0.007189069945548406, 0.0004164367137831574}, 
   {0.0030726105920602376, 0.007189069945548351, 0.00009250290015627716, 
    0.00041643671378314756}, {0, 0.000416436713783067, 
    0.00041643671378306505, 0.9848491209519961}}}, 
 {{{0., 0.03758999350309487, 0.037589993503094866, 0.037589993503094915}, 
   {-0.03758999350309487, 0., -0.03689237279577125, 0.03689237279577115}, 
   {-0.037589993503094866, 0.03689237279577125, 0., -0.036892372795771136}, 
   {-0.037589993503094915, -0.03689237279577115, 0.036892372795771136, 0.}}, 
  {{0., 0.03758999350309487, 0.03758999350309487, 0.03758999350309497}, 
   {-0.03758999350309487, 0., -0.036892372795771115, 0.03689237279577136}, 
   {-0.03758999350309487, 0.036892372795771115, 0., -0.03689237279577134}, 
   {-0.03758999350309497, -0.03689237279577136, 0.03689237279577134, 0.}}}, 
 {0, 0}, {{-1.5104466703770014, -1.480497092219368}, 
  {-6.297070319604257, -1.5403962485346299, -1.6081389112674984}, 
  {-1.5401183361974475, -1.5101687580398142}, {{2, 0.01813379931766615}, 
   {3, 0.007287244103028667}, {4, 0.0029493352308546245}, 
   {5, 0.00119747838237462}, {6, 0.0004868496831769431}, 
   {7, 0.0001980446165101568}, {8, 0.0000805804715481584}}, 
  {{2, 0.08052660959308464}, {3, 0.022900718957575207}, 
   {4, 0.003025924892825457}, {5, 0.004563579462795497}, 
   {6, 0.007574830037567049}, {7, 0.008787779744794059}, 
   {8, 0.009279340621144747}}, {2.5212710148202077*^-9, 0.9124691909411337}}}
