{9, 32, {{{-0.5207860440976908, 0, -0.002513570904542581, 
    0.0025135709045425707}, {0, 0.9874654030310717, 0.000345964640870766, 
    0.00034596464087076405}, {-0.0025135709045425387, 0.00034596464087070767, 
    0.000065266968662968, 0.005923898635209233}, 
   {0.002513570904542573, 0.0003459646408708161, 0.005923898635209191, 
    0.0000652669686628457}}, {{-0.5207860440976908, 0.0025135709045425755, 0, 
    -0.002513570904542566}, {0.0025135709045425295, 0.0000652669686629268, 
    0.00034596464087070257, 0.005923898635209186}, 
   {0, 0.0003459646408707505, 0.9874654030310719, 0.0003459646408708096}, 
   {-0.0025135709045425707, 0.005923898635209266, 0.0003459646408707517, 
    0.00006526696866282489}}, {{-0.5207860440976908, -0.002513570904542544, 
    0.002513570904542543, 0}, {-0.0025135709045424936, 
    0.00006526696866292637, 0.005923898635209277, 0.0003459646408708472}, 
   {0.0025135709045425057, 0.005923898635209222, 0.00006526696866293591, 
    0.00034596464087079104}, {0, 0.0003459646408707196, 
    0.0003459646408707815, 0.9874654030310717}}}, 
 {{{0., 0.03416525695157419, 0.03416525695157421, 0.034165256951574234}, 
   {-0.03416525695157419, 0., -0.033554932124860604, 0.03355493212486036}, 
   {-0.03416525695157421, 0.033554932124860604, 0., -0.03355493212486037}, 
   {-0.034165256951574234, -0.03355493212486036, 0.03355493212486037, 0.}}, 
  {{0., 0.034165256951574206, 0.03416525695157421, 0.03416525695157428}, 
   {-0.034165256951574206, 0., -0.033554932124860465, 0.033554932124860555}, 
   {-0.03416525695157421, 0.033554932124860465, 0., -0.03355493212486058}, 
   {-0.03416525695157428, -0.033554932124860555, 0.03355493212486058, 0.}}}, 
 {0, 0}, {{-1.5214224935559684, -1.4965685899805834}, 
  {-6.297514651656155, -1.5462763971313525, -1.6024809286967252}, 
  {-1.546054403273465, -1.5212004996980801}, {{2, 0.01645104491454564}, 
   {3, 0.006579678760462206}, {4, 0.0026466255836348623}, 
   {5, 0.0010672924012927187}, {6, 0.000430860530432009}, 
   {7, 0.00017401212347077644}, {8, 0.0000702909314138217}}, 
  {{2, 0.08068666227971391}, {3, 0.02305105925835968}, 
   {4, 0.00323183021649906}, {5, 0.004297523628813909}, 
   {6, 0.007266270483460896}, {7, 0.008453997332213092}, 
   {8, 0.008931951361858743}}, {1.427375335215581*^-9, 0.9271101406883842}}}
