{8, 32, {{{-0.5238261692726613, 0, -0.0006381666581757007, 
    0.0006381666581757054}, {0, 0.9966158824423534, 0.00013247556570937416, 
    0.0001324755657092858}, {-0.0006381666581756707, 0.00013247556570938245, 
    -0.000035721998767202466, 0.0015391102089487353}, 
   {0.0006381666581757167, 0.00013247556570925994, 0.0015391102089487092, 
    -0.00003572199876715476}}, {{-0.5238261692726613, 0.0006381666581757085, 
    0, -0.0006381666581757044}, {0.0006381666581756788, 
    -0.000035721998767230655, 0.0001324755657093686, 0.0015391102089487552}, 
   {0, 0.00013247556570937725, 0.9966158824423531, 0.00013247556570926606}, 
   {-0.0006381666581757174, 0.0015391102089486915, 0.0001324755657092762, 
    -0.00003572199876705762}}, {{-0.5238261692726616, -0.0006381666581756755, 
    0.0006381666581756706, 0}, {-0.0006381666581756225, 
    -0.000035721998767363795, 0.0015391102089487576, 0.0001324755657092697}, 
   {0.0006381666581756233, 0.0015391102089487795, -0.00003572199876741844, 
    0.0001324755657092987}, {0, 0.00013247556570928045, 
    0.0001324755657092608, 0.9966158824423537}}}, 
 {{{0., 0.017255264665234197, 0.0172552646652342, 0.017255264665234225}, 
   {-0.017255264665234197, 0., -0.017604848647045993, 0.017604848647045833}, 
   {-0.0172552646652342, 0.017604848647045993, 0., -0.017604848647045868}, 
   {-0.017255264665234225, -0.017604848647045833, 0.017604848647045868, 0.}}, 
  {{0., 0.017255264665234204, 0.017255264665234187, 0.01725526466523425}, 
   {-0.017255264665234204, 0., -0.01760484864704595, 0.017604848647045947}, 
   {-0.017255264665234187, 0.01760484864704595, 0., -0.017604848647045968}, 
   {-0.01725526466523425, -0.017604848647045947, 0.017604848647045968, 0.}}}, 
 {0, 0}, {{-1.5604785333626037, -1.5539033944409932}, 
  {-6.298396900173495, -1.5670536722842148, -1.5821447778025328}, 
  {-1.5671202769781962, -1.5605451380565858}, {{2, 0.008257744607357263}, 
   {3, 0.0032503945170914428}, {4, 0.0012810723277311628}, 
   {5, 0.0005051924342236447}, {6, 0.000199269389437845}, 
   {7, 0.00007860760877361622}}, {{2, 0.10191149492786575}, 
   {3, 0.04216097174948508}, {4, 0.021813309810105264}, 
   {5, 0.014213666435095801}, {6, 0.011278268105150807}, 
   {7, 0.01012977745035855}}, {2.977102409027252*^-11, 0.9798663052781124}}}
