{9, 32, {{{-0.5247938722080496, 0, -0.000046311503361572514, 
    0.000046311503361561564}, {0, 0.9997499130147844, 0.00001008625219925865, 
    0.000010086252199365376}, {-0.000046311503361550234, 
    0.000010086252199200849, -3.20685722450054*^-6, 0.00011279043071338034}, 
   {0.000046311503361574384, 0.00001008625219913928, 0.00011279043071361818, 
    -3.206857224083773*^-6}}, {{-0.5247938722080497, 0.00004631150336158371, 
    0, -0.000046311503361562715}, {0.000046311503361544894, 
    -3.2068572244684478*^-6, 0.000010086252199194398, 0.0001127904307135219}, 
   {0, 0.000010086252199264044, 0.9997499130147849, 0.00001008625219927247}, 
   {-0.00004631150336157675, 0.00011279043071358265, 0.000010086252199227498, 
    -3.206857224546944*^-6}}, 
  {{-0.5247938722080497, -0.000046311503361543376, 0.00004631150336153733, 
    0}, {-0.00004631150336148338, -3.2068572246371496*^-6, 
    0.00011279043071355279, 0.000010086252199143227}, 
   {0.00004631150336148758, 0.00011279043071393603, -3.206857224602455*^-6, 
    0.000010086252199240356}, {0, 0.000010086252199367562, 
    0.000010086252199266216, 0.9997499130147851}}}, 
 {{{0., 0.004674060046284064, 0.004674060046284074, 0.004674060046284092}, 
   {-0.004674060046284064, 0., -0.004790116427288672, 0.00479011642728874}, 
   {-0.004674060046284074, 0.004790116427288672, 0., -0.0047901164272887205}, 
   {-0.004674060046284092, -0.00479011642728874, 0.0047901164272887205, 0.}}, 
  {{0., 0.004674060046284088, 0.004674060046284074, 0.0046740600462840945}, 
   {-0.004674060046284088, 0., -0.004790116427288602, 0.0047901164272887604}, 
   {-0.004674060046284074, 0.004790116427288602, 0., -0.004790116427288759}, 
   {-0.0046740600462840945, -0.0047901164272887604, 0.004790116427288759, 
    0.}}}, {0, 0}, {{-1.5735676822153513, -1.5730819396466824}, 
  {-6.298446834019658, -1.5740534247840183, -1.5751699922258107}, 
  {-1.574059455250472, -1.5735737126818032}, {{2, 0.002228625972200053}, 
   {3, 0.0008727655498317992}, {4, 0.0003418198656134977}, 
   {5, 0.00013387948475542498}, {6, 0.00005243698191324808}, 
   {7, 0.00002053828102698517}, {8, 8.044361517255821*^-6}}, 
  {{2, 0.10483830315510576}, {3, 0.04483295723960384}, 
   {4, 0.024459805152033415}, {5, 0.01689033190173091}, 
   {6, 0.01398490755494699}, {7, 0.012855824818524639}, 
   {8, 0.012414943310034458}}, {1.2080263748124899*^-14, 0.9985004159284437}}}
