{34, 40, {{{-0.5210231286094706, 0, -0.0024341288962477416, 
    0.002434128896247729}, {0, 0.9876690961834136, 0.00045905118936693775, 
    0.0004590511893668467}, {-0.0024341288962477087, 0.000459051189366838, 
    -0.00007029735439906346, 0.005716302298991466}, 
   {0.002434128896247732, 0.00045905118936682174, 0.005716302298991507, 
    -0.0000702973543991181}}, {{-0.5210231286094704, 0.0024341288962477516, 
    0, -0.00243412889624773}, {0.002434128896247727, -0.0000702973543990756, 
    0.0004590511893668355, 0.00571630229899151}, {0, 0.00045905118936693276, 
    0.9876690961834135, 0.00045905118936680797}, 
   {-0.002434128896247732, 0.0057163022989915055, 0.00045905118936686066, 
    -0.00007029735439909035}}, {{-0.5210231286094705, -0.0024341288962476965, 
    0.0024341288962476905, 0}, {-0.002434128896247668, 
    -0.00007029735439910683, 0.005716302298991503, 0.000459051189366838}, 
   {0.0024341288962476497, 0.00571630229899155, -0.0000702973543990626, 
    0.00045905118936688375}, {0, 0.0004590511893668124, 
    0.00045905118936677604, 0.9876690961834134}}}, 
 {{{0., 0.06630481200624445, 0.06630481200624441, 0.06630481200624475}, 
   {-0.06630481200624445, 0., -0.06712590151656594, 0.06712590151656553}, 
   {-0.06630481200624441, 0.06712590151656594, 0., -0.06712590151656554}, 
   {-0.06630481200624475, -0.06712590151656553, 0.06712590151656554, 0.}}, 
  {{0., 0.06630481200624447, 0.06630481200624444, 0.06630481200624484}, 
   {-0.06630481200624447, 0., -0.06712590151656563, 0.06712590151656593}, 
   {-0.06630481200624444, 0.06712590151656563, 0., -0.06712590151656594}, 
   {-0.06630481200624484, -0.06712590151656593, 0.06712590151656594, 0.}}}, 
 {0, 0}, {{-1.5225313209043259, -1.4880783299499905}, 
  {-6.297525909123423, -1.556984311858661, -1.5917786427030505}, 
  {-1.5571976371710772, -1.5227446462167418}, {{2, 0.010874700289080982}, 
   {3, 0.008612419464532478}, {4, 0.006825153595591778}, 
   {5, 0.005412793391181649}, {6, 0.004295838121673001}, 
   {7, 0.0034116539373338917}, {8, 0.0027110462719663747}, 
   {9, 0.002155393165008318}, {10, 0.0017143461760892459}, 
   {11, 0.0013640226761724439}, {12, 0.0010855968347848952}, 
   {13, 0.0008642044865042123}, {14, 0.000688091714139194}, 
   {15, 0.000547951674933711}, {16, 0.0004364067263401272}, 
   {17, 0.000347602903601571}, {18, 0.00027689152951054785}, 
   {19, 0.00022057862755936464}, {20, 0.00017572727767510565}, 
   {21, 0.00014000144301141992}, {22, 0.00011154237499100272}, 
   {23, 0.00008887067455815023}, {24, 0.00007080860133418243}, 
   {25, 0.00005641839098113888}, {26, 0.0000449532475950698}, 
   {27, 0.00003581838422078709}, {28, 0.00002854003695322571}, 
   {29, 0.000022740811528976224}, {30, 0.000018120062377835477}, 
   {31, 0.000014438273112413191}, {32, 0.000011504620019642253}, 
   {33, 9.167068384954846*^-6}}, {{2, 0.8514924501746501}, 
   {3, 0.5015208764867631}, {4, 0.3317461219295559}, {5, 0.2336467506092209}, 
   {6, 0.17113906655715463}, {7, 0.1287821028946783}, 
   {8, 0.09886366688329352}, {9, 0.07710328712594126}, 
   {10, 0.060935762008431246}, {11, 0.04873183685979885}, 
   {12, 0.039408865102167144}, {13, 0.03222123542974146}, 
   {14, 0.026640566474989975}, {15, 0.022283719554355035}, 
   {16, 0.018867684510439978}, {17, 0.016180268612654123}, 
   {18, 0.014060449777060197}, {19, 0.012384846473834943}, 
   {20, 0.011058178757888032}, {21, 0.010006405381154847}, 
   {22, 0.009171699536531967}, {23, 0.008508715688629157}, 
   {24, 0.00798178073314659}, {25, 0.007562758298881656}, 
   {26, 0.007229410615598869}, {27, 0.006964132919857079}, 
   {28, 0.006752969861980259}, {29, 0.006584847366660222}, 
   {30, 0.006450970385215549}, {31, 0.006344349203647242}, 
   {32, 0.006259425903733172}, {33, 0.006191779189750679}}, 
  {9.14830822709505*^-8, 0.9282581914492362}}}
