{28, 40, {{{-0.4952765578324564, 0, -0.017932554942527178, 
    0.017932554942527098}, {0, 0.9253893968866725, -0.0017553244971870337, 
    -0.0017553244971870597}, {-0.01793255494252711, -0.0017553244971871742, 
    0.005576972171115004, 0.03984553049314233}, {0.01793255494252708, 
    -0.0017553244971871768, 0.039845530493142316, 0.005576972171115141}}, 
  {{-0.4952765578324562, 0.017932554942527157, 0, -0.0179325549425271}, 
   {0.01793255494252711, 0.005576972171114999, -0.0017553244971871829, 
    0.03984553049314231}, {0, -0.0017553244971870528, 0.9253893968866729, 
    -0.0017553244971870653}, {-0.017932554942527087, 0.03984553049314231, 
    -0.0017553244971871573, 0.005576972171115108}}, 
  {{-0.4952765578324562, -0.01793255494252704, 0.01793255494252706, 0}, 
   {-0.01793255494252705, 0.00557697217111499, 0.03984553049314229, 
    -0.001755324497187091}, {0.017932554942527056, 0.039845530493142295, 
    0.005576972171114997, -0.0017553244971870875}, 
   {0, -0.0017553244971872297, -0.0017553244971872323, 0.9253893968866725}}}, 
 {{{0., 0.1853139360972112, 0.18531393609721114, 0.1853139360972118}, 
   {-0.1853139360972112, 0., -0.15707256273123066, 0.15707256273123005}, 
   {-0.18531393609721114, 0.15707256273123066, 0., -0.15707256273123005}, 
   {-0.1853139360972118, -0.15707256273123005, 0.15707256273123005, 0.}}, 
  {{0., 0.18531393609721117, 0.18531393609721117, 0.18531393609721208}, 
   {-0.18531393609721117, 0., -0.15707256273123027, 0.15707256273123074}, 
   {-0.18531393609721117, 0.15707256273123027, 0., -0.1570725627312307}, 
   {-0.18531393609721208, -0.15707256273123074, 0.1570725627312307, 0.}}}, 
 {0, 0}, {{-1.2789914355135918, -1.0799880808576083}, 
  {-6.261143037924425, -1.477994790169576, -1.6525767287926365}, 
  {-1.4628309871705016, -1.2638276325145181}, {{2, 0.00024263047996656018}, 
   {3, 0.0002139470993071102}, {4, 0.00018812091079986604}, 
   {5, 0.0001654560201014288}, {6, 0.0001455346067355534}, 
   {7, 0.00012802234871328588}, {8, 0.00011262549725593596}, 
   {9, 0.00009908668455244074}, {10, 0.00008718026732609796}, 
   {11, 0.00007670832473824496}, {12, 0.000067497180655407}, 
   {13, 0.00005939437818552884}, {14, 0.00005226604413574587}, 
   {15, 0.00004599459041801368}, {16, 0.00004047670721044061}, 
   {17, 0.00003562160919687307}, {18, 0.000031349501692812254}, 
   {19, 0.0000275902380938442}, {20, 0.000024282144013065832}, 
   {21, 0.000021370986812624393}, {22, 0.000018809072085318457}, 
   {23, 0.000016554451089001443}, {24, 0.000014570225225052358}, 
   {25, 0.000012823935464312264}, {26, 0.000011287026175810233}, 
   {27, 9.934374161552073*^-6}}, {{2, 0.07332466578332349}, 
   {3, 0.07368954530941915}, {4, 0.07400858692503737}, 
   {5, 0.07428854347160706}, {6, 0.07453427103500249}, 
   {7, 0.0747500283625408}, {8, 0.07493952694328326}, 
   {9, 0.07510600599564309}, {10, 0.07525229536720948}, 
   {11, 0.07538086946520553}, {12, 0.07549389359631695}, 
   {13, 0.07559326388976212}, {14, 0.07568064177323497}, 
   {15, 0.07575748380802518}, {16, 0.07582506755707424}, 
   {17, 0.07588451405158425}, {18, 0.07593680733307759}, 
   {19, 0.07598281147463012}, {20, 0.07602328542433603}, 
   {21, 0.07605889596352573}, {22, 0.07609022902996507}, 
   {23, 0.07611779962070518}, {24, 0.07614206045924554}, 
   {25, 0.07616340958624213}, {26, 0.07618219701136493}, 
   {27, 0.07619873054546268}}, {0.00001501764996228901, 0.6279818823620478}}}
