{3, 32, {{{-0.5139098228127299, 0, 0.000013221747238771714, 
    -0.000013221747238814537}, {0, 0.9902700392644628, -0.005172635879769404, 
    -0.005172635879769033}, {0.000013221747238767428, -0.00517263587976939, 
    0.006125985947590503, 0.009496237690618338}, {-0.000013221747238732232, 
    -0.005172635879769089, 0.009496237690618317, 0.006125985947590473}}, 
  {{-0.5139098228127301, -0.00001322174723877218, 0, 
    0.000013221747238783842}, {-0.00001322174723876963, 0.006125985947590404, 
    -0.005172635879769398, 0.009496237690618426}, 
   {0, -0.005172635879769412, 0.990270039264463, -0.00517263587976928}, 
   {0.000013221747238758507, 0.009496237690618397, -0.0051726358797692905, 
    0.006125985947590812}}, {{-0.5139098228127297, 0.000013221747238775653, 
    -0.000013221747238774684, 0}, {0.000013221747238775824, 
    0.006125985947590737, 0.009496237690617831, -0.005172635879769053}, 
   {-0.000013221747238782014, 0.00949623769061775, 0.00612598594759084, 
    -0.005172635879769266}, {0, -0.005172635879769108, 
    -0.0051726358797693625, 0.9902700392644639}}}, 
 {{{0., 0.05590728063157973, 0.05590728063157974, 0.05590728063157983}, 
   {-0.05590728063157973, 0., 0.000099026489636825, -0.00009902648963684719}, 
   {-0.05590728063157974, -0.000099026489636825, 0., 0.00009902648963675232}, 
   {-0.05590728063157983, 0.00009902648963684719, -0.00009902648963675232, 
    0.}}, {{0., 0.05590728063157972, 0.05590728063157974, 
    0.055907280631579945}, {-0.05590728063157972, 0., 0.00009902648963661204, 
    -0.00009902648963656309}, {-0.05590728063157974, -0.00009902648963661204, 
    0., 0.00009902648963666247}, {-0.055907280631579945, 
    0.00009902648963656309, -0.00009902648963666247, 0.}}}, {0, 0}, 
 {{-1.5070550981582476, -1.4780048229881744}, 
  {-6.298397764936199, -1.5361053733283205, -1.6130935091397791}, 
  {-1.5215545079065818, -1.4925042327365086}, {{2, 0.000037282526442194985}}, 
  {{2, 0.500885631428662}}, {9.42992643694567*^-25, 0.9430220284220029}}}
