{10, 32, {{{-0.5139036785265366, 0, -0.007115226643495039, 
    0.0071152266434950165}, {0, 0.9671975668631432, 0.0007181468753412342, 
    0.0007181468753412732}, {-0.007115226643495001, 0.000718146875341147, 
    0.0005689851943100903, 0.016055805835201466}, 
   {0.007115226643495009, 0.0007181468753411752, 0.016055805835201456, 
    0.0005689851943100083}}, {{-0.5139036785265367, 0.007115226643495046, 0, 
    -0.007115226643495018}, {0.007115226643494991, 0.0005689851943100808, 
    0.0007181468753411479, 0.016055805835201487}, 
   {0, 0.0007181468753412294, 0.9671975668631432, 0.0007181468753412498}, 
   {-0.007115226643495011, 0.01605580583520145, 0.0007181468753412005, 
    0.0005689851943100066}}, {{-0.5139036785265366, -0.00711522664349498, 
    0.007115226643494987, 0}, {-0.007115226643494952, 0.0005689851943100274, 
    0.016055805835201463, 0.0007181468753412377}, 
   {0.007115226643494963, 0.01605580583520149, 0.0005689851943100066, 
    0.0007181468753412541}, {0, 0.0007181468753411648, 0.000718146875341162, 
    0.9671975668631431}}}, 
 {{{0., 0.05615097721005689, 0.05615097721005688, 0.056150977210056935}, 
   {-0.05615097721005689, 0., -0.05407740216906089, 0.05407740216906061}, 
   {-0.05615097721005688, 0.05407740216906089, 0., -0.05407740216906061}, 
   {-0.056150977210056935, -0.05407740216906061, 0.05407740216906061, 0.}}, 
  {{0., 0.05615097721005688, 0.056150977210056865, 0.05615097721005701}, 
   {-0.05615097721005688, 0., -0.054077402169060707, 0.05407740216906091}, 
   {-0.056150977210056865, 0.054077402169060707, 0., -0.054077402169060915}, 
   {-0.05615097721005701, -0.05407740216906091, 0.054077402169060915, 0.}}}, 
 {0, 0}, {{-1.4364087711647642, -1.3722195831859414}, 
  {-6.291605920045043, -1.5005979591435885, -1.6452050008789332}, 
  {-1.4994127518265654, -1.4352235638477424}, {{2, 0.027338465907516513}, 
   {3, 0.011357494775441582}, {4, 0.004805339528990288}, 
   {5, 0.002050468190145052}, {6, 0.000878246957836934}, 
   {7, 0.000376782934832981}, {8, 0.0001617606134663302}, 
   {9, 0.00006946827371945297}}, {{2, 0.07148889937696569}, 
   {3, 0.014888902927414367}, {4, 0.005047049061378704}, 
   {5, 0.012947494001940413}, {6, 0.016228171832370915}, 
   {7, 0.017617229024271683}, {8, 0.018210231307352567}, 
   {9, 0.01846428276073485}}, {2.500891911019682*^-8, 0.8186366273691514}}}
