{10, 32, {{{-0.5244605163660436, 0, -0.00024564331376023007, 
    0.0002456433137602407}, {0, 0.9986893034829933, 0.0000473797019908042, 
    0.000047379701990691686}, {-0.0002456433137601968, 
    0.00004737970199073958, -0.000010197163626224966, 0.0005975630300517297}, 
   {0.00024564331376020925, 0.00004737970199077398, 0.0005975630300516261, 
    -0.000010197163626253156}}, 
  {{-0.5244605163660438, 0.00024564331376022806, 0, -0.00024564331376024037}, 
   {0.0002456433137601968, -0.000010197163626278309, 0.00004737970199073328, 
    0.0005975630300516188}, {0, 0.00004737970199079836, 0.9986893034829933, 
    0.00004737970199079734}, {-0.00024564331376021066, 0.0005975630300517434, 
    0.00004737970199066718, -0.00001019716362612999}}, 
  {{-0.5244605163660441, -0.0002456433137602134, 0.000245643313760197, 0}, 
   {-0.0002456433137601723, -0.000010197163626418822, 0.0005975630300519379, 
    0.00004737970199078143}, {0.0002456433137601544, 0.0005975630300516263, 
    -0.000010197163626490813, 0.00004737970199067977}, 
   {0, 0.00004737970199069402, 0.000047379701990790673, 
    0.9986893034829942}}}, 
 {{{0., 0.021618544894036605, 0.021618544894036612, 0.02161854489403671}, 
   {-0.021618544894036605, 0., -0.02185361902267629, 0.021853619022676046}, 
   {-0.021618544894036612, 0.02185361902267629, 0., -0.02185361902267602}, 
   {-0.02161854489403671, -0.021853619022676046, 0.02185361902267602, 0.}}, 
  {{0., 0.021618544894036598, 0.021618544894036612, 0.021618544894036754}, 
   {-0.021618544894036598, 0., -0.021853619022676168, 0.021853619022676136}, 
   {-0.021618544894036612, 0.021853619022676168, 0., -0.021853619022676143}, 
   {-0.021618544894036754, -0.021853619022676136, 0.021853619022676143, 
    0.}}}, {0, 0}, {{-1.5689769660175945, -1.5652325242033758}, 
  {-6.298439115395293, -1.572721407831813, -1.5764981498658337}, 
  {-1.5727417658485299, -1.5689973240343111}, {{2, 0.000049283151941130476}, 
   {3, 0.00003864980344413238}, {4, 0.000030310778976336966}, 
   {5, 0.000023771013934158203}, {6, 0.000018642276473877784}, 
   {7, 0.000014620111213010933}, {8, 0.000011465758648694646}, 
   {9, 8.991977666475415*^-6}}, {{2, 0.008872366047203756}, 
   {3, 0.007961155741804907}, {4, 0.007248839227496397}, 
   {5, 0.00669161383199114}, {6, 0.006255473601389267}, 
   {7, 0.005913960656647424}, {8, 0.00564645457940096}, 
   {9, 0.005436862883040962}}, {1.0892816965047043*^-10, 0.9921615447890275}}}
