{10, 32, {{{-0.5225821423545574, 0, -0.0013975444283905536, 
    0.001397544428390565}, {0, 0.9927963986830202, 0.00023834054744252433, 
    0.00023834054744256163}, {-0.0013975444283905341, 0.0002383405474424478, 
    -0.000018502780276850178, 0.0033395003289939515}, 
   {0.0013975444283905142, 0.00023834054744249907, 0.003339500328994059, 
    -0.000018502780276743493}}, {{-0.5225821423545575, 0.0013975444283905306, 
    0, -0.0013975444283905584}, {0.0013975444283905352, 
    -0.00001850278027685408, 0.00023834054744242643, 0.003339500328993993}, 
   {0, 0.00023834054744251685, 0.9927963986830204, 0.00023834054744251902}, 
   {-0.0013975444283905055, 0.003339500328994034, 0.00023834054744253791, 
    -0.000018502780276874464}}, 
  {{-0.5225821423545576, -0.0013975444283905129, 0.001397544428390502, 0}, 
   {-0.0013975444283905072, -0.00001850278027683977, 0.003339500328993993, 
    0.00023834054744252477}, {0.001397544428390489, 0.0033395003289939627, 
    -0.000018502780276763442, 0.00023834054744256055}, 
   {0, 0.00023834054744255025, 0.00023834054744232362, 0.9927963986830199}}}, 
 {{{0., 0.02555457266820118, 0.02555457266820117, 0.025554572668201186}, 
   {-0.02555457266820118, 0., -0.025554207871436536, 0.02555420787143639}, 
   {-0.02555457266820117, 0.025554207871436536, 0., -0.02555420787143641}, 
   {-0.025554572668201186, -0.02555420787143639, 0.02555420787143641, 0.}}, 
  {{0., 0.025554572668201166, 0.02555457266820116, 0.025554572668201242}, 
   {-0.025554572668201166, 0., -0.025554207871436474, 0.025554207871436536}, 
   {-0.02555457266820116, 0.025554207871436474, 0., -0.02555420787143655}, 
   {-0.025554572668201242, -0.025554207871436536, 0.02555420787143655, 0.}}}, 
 {0, 0}, {{-1.5442483335570993, -1.5300845517244475}, 
  {-6.298139558047045, -1.5584121153897494, -1.590657663633773}, 
  {-1.5584120142943056, -1.5442482324616538}, {{2, 0.003919284801588867}, 
   {3, 0.0015580093332295958}, {4, 0.0006200199182916921}, 
   {5, 0.0002468497664913083}, {6, 0.00009829626124398944}, 
   {7, 0.00003914462739437741}, {8, 0.000015589049994615967}, 
   {9, 6.208290739349864*^-6}}, {{2, 0.025847580211744565}, 
   {3, 0.009929897489919112}, {4, 0.003875831376927842}, 
   {5, 0.00150785865544775}, {6, 0.0005715119659993311}, 
   {7, 0.00019966624975997264}, {8, 0.0000517454363687864}, 
   {9, 7.137602522977269*^-6}}, {2.7846751516315*^-10, 0.9575493342852405}}}
