{10, 32, {{{-0.5141388428376319, 0, -0.007078438370568498, 
    0.007078438370568468}, {0, 0.96703778460976, 0.000926176556883521, 
    0.0009261765568835162}, {-0.007078438370568447, 0.0009261765568834403, 
    0.0003442888782752558, 0.015962875298586962}, 
   {0.00707843837056846, 0.0009261765568834442, 0.015962875298586948, 
    0.000344288878275225}}, {{-0.5141388428376318, 0.0070784383705684885, 0, 
    -0.007078438370568471}, {0.007078438370568444, 0.00034428887827524495, 
    0.0009261765568834442, 0.015962875298586945}, 
   {0, 0.0009261765568835414, 0.9670377846097599, 0.0009261765568835118}, 
   {-0.007078438370568453, 0.015962875298586938, 0.0009261765568834571, 
    0.0003442888782752007}}, {{-0.5141388428376317, -0.007078438370568421, 
    0.007078438370568426, 0}, {-0.007078438370568405, 0.0003442888782752085, 
    0.01596287529858701, 0.0009261765568834937}, 
   {0.007078438370568412, 0.015962875298586976, 0.0003442888782752007, 
    0.0009261765568835029}, {0, 0.0009261765568834516, 0.0009261765568834337, 
    0.9670377846097599}}}, 
 {{{0., 0.05554804075006749, 0.05554804075006749, 0.05554804075006754}, 
   {-0.05554804075006749, 0., -0.054508209157253046, 0.05450820915725278}, 
   {-0.05554804075006749, 0.054508209157253046, 0., -0.05450820915725278}, 
   {-0.05554804075006754, -0.05450820915725278, 0.05450820915725278, 0.}}, 
  {{0., 0.05554804075006749, 0.05554804075006747, 0.05554804075006762}, 
   {-0.05554804075006749, 0., -0.05450820915725284, 0.054508209157253115}, 
   {-0.05554804075006747, 0.05450820915725284, 0., -0.054508209157253115}, 
   {-0.05554804075006762, -0.054508209157253115, 0.054508209157253115, 0.}}}, 
 {0, 0}, {{-1.437331878137684, -1.3738319391032705}, 
  {-6.29163344973275, -1.5008318171721002, -1.6449849076942746}, 
  {-1.5002374735925763, -1.4367375345581628}, {{2, 0.02706434413916696}, 
   {3, 0.011244591666367154}, {4, 0.004756684710629205}, 
   {5, 0.0020290701545642997}, {6, 0.0008687592886661988}, 
   {7, 0.0003725647018504308}, {8, 0.00015988437601678618}, 
   {9, 0.00006863416254770938}}, {{2, 0.08264781945650698}, 
   {3, 0.024757985167425684}, {4, 0.004362707540100192}, 
   {5, 0.0037190472055396153}, {6, 0.007074139871292805}, 
   {7, 0.00849421655880879}, {8, 0.009100229248337779}, 
   {9, 0.009359750395996694}}, {2.622838091307261*^-8, 0.8178255236250922}}}
