{6, 32, {{{-0.5243833416451869, 0, -0.00022981086674057699, 
    0.0002298108667406358}, {0, 0.998875445084579, -0.00005204059068345264, 
    -0.000052040590683559}, {-0.0002298108667405707, 
    -0.000052040590683325165, 0.00009596818166787398, 0.0006009238222258243}, 
   {0.0002298108667405354, -0.00005204059068344608, 0.0006009238222258357, 
    0.00009596818166802273}}, {{-0.5243833416451872, 0.00022981086674062914, 
    0, -0.00022981086674064952}, {0.00022981086674059805, 
    0.00009596818166785533, -0.00005204059068333315, 0.0006009238222257551}, 
   {0, -0.00005204059068346114, 0.9988754450845787, -0.00005204059068341181}, 
   {-0.0002298108667405644, 0.0006009238222259936, -0.000052040590683553756, 
    0.00009596818166804355}}, {{-0.5243833416451875, -0.00022981086674059333, 
    0.00022981086674057785, 0}, {-0.00022981086674057303, 
    0.00009596818166771916, 0.0006009238222260808, -0.00005204059068342136}, 
   {0.00022981086674057414, 0.0006009238222257811, 0.00009596818166779375, 
    -0.000052040590683526746}, {0, -0.00005204059068357601, 
    -0.00005204059068332937, 0.9988754450845795}}}, 
 {{{0., 0.02356460819693197, 0.023564608196931968, 0.023564608196932}, 
   {-0.02356460819693197, 0., -0.01873280357318555, 0.01873280357318473}, 
   {-0.023564608196931968, 0.01873280357318555, 0., -0.01873280357318471}, 
   {-0.023564608196932, -0.01873280357318473, 0.01873280357318471, 0.}}, 
  {{0., 0.023564608196931944, 0.023564608196931923, 0.023564608196932055}, 
   {-0.023564608196931944, 0., -0.018732803573185262, 0.018732803573184825}, 
   {-0.023564608196931923, 0.018732803573185262, 0., -0.01873280357318488}, 
   {-0.023564608196932055, -0.018732803573184825, 0.01873280357318488, 0.}}}, 
 {0, 0}, {{-1.5689652937549958, -1.5648837838892433}, 
  {-6.2992471550819324, -1.5730468036207506, -1.5765767739202157}, 
  {-1.5726283570657211, -1.5685468471999686}, {{2, 0.005672318567976613}, 
   {3, 0.004444519103663924}, {4, 0.003482885447262208}, 
   {5, 0.0027297005290086336}}, {{2, 0.2247533102710483}, 
   {3, 0.039331849814426986}, {4, 0.050631842380831016}, 
   {5, 0.10252249015487694}}, {4.321322466713421*^-11, 0.9932716114450426}}}
