{3, 32, {{{-0.49433591547493866, 0, 0.00006944913923448616, 
    -0.00006944913923447675}, {0, 0.9719019619099749, -0.01465788700127606, 
    -0.014657887001275861}, {0.00006944913923447854, -0.01465788700127624, 
    0.017142599258392142, 0.026093693150095437}, {-0.00006944913923448855, 
    -0.014657887001275887, 0.026093693150095278, 0.017142599258391927}}, 
  {{-0.4943359154749385, -0.00006944913923447226, 0, 0.00006944913923447171}, 
   {-0.00006944913923449585, 0.017142599258392115, -0.014657887001276269, 
    0.026093693150095514}, {0, -0.014657887001276064, 0.9719019619099749, 
    -0.014657887001275892}, {0.0000694491392345015, 0.026093693150095246, 
    -0.01465788700127581, 0.017142599258391816}}, 
  {{-0.49433591547493827, 0.00006944913923448422, -0.00006944913923447965, 
    0}, {0.00006944913923447328, 0.017142599258392066, 0.026093693150095222, 
    -0.014657887001275852}, {-0.00006944913923447689, 0.026093693150095118, 
    0.017142599258392066, -0.014657887001275769}, 
   {0, -0.014657887001276043, -0.01465788700127607, 0.9719019619099746}}}, 
 {{{0., 0.0932886221855046, 0.09328862218550459, 0.09328862218550464}, 
   {-0.0932886221855046, 0., 0.00027081410692732927, 
    -0.00027081410692735496}, {-0.09328862218550459, -0.00027081410692732927, 
    0., 0.0002708141069273202}, {-0.09328862218550464, 
    0.00027081410692735496, -0.0002708141069273202, 0.}}, 
  {{0., 0.09328862218550457, 0.0932886221855046, 0.09328862218550485}, 
   {-0.09328862218550457, 0., 0.0002708141069274207, -0.0002708141069274199}, 
   {-0.0932886221855046, -0.0002708141069274207, 0., 0.00027081410692744365}, 
   {-0.09328862218550485, 0.0002708141069274199, -0.00027081410692744365, 
    0.}}}, {0, 0}, {{-1.3866561226690808, -1.3058658059723864}, 
  {-6.298499957896696, -1.467446439365778, -1.68180353958257}, 
  {-1.4269340150692775, -1.3461436983725832}, {{2, 0.0000648184413688524}}, 
  {{2, 0.5014514851896347}}, {3.94482462119635*^-22, 0.8428198448067098}}}
