{9, 32, {{{-0.5247872887457128, 0, -0.00004957088856513277, 
    0.00004957088856510774}, {0, 0.9997341243326844, 9.532002823895153*^-6, 
    9.532002823753109*^-6}, {-0.00004957088856510936, 9.532002823834275*^-6, 
    -2.0612150757612704*^-6, 0.00012105455410454748}, 
   {0.00004957088856513039, 9.53200282396336*^-6, 0.00012105455410462617, 
    -2.0612150754637654*^-6}}, 
  {{-0.5247872887457128, 0.000049570888565133746, 0, 
    -0.000049570888565100705}, {0.00004957088856511419, 
    -2.0612150756541513*^-6, 9.532002823834004*^-6, 0.00012105455410453578}, 
   {0, 9.532002823900828*^-6, 0.9997341243326849, 9.532002823807082*^-6}, 
   {-0.00004957088856513944, 0.00012105455410471342, 9.532002823919402*^-6, 
    -2.061215076037959*^-6}}, 
  {{-0.5247872887457133, -0.000049570888565101396, 0.00004957088856510356, 
    0}, {-0.000049570888565064086, -2.061215076064847*^-6, 
    0.00012105455410469351, 9.53200282396214*^-6}, 
   {0.00004957088856505995, 0.00012105455410462726, -2.061215075954692*^-6, 
    9.53200282391102*^-6}, {0, 9.532002823741793*^-6, 9.532002823794187*^-6, 
    0.999734124332685}}}, 
 {{{0., 0.0048705625651146835, 0.004870562565114687, 0.004870562565114668}, 
   {-0.0048705625651146835, 0., -0.004919850696954545, 0.004919850696954678}, 
   {-0.004870562565114687, 0.004919850696954545, 0., -0.0049198506969546345}, 
   {-0.004870562565114668, -0.004919850696954678, 0.0049198506969546345, 
    0.}}, {{0., 0.004870562565114686, 0.004870562565114688, 
    0.004870562565114686}, {-0.004870562565114686, 0., -0.004919850696954665, 
    0.004919850696954636}, {-0.004870562565114688, 0.004919850696954665, 0., 
    -0.004919850696954666}, {-0.004870562565114686, -0.004919850696954636, 
    0.004919850696954666, 0.}}}, {0, 0}, 
 {{-1.573491413031359, -1.572968377198256}, {-6.298446821605606, 
   -1.5740144488644594, -1.5752089619383436}, {-1.5740170953204662, 
   -1.5734940594873632}, {{2, 0.0023223446959467}, 
   {3, 0.0009094915850658535}, {4, 0.0003562159552026045}, 
   {5, 0.00013952323800764214}, {6, 0.0000546496322210311}, 
   {7, 0.000021405773578781276}, {8, 8.384473325850905*^-6}}, 
  {{2, 0.09615630207338928}, {3, 0.03701309836816259}, 
   {4, 0.016932354709435514}, {5, 0.009471309526067121}, 
   {6, 0.006607403627043159}, {7, 0.0054944133952868806}, 
   {8, 0.005059798655804129}}, {1.4181152927546507*^-14, 0.9984058059683465}}}
