{16, 40, {{{-0.5196394197171552, 0, -0.0032866120662066465, 
    0.0032866120662066304}, {0, 0.9838297775919695, 0.00047455255895575716, 
    0.0004745525589557372}, {-0.0032866120662066057, 0.000474552558955673, 
    0.00006998905236397547, 0.0076559739051421435}, 
   {0.0032866120662066334, 0.0004745525589556845, 0.007655973905142121, 
    0.00006998905236404139}}, {{-0.5196394197171552, 0.0032866120662066356, 
    0, -0.0032866120662066287}, {0.0032866120662065935, 
    0.00006998905236401277, 0.0004745525589556741, 0.007655973905142101}, 
   {0, 0.0004745525589557574, 0.9838297775919695, 0.00047455255895575385}, 
   {-0.003286612066206622, 0.007655973905142135, 0.000474552558955644, 
    0.00006998905236402231}}, {{-0.5196394197171552, -0.0032866120662065823, 
    0.0032866120662065797, 0}, {-0.003286612066206546, 
    0.00006998905236397374, 0.007655973905142164, 0.000474552558955727}, 
   {0.0032866120662065493, 0.007655973905142079, 0.00006998905236399455, 
    0.0004745525589556854}, {0, 0.0004745525589556626, 
    0.00047455255895570805, 0.9838297775919694}}}, 
 {{{0., 0.07736031669107407, 0.07736031669107409, 0.07736031669107438}, 
   {-0.07736031669107407, 0., -0.0763558088501691, 0.0763558088501686}, 
   {-0.07736031669107409, 0.0763558088501691, 0., -0.07635580885016863}, 
   {-0.07736031669107438, -0.0763558088501686, 0.07635580885016863, 0.}}, 
  {{0., 0.07736031669107406, 0.07736031669107407, 0.07736031669107446}, 
   {-0.07736031669107406, 0., -0.0763558088501688, 0.07635580885016911}, 
   {-0.07736031669107407, 0.0763558088501688, 0., -0.07635580885016913}, 
   {-0.07736031669107446, -0.07635580885016911, 0.07635580885016913, 0.}}}, 
 {0, 0}, {{-1.5061067803211667, -1.4605495006616562}, 
  {-6.296826581969614, -1.5516640599806766, -1.5967492310041305}, 
  {-1.5513682840157785, -1.505811004356268}, {{2, 0.00015434167215508388}, 
   {3, 0.00012371928433149715}, {4, 0.00009917329299281852}, 
   {5, 0.00007949951528543608}, {6, 0.00006373001070891782}, 
   {7, 0.000051089462989678536}, {8, 0.000040956701271827045}, 
   {9, 0.000032833988827724037}, {10, 0.000026322453456559258}, 
   {11, 0.000021102423316182728}, {12, 0.00001691768353057066}, 
   {13, 0.00001356286842382759}, {14, 0.000010873362662061625}, 
   {15, 8.71721062553621*^-6}}, {{2, 0.002882999981452976}, 
   {3, 0.0036465425669239084}, {4, 0.004256754742818059}, 
   {5, 0.004744746079267691}, {6, 0.005135191125842443}, 
   {7, 0.005447713457630671}, {8, 0.0056979443668334715}, 
   {9, 0.005898350942096197}, {10, 0.006058886771938066}, 
   {11, 0.00618750522609849}, {12, 0.006290565601330678}, 
   {13, 0.006373155309064881}, {14, 0.006439345986241289}, 
   {15, 0.006492397419445892}}, {1.9817665439680683*^-7, 0.9068172633419788}}}
