{10, 32, {{{-0.5244404732381085, 0, -0.0002500881433349448, 
    0.0002500881433349293}, {0, 0.998683763248579, 0.00003504867001880222, 
    0.00003504867001869266}, {-0.00025008814333490485, 
    0.00003504867001875232, 3.932177079902718*^-6, 0.0006120487760326529}, 
   {0.0002500881433349657, 0.00003504867001867472, 0.0006120487760328485, 
    3.9321770797830224*^-6}}, {{-0.5244404732381085, 0.00025008814333495744, 
    0, -0.000250088143334927}, {0.0002500881433349171, 3.932177079847641*^-6, 
    0.00003504867001875838, 0.000612048776032729}, 
   {0, 0.00003504867001880642, 0.9986837632485788, 0.000035048670018620474}, 
   {-0.0002500881433349656, 0.0006120487760327635, 0.00003504867001874681, 
    3.932177079835064*^-6}}, {{-0.5244404732381087, -0.00025008814333492453, 
    0.00025008814333490404, 0}, {-0.0002500881433348593, 
    3.9321770796537855*^-6, 0.000612048776032856, 0.00003504867001868232}, 
   {0.00025008814333485, 0.0006120487760329352, 3.9321770796130195*^-6, 
    0.00003504867001875519}, {0, 0.00003504867001872093, 
    0.00003504867001863742, 0.9986837632485794}}}, 
 {{{0., 0.022140602211547525, 0.02214060221154752, 0.022140602211547636}, 
   {-0.022140602211547525, 0., -0.021717419223013422, 0.021717419223012978}, 
   {-0.02214060221154752, 0.021717419223013422, 0., -0.021717419223013006}, 
   {-0.022140602211547636, -0.021717419223012978, 0.021717419223013006, 0.}}, 
  {{0., 0.02214060221154753, 0.022140602211547532, 0.022140602211547664}, 
   {-0.02214060221154753, 0., -0.021717419223013373, 0.021717419223013103}, 
   {-0.022140602211547532, 0.021717419223013373, 0., -0.021717419223013207}, 
   {-0.022140602211547664, -0.021717419223013103, 0.021717419223013207, 
    0.}}}, {0, 0}, {{-1.568886310244714, -1.5650514454506563}, 
  {-6.2984388693817035, -1.5727211750387702, -1.5764982596520816}, 
  {-1.5726845263169191, -1.5688496615228615}, {{2, 0.00004975077171741685}, 
   {3, 0.00003901670830363385}, {4, 0.000030598663549503274}, 
   {5, 0.000023996898645180925}, {6, 0.00001881951495237219}, 
   {7, 0.000014759180525764082}, {8, 0.00001157487912191793}, 
   {9, 9.07759908753622*^-6}}, {{2, 0.006271677530352628}, 
   {3, 0.007142909477597441}, {4, 0.007824008303909355}, 
   {5, 0.008356834598704507}, {6, 0.008773891347760566}, 
   {7, 0.009100470004567724}, {8, 0.009356283733095258}, 
   {9, 0.009556718116584755}}, {1.0491782747067645*^-10, 0.9921285211172043}}}
