{4, 28, {{{-0.5242996020868581, 0, -0.00031971977396119385, 
    0.00031971977396124513}, {0, 0.9986268918448464, -0.00005223301644414135, 
    -0.00005223301644427382}, {-0.0003197197739612038, 
    -0.0000522330164443607, 0.00009590646078094008, 0.0017876142277003875}, 
   {0.00031971977396111687, -0.00005223301644428344, 0.0017876142277007563, 
    0.00009590646078094442}}, {{-0.5242996020868579, 0.000319719773961232, 0, 
    -0.0003197197739612478}, {0.00031971977396116734, 0.00009590646078049209, 
    -0.00005223301644436494, 0.0017876142277003526}, 
   {0, -0.000052233016444148566, 0.9986268918448475, 
    -0.000052233016444315717}, {-0.0003197197739611216, 
    0.0017876142277007399, -0.000052233016444263885, 
    0.00009590646078061894}}, {{-0.524299602086858, -0.00031971977396120165, 
    0.0003197197739611818, 0}, {-0.0003197197739611094, 
    0.00009590646078049686, 0.001787614227700936, -0.00005223301644419952}, 
   {0.00031971977396115156, 0.0017876142277008554, 0.00009590646078028175, 
    -0.00005223301644423409}, {0, -0.00005223301644427666, 
    -0.00005223301644421655, 0.9986268918448468}}}, 
 {{{0, 0.025634249214829676, 0.025634249214829694, 0.02563424921482968}, 
   {-0.025634249214829676, 0, -0.020849137488954318, 0.020849137488954186}, 
   {-0.025634249214829694, 0.020849137488954318, 0, -0.02084913748895413}, 
   {-0.02563424921482968, -0.020849137488954186, 0.02084913748895413, 0}}, 
  {{0, 0.02563424921482968, 0.025634249214829687, 0.025634249214829714}, 
   {-0.02563424921482968, 0, -0.020849137488954048, 0.020849137488954186}, 
   {-0.025634249214829687, 0.020849137488954048, 0, -0.020849137488954263}, 
   {-0.025634249214829714, -0.020849137488954186, 0.020849137488954263, 0}}}, 
 {0, 0}, {{-1.5593904436647008, -1.5460704970485104}, 
  {-6.298627122139562, -1.5772309212997, -1.5720826397700811}, 
  {-1.5714671817865247, -1.5581472351703343}, {{2, 0.004396875920969205}, 
   {3, 0.0009709331377769498}}, {{2, 0.004933399710087966}, 
   {3, 0.004785111725875499}}, {8.213505640705114*^-11, 0.9917895807345845}}}
