{20, 20, {{{-0.5242877421296356, 0, -0.0003365406550594978, 
    0.00033654065505887116}, {0, 0.9983636841059552, 
    -0.000053717068780837146, -0.00005371706878077716}, 
   {-0.00033654065505909646, -0.00005371706878114123, 0.00007545618205413154, 
    0.010450055220265325}, {0.00033654065505971705, -0.000053717068781441427, 
    0.010450055220263836, 0.0000754561820532837}}, 
  {{-0.5242877421296356, 0.0003365406550589581, 0, -0.0003365406550588313}, 
   {0.0003365406550596911, 0.00007545618205387523, -0.00005371706878101898, 
    0.010450055220263975}, {0, -0.000053717068780735774, 0.9983636841059542, 
    -0.00005371706878073898}, {-0.0003365406550597509, 0.010450055220265465, 
    -0.00005371706878127841, 0.00007545618205344849}}, 
  {{-0.5242877421296367, -0.0003365406550590524, 0.00033654065505947474, 0}, 
   {-0.00033654065505947235, 0.00007545618205394115, 0.010450055220264199, 
    -0.00005371706878075171}, {0.00033654065505906117, 0.010450055220263871, 
    0.00007545618205354043, -0.000053717068781346925}, 
   {0, -0.00005371706878098525, -0.000053717068780371075, 
    0.9983636841059572}}}, 
 {{{0, 0.026200051753768234, 0.026200051753768196, 0.026200051753768303}, 
   {-0.026200051753768234, 0, -0.021392321395774558, 0.021392321395774808}, 
   {-0.026200051753768196, 0.021392321395774558, 0, -0.021392321395774475}, 
   {-0.026200051753768303, -0.021392321395774808, 0.021392321395774475, 0}}, 
  {{0, 0.026200051753768168, 0.026200051753768223, 0.02620005175376834}, 
   {-0.026200051753768168, 0, -0.021392321395773368, 0.02139232139577494}, 
   {-0.026200051753768223, 0.021392321395773368, 0, -0.021392321395774908}, 
   {-0.02620005175376834, -0.02139232139577494, 0.021392321395774908, 0}}}, 
 {0, 0}, {{-1.558734907188572, -1.5451209609490335}, 
  {-3.149272645169718, -3.154824876111139, -1.5718602071141485}, 
  {-1.5710997684407397, -1.5574858222012011}, {{2, 0.004396365963797166}, 
   {3, 0.0009707928510182262}, {4, 0.0006609903554362301}, 
   {5, 0.0006402495606455975}, {6, 0.0006193359579603867}, 
   {7, 0.0005998227783054174}, {8, 0.0005817693811026575}, 
   {9, 0.0005652437773709445}, {10, 0.0005500134812798747}, 
   {11, 0.0005360914881175401}, {12, 0.0005232668719093092}, 
   {13, 0.0005115624483268905}, {14, 0.0005007973274181246}, 
   {15, 0.000491003040539565}, {16, 0.0004820240013516698}, 
   {17, 0.00047389744714610056}, {18, 0.0004664889425579511}, 
   {19, 0.0004598392548321832}}, {{2, 0.0049315533916251715}, 
   {3, 0.00478322381029846}, {4, 0.004750378013602815}, 
   {5, 0.004751661180402123}, {6, 0.004752285875037019}, 
   {7, 0.004760158437621066}, {8, 0.004762179815985971}, 
   {9, 0.004769675595576013}, {10, 0.004771596563167758}, 
   {11, 0.004778471429119599}, {12, 0.004780262462886297}, 
   {13, 0.004786582075207544}, {14, 0.00478827451042965}, 
   {15, 0.004794107386435857}, {16, 0.004795727936316116}, 
   {17, 0.004801133020210597}, {18, 0.004802702455748164}, 
   {19, 0.004807730357993735}}, {9.584015083432798*^-11, 0.9902221800630886}}}
{20, 20, {{{-0.524287742129635, 0, -0.0003365406550592605, 
    0.000336540655059273}, {0, 0.9983636841059546, -0.000053717068780569606, 
    -0.00005371706878072396}, {-0.00033654065505938046, 
    -0.00005371706878176369, 0.00007545618205406952, 0.010450055220264343}, 
   {0.00033654065505957643, -0.000053717068781232785, 0.01045005522026444, 
    0.00007545618205596774}}, {{-0.5242877421296352, 0.00033654065505917566, 
    0, -0.0003365406550592676}, {0.0003365406550594783, 
    0.00007545618205151297, -0.0000537170687815071, 0.01045005522026474}, 
   {0, -0.00005371706878060175, 0.998363684105954, -0.000053717068781046594}, 
   {-0.00033654065505959226, 0.010450055220264222, -0.0000537170687805047, 
    0.0000754561820556286}}, {{-0.5242877421296375, -0.00033654065505947875, 
    0.0003365406550593148, 0}, {-0.000336540655059092, 0.000075456182053674, 
    0.010450055220263413, -0.000053717068780500176}, 
   {0.000336540655059186, 0.01045005522026378, 0.00007545618205301308, 
    -0.0000537170687805291}, {0, -0.00005371706878098395, 
    -0.000053717068780804024, 0.9983636841059572}}}, 
 {{{0, 0.02620005175376823, 0.026200051753768216, 0.02620005175376825}, 
   {-0.02620005175376823, 0, -0.021392321395773534, 0.021392321395774745}, 
   {-0.026200051753768216, 0.021392321395773534, 0, -0.021392321395774676}, 
   {-0.02620005175376825, -0.021392321395774745, 0.021392321395774676, 0}}, 
  {{0, 0.02620005175376824, 0.026200051753768244, 0.026200051753768258}, 
   {-0.02620005175376824, 0, -0.021392321395774405, 0.021392321395775227}, 
   {-0.026200051753768244, 0.021392321395774405, 0, -0.021392321395774946}, 
   {-0.026200051753768258, -0.021392321395775227, 0.021392321395774946, 0}}}, 
 {0, 0}, {{-1.5587349071885712, -1.545120960949033}, 
  {-6.298545290339432, -3.16841508000317, -4.714337750337847}, 
  {-1.571099768440739, -1.557485822201201}, {{2, 0.004396365963797463}, 
   {3, 0.0009707928510176989}, {4, 0.0006609903554354035}, 
   {5, 0.0006402495606441564}, {6, 0.0006193359579593338}, 
   {7, 0.0005998227783048557}, {8, 0.0005817693811018387}, 
   {9, 0.0005652437773696105}, {10, 0.0005500134812772423}, 
   {11, 0.0005360914881137021}, {12, 0.0005232668719045968}, 
   {13, 0.000511562448322035}, {14, 0.0005007973274138416}, 
   {15, 0.0004910030405366039}, {16, 0.0004820240013485959}, 
   {17, 0.00047389744714361123}, {18, 0.0004664889425569953}, 
   {19, 0.0004598392548308336}}, {{2, 0.004931553391625218}, 
   {3, 0.004783223810298479}, {4, 0.00475037801360279}, 
   {5, 0.00475166118040215}, {6, 0.004752285875037027}, 
   {7, 0.004760158437621088}, {8, 0.004762179815986059}, 
   {9, 0.0047696755955760305}, {10, 0.0047715965631677185}, 
   {11, 0.00477847142911956}, {12, 0.004780262462886334}, 
   {13, 0.004786582075207586}, {14, 0.004788274510429567}, 
   {15, 0.004794107386435844}, {16, 0.004795727936316137}, 
   {17, 0.0048011330202106395}, {18, 0.004802702455748074}, 
   {19, 0.004807730357993651}}, {9.584015083433013*^-11, 0.9902221800630868}}}
{20, 20, {{{-0.524287742129635, 0, -0.0003365406550592605, 
    0.000336540655059273}, {0, 0.9983636841059546, -0.000053717068780569606, 
    -0.00005371706878072396}, {-0.00033654065505938046, 
    -0.00005371706878176369, 0.00007545618205406952, 0.010450055220264343}, 
   {0.00033654065505957643, -0.000053717068781232785, 0.01045005522026444, 
    0.00007545618205596774}}, {{-0.5242877421296352, 0.00033654065505917566, 
    0, -0.0003365406550592676}, {0.0003365406550594783, 
    0.00007545618205151297, -0.0000537170687815071, 0.01045005522026474}, 
   {0, -0.00005371706878060175, 0.998363684105954, -0.000053717068781046594}, 
   {-0.00033654065505959226, 0.010450055220264222, -0.0000537170687805047, 
    0.0000754561820556286}}, {{-0.5242877421296375, -0.00033654065505947875, 
    0.0003365406550593148, 0}, {-0.000336540655059092, 0.000075456182053674, 
    0.010450055220263413, -0.000053717068780500176}, 
   {0.000336540655059186, 0.01045005522026378, 0.00007545618205301308, 
    -0.0000537170687805291}, {0, -0.00005371706878098395, 
    -0.000053717068780804024, 0.9983636841059572}}}, 
 {{{0, 0.02620005175376823, 0.026200051753768216, 0.02620005175376825}, 
   {-0.02620005175376823, 0, -0.021392321395773534, 0.021392321395774745}, 
   {-0.026200051753768216, 0.021392321395773534, 0, -0.021392321395774676}, 
   {-0.02620005175376825, -0.021392321395774745, 0.021392321395774676, 0}}, 
  {{0, 0.02620005175376824, 0.026200051753768244, 0.026200051753768258}, 
   {-0.02620005175376824, 0, -0.021392321395774405, 0.021392321395775227}, 
   {-0.026200051753768244, 0.021392321395774405, 0, -0.021392321395774946}, 
   {-0.026200051753768258, -0.021392321395775227, 0.021392321395774946, 0}}}, 
 {0, 0}, {{-1.5587349071885712, -1.545120960949033}, 
  {-6.298545290339432, -3.16841508000317, 0.01914243483345368}, 
  {-1.571099768440739, -1.557485822201201}, {{2, 0.004396365963797463}, 
   {3, 0.0009707928510176989}, {4, 0.0006609903554354035}, 
   {5, 0.0006402495606441564}, {6, 0.0006193359579593338}, 
   {7, 0.0005998227783048557}, {8, 0.0005817693811018387}, 
   {9, 0.0005652437773696105}, {10, 0.0005500134812772423}, 
   {11, 0.0005360914881137021}, {12, 0.0005232668719045968}, 
   {13, 0.000511562448322035}, {14, 0.0005007973274138416}, 
   {15, 0.0004910030405366039}, {16, 0.0004820240013485959}, 
   {17, 0.00047389744714361123}, {18, 0.0004664889425569953}, 
   {19, 0.0004598392548308336}}, {{2, 0.004931553391625218}, 
   {3, 0.004783223810298479}, {4, 0.00475037801360279}, 
   {5, 0.00475166118040215}, {6, 0.004752285875037027}, 
   {7, 0.004760158437621088}, {8, 0.004762179815986059}, 
   {9, 0.0047696755955760305}, {10, 0.0047715965631677185}, 
   {11, 0.00477847142911956}, {12, 0.004780262462886334}, 
   {13, 0.004786582075207586}, {14, 0.004788274510429567}, 
   {15, 0.004794107386435844}, {16, 0.004795727936316137}, 
   {17, 0.0048011330202106395}, {18, 0.004802702455748074}, 
   {19, 0.004807730357993651}}, {9.584015083433013*^-11, 0.9902221800630868}}}
