{4, 28, {{{-0.5246202318331027, 0, -0.00014087899793296306, 
    0.00014087899793283756}, {0, 0.999392829222665, -0.000023066666314440725, 
    -0.000023066666314509975}, {-0.00014087899793269374, 
    -0.000023066666313746497, 0.00004242558839940734, 0.0007901731477014417}, 
   {0.00014087899793319942, -0.000023066666314557073, 0.0007901731477015158, 
    0.00004242558840034344}}, {{-0.5246202318331028, 0.00014087899793277658, 
    0, -0.00014087899793286928}, {0.0001408789979328334, 
    0.00004242558839975081, -0.0000230666663137669, 0.0007901731477015997}, 
   {0, -0.0000230666663144647, 0.9993928292226653, -0.000023066666314480247}, 
   {-0.00014087899793316854, 0.000790173147701236, -0.00002306666631468781, 
    0.00004242558840026342}}, {{-0.5246202318331028, -0.0001408789979327946, 
    0.00014087899793294964, 0}, {-0.00014087899793273952, 
    0.000042425588399025264, 0.0007901731477015226, 
    -0.000023066666314544663}, {0.0001408789979326017, 0.0007901731477022147, 
    0.00004242558839942512, -0.000023066666314567638}, 
   {0, -0.000023066666314522802, -0.000023066666314422266, 
    0.9993928292226664}}}, 
 {{{0, 0.017059073538982734, 0.01705907353898272, 0.01705907353898268}, 
   {-0.017059073538982734, 0, -0.01387367929782419, 0.013873679297822902}, 
   {-0.01705907353898272, 0.01387367929782419, 0, -0.013873679297823177}, 
   {-0.01705907353898268, -0.013873679297822902, 0.013873679297823177, 0}}, 
  {{0, 0.0170590735389827, 0.017059073538982714, 0.017059073538982714}, 
   {-0.0170590735389827, 0, -0.013873679297824192, 0.013873679297823183}, 
   {-0.017059073538982714, 0.013873679297824192, 0, -0.01387367929782336}, 
   {-0.017059073538982714, -0.013873679297823183, 0.01387367929782336, 0}}}, 
 {0, 0}, {{-1.5678686928275167, -1.5619592564076017}, 
  {-6.298559651994914, -1.5757775055879186, -1.5735023204095384}, 
  {-1.5732264027806486, -1.5673169663607336}, {{2, 0.0029192291870585377}, 
   {3, 0.0006382548838236371}}, {{2, 0.0032917966681655763}, 
   {3, 0.003185394241159209}}, {7.1309913083655845*^-12, 0.9963625007065771}}}
