{4, 28, {{{-0.5248117872397359, 0, -0.000035037631163836714, 
    0.00003503763116376666}, {0, 0.9998486659705755, -5.744435997343673*^-6, 
    -5.744435996370011*^-6}, {-0.000035037631163707985, 
    -5.744435995768092*^-6, 0.000010577252478921346, 0.00019689798909166995}, 
   {0.000035037631163688944, -5.744435996904887*^-6, 0.0001968979890902335, 
    0.000010577252478628828}}, {{-0.5248117872397361, 0.00003503763116377692, 
    0, -0.000035037631163749185}, {0.00003503763116371959, 
    0.000010577252477207873, -5.744435995779145*^-6, 0.00019689798909148685}, 
   {0, -5.744435997383834*^-6, 0.999848665970575, -5.744435996473383*^-6}, 
   {-0.00003503763116369554, 0.00019689798909094502, -5.74443599686642*^-6, 
    0.00001057725247840982}}, {{-0.524811787239736, -0.0000350376311637372, 
    0.00003503763116384842, 0}, {-0.00003503763116365801, 
    0.000010577252477922579, 0.00019689798909238674, -5.744435996884698*^-6}, 
   {0.00003503763116367175, 0.00019689798909086604, 0.000010577252476884347, 
    -5.744435996684429*^-6}, {0, -5.74443599631518*^-6, 
    -5.744435996531162*^-6, 0.9998486659705748}}}, 
 {{{0, 0.008520492772536865, 0.008520492772536904, 0.008520492772536834}, 
   {-0.008520492772536865, 0, -0.00692922061599897, 0.006929220615998659}, 
   {-0.008520492772536904, 0.00692922061599897, 0, -0.006929220615999413}, 
   {-0.008520492772536834, -0.006929220615998659, 0.006929220615999413, 0}}, 
  {{0, 0.008520492772536865, 0.008520492772536789, 0.008520492772536893}, 
   {-0.008520492772536865, 0, -0.006929220615999265, 0.006929220615998641}, 
   {-0.008520492772536789, 0.006929220615999265, 0, -0.006929220615999517}, 
   {-0.008520492772536893, -0.006929220615998641, 0.006929220615999517, 0}}}, 
 {0, 0}, {{-1.5729390998243555, -1.5714633071855981}, 
  {-6.298519421957653, -1.5749132953892904, -1.574346415589536}, 
  {-1.5742770842519216, -1.5728012916131642}, {{2, 0.0014560395295251062}, 
   {3, 0.00031648377802645164}}, {{2, 0.0016467470621809234}, 
   {3, 0.001591272156537781}}, {1.1068947638665278*^-13, 0.9990923392839682}}}
