{8, 32, {{{-0.5248618455832788, 0, -5.149477040685918*^-6, 
    5.1494770406974835*^-6}, {0, 0.999972423766814, 9.342052551359877*^-7, 
    9.342052552581269*^-7}, {-5.149477040667452*^-6, 9.342052543561961*^-7, 
    -1.541607845328627*^-7, 0.000012602080707735968}, 
   {5.149477040688977*^-6, 9.342052557161041*^-7, 0.00001260208070764575, 
    -1.541607853802751*^-7}}, {{-0.5248618455832781, 5.149477040676404*^-6, 
    0, -5.1494770406931645*^-6}, {5.149477040661841*^-6, 
    -1.5416078471761074*^-7, 9.342052543546303*^-7, 0.00001260208070778188}, 
   {0, 9.342052551358442*^-7, 0.9999724237668138, 9.342052552470277*^-7}, 
   {-5.149477040686884*^-6, 0.000012602080707683884, 9.342052557214923*^-7, 
    -1.5416078491536922*^-7}}, {{-0.5248618455832779, -5.149477040653769*^-6, 
    5.149477040654477*^-6, 0}, {-5.1494770406227845*^-6, 
    -1.541607849110324*^-7, 0.000012602080706610888, 9.342052557156077*^-7}, 
   {5.1494770406093285*^-6, 0.000012602080709599749, -1.5416078535945843*^-7, 
    9.342052557200203*^-7}, {0, 9.34205255245734*^-7, 9.342052552304875*^-7, 
    0.9999724237668145}}}, 
 {{{0., 0.00157570673048319, 0.0015757067304831842, 0.0015757067304831911}, 
   {-0.00157570673048319, 0., -0.0015817146104341942, 0.0015817146104343811}, 
   {-0.0015757067304831842, 0.0015817146104341942, 0., 
    -0.001581714610434493}, {-0.0015757067304831911, -0.0015817146104343811, 
    0.001581714610434493, 0.}}, {{0., 0.0015757067304831992, 
    0.0015757067304831961, 0.001575706730483194}, 
   {-0.0015757067304831992, 0., -0.0015817146104343304, 
    0.0015817146104342436}, {-0.0015757067304831961, 0.0015817146104343304, 
    0., -0.0015817146104344587}, {-0.001575706730483194, 
    -0.0015817146104342436, 0.0015817146104344587, 0.}}}, {0, 0}, 
 {{-1.5744949800847028, -1.5744403960024016}, 
  {-6.298446866076687, -1.5745495641670035, -1.57467386887134}, 
  {-1.5745496682265365, -1.5744950841442353}, {{2, 0.0007518012075010169}, 
   {3, 0.0002943131573393807}, {4, 0.00011521812255443735}, 
   {5, 0.000045105950772100084}, {6, 0.000017658250497532696}, 
   {7, 6.912924545935881*^-6}}, {{2, 0.09190494871953038}, 
   {3, 0.03318552867298665}, {4, 0.013253082316603795}, 
   {5, 0.005850009505130267}, {6, 0.003009680841031916}, 
   {7, 0.0019064080374002743}}, {1.5659170670473637*^-17, 
   0.9998345540071946}}}
