{13, 32, {{{-0.5147078105378227, 0, -0.006985328790061625, 
    0.006985328790061613}, {0, 0.9666053963188252, 0.0014409109987512307, 
    0.0014409109987512207}, {-0.006985328790061578, 0.0014409109987510893, 
    -0.00021029613696728344, 0.015752146878475183}, 
   {0.006985328790061607, 0.0014409109987511253, 0.015752146878475162, 
    -0.00021029613696733809}}, {{-0.5147078105378227, 0.006985328790061635, 
    0, -0.006985328790061613}, {0.0069853287900615785, 
    -0.00021029613696727824, 0.0014409109987510932, 0.01575214687847521}, 
   {0, 0.0014409109987512177, 0.9666053963188252, 0.0014409109987511906}, 
   {-0.0069853287900616, 0.015752146878475155, 0.0014409109987511314, 
    -0.00021029613696732508}}, {{-0.5147078105378226, -0.006985328790061557, 
    0.006985328790061556, 0}, {-0.006985328790061527, -0.0002102961369673884, 
    0.015752146878475204, 0.0014409109987511852}, 
   {0.006985328790061522, 0.015752146878475266, -0.0002102961369673806, 
    0.001440910998751196}, {0, 0.0014409109987511036, 0.0014409109987511151, 
    0.9666053963188251}}}, 
 {{{0., 0.05406122373913426, 0.05406122373913426, 0.0540612237391343}, 
   {-0.05406122373913426, 0., -0.05558765016882236, 0.055587650168822104}, 
   {-0.05406122373913426, 0.05558765016882236, 0., -0.055587650168822125}, 
   {-0.0540612237391343, -0.055587650168822104, 0.055587650168822125, 0.}}, 
  {{0., 0.05406122373913426, 0.05406122373913423, 0.054061223739134384}, 
   {-0.05406122373913426, 0., -0.05558765016882216, 0.055587650168822444}, 
   {-0.05406122373913423, 0.05558765016882216, 0., -0.055587650168822444}, 
   {-0.054061223739134384, -0.055587650168822444, 0.055587650168822444, 
    0.}}}, {0, 0}, {{-1.4395256104009897, -1.3777253314855393}, 
  {-6.291656980659363, -1.5013258893164387, -1.6445026010132429}, 
  {-1.5021983591994168, -1.4403980802839664}, {{2, 0.026376328403395627}, 
   {3, 0.010961268840076602}, {4, 0.00463473690973186}, 
   {5, 0.001975526903640973}, {6, 0.000845061362727495}, 
   {7, 0.0003620476464832739}, {8, 0.00015521477769037118}, 
   {9, 0.0000665617932586321}, {10, 0.00002854765634630052}, 
   {11, 0.000012244438193420581}, {12, 5.2519080666196816*^-6}}, 
  {{2, 0.11167025325190834}, {3, 0.050417057838637536}, 
   {4, 0.028824361924016873}, {5, 0.020270119378349574}, 
   {6, 0.01672118274585953}, {7, 0.015220337176919858}, 
   {8, 0.014580462177572251}, {9, 0.014306710924547855}, 
   {10, 0.014189421269338124}, {11, 0.014139136246006137}, 
   {12, 0.014117571931534255}}, {2.9503252366047975*^-8, 0.8156339455414271}}}
