{13, 32, {{{-0.5159228075855102, 0, -0.006034166971393943, 
    0.006034166971393943}, {0, 0.9709882112669884, 0.001164364438338551, 
    0.0011643644383385935}, {-0.006034166971393905, 0.0011643644383384894, 
    -0.00012005235727564857, 0.013689051553453159}, 
   {0.006034166971393921, 0.0011643644383385002, 0.013689051553453147, 
    -0.00012005235727570538}}, {{-0.5159228075855102, 0.0060341669713939415, 
    0, -0.006034166971393945}, {0.00603416697139391, -0.0001200523572756451, 
    0.001164364438338494, 0.013689051553453176}, {0, 0.001164364438338539, 
    0.9709882112669885, 0.0011643644383385614}, {-0.006034166971393932, 
    0.013689051553453128, 0.0011643644383385284, -0.00012005235727571839}}, 
  {{-0.5159228075855102, -0.006034166971393895, 0.006034166971393899, 0}, 
   {-0.006034166971393848, -0.00012005235727572446, 0.013689051553453142, 
    0.0011643644383385252}, {0.006034166971393852, 0.013689051553453183, 
    -0.00012005235727569064, 0.0011643644383385666}, 
   {0, 0.0011643644383385423, 0.0011643644383385117, 0.9709882112669885}}}, 
 {{{0., 0.05069219241315067, 0.05069219241315068, 0.050692192413150705}, 
   {-0.05069219241315067, 0., -0.05166245775107309, 0.051662457751072866}, 
   {-0.05069219241315068, 0.05166245775107309, 0., -0.05166245775107286}, 
   {-0.050692192413150705, -0.051662457751072866, 0.05166245775107286, 0.}}, 
  {{0., 0.050692192413150663, 0.05069219241315068, 0.0506921924131508}, 
   {-0.050692192413150663, 0., -0.05166245775107295, 0.05166245775107315}, 
   {-0.05069219241315068, 0.05166245775107295, 0., -0.05166245775107316}, 
   {-0.0506921924131508, -0.05166245775107315, 0.05166245775107316, 0.}}}, 
 {0, 0}, {{-1.4561370866427352, -1.4017001859026197}, 
  {-6.293305136584895, -1.5105739873828474, -1.6360785809096}, 
  {-1.511094957530101, -1.4566580567899856}, {{2, 0.02466821098429226}, 
   {3, 0.010168545826797964}, {4, 0.004253798449774013}, 
   {5, 0.0017916099789862527}, {6, 0.0007568347117579699}, 
   {7, 0.0003201197542326978}, {8, 0.0001354751654610159}, 
   {9, 0.00005734650565372701}, {10, 0.00002427709013977375}, 
   {11, 0.000010277896992871849}, {12, 4.351304695046632*^-6}}, 
  {{2, 0.10545011776571263}, {3, 0.04497201899271272}, 
   {4, 0.02376688034215008}, {5, 0.015441289822303274}, 
   {6, 0.012024813432588821}, {7, 0.010597196442202217}, 
   {8, 0.009996114370241754}, {9, 0.009742227253206677}, 
   {10, 0.009634845001594228}, {11, 0.00958940150286448}, 
   {12, 0.009570165460732796}}, {1.9012988204880888*^-8, 0.8380766545384348}}}
