{12, 32, {{{-0.5181610506681865, 0, -0.004384983423476282, 
    0.0043849834234762596}, {0, 0.978543234653299, 0.0007927182385577994, 
    0.0007927182385577716}, {-0.004384983423476239, 0.0007927182385577976, 
    -0.00005825837202878435, 0.010086583279538378}, 
   {0.004384983423476239, 0.0007927182385577291, 0.010086583279538375, 
    -0.00005825837202879953}}, {{-0.5181610506681866, 0.004384983423476283, 
    0, -0.004384983423476263}, {0.004384983423476258, 
    -0.00005825837202878825, 0.0007927182385578044, 0.010086583279538427}, 
   {0, 0.0007927182385578024, 0.9785432346532987, 0.0007927182385577449}, 
   {-0.004384983423476251, 0.010086583279538347, 0.000792718238557764, 
    -0.000058258372028774374}}, {{-0.5181610506681864, -0.004384983423476225, 
    0.0043849834234762275, 0}, {-0.004384983423476209, 
    -0.00005825837202883856, 0.010086583279538403, 0.0007927182385577788}, 
   {0.0043849834234762014, 0.010086583279538453, -0.00005825837202885764, 
    0.0007927182385578104}, {0, 0.0007927182385577137, 0.0007927182385576899, 
    0.9785432346532986}}}, 
 {{{0., 0.0438457560489912, 0.0438457560489912, 0.04384575604899124}, 
   {-0.0438457560489912, 0., -0.044285603192667417, 0.04428560319266716}, 
   {-0.0438457560489912, 0.044285603192667417, 0., -0.04428560319266717}, 
   {-0.04384575604899124, -0.04428560319266716, 0.04428560319266717, 0.}}, 
  {{0., 0.04384575604899119, 0.043845756048991186, 0.0438457560489913}, 
   {-0.04384575604899119, 0., -0.04428560319266725, 0.044285603192667417}, 
   {-0.043845756048991186, 0.04428560319266725, 0., -0.04428560319266743}, 
   {-0.0438457560489913, -0.044285603192667417, 0.04428560319266743, 0.}}}, 
 {0, 0}, {{-1.4858870610736332, -1.4448777994001478}, 
  {-6.295644247372838, -1.5268963227471204, -1.6209258009392986}, 
  {-1.5271020188992308, -1.4860927572257454}, {{2, 0.02123681261301294}, 
   {3, 0.008632006386732838}, {4, 0.003545038839517886}, 
   {5, 0.0014627402094969238}, {6, 0.0006047660830385271}, 
   {7, 0.0002502503225822461}, {8, 0.00010358924959896765}, 
   {9, 0.00004288625782045141}, {10, 0.000017756113117856076}, 
   {11, 7.351712957959222*^-6}}, {{2, 0.09884795467826749}, 
   {3, 0.039199029109662616}, {4, 0.018475045122310962}, 
   {5, 0.010463436921904119}, {6, 0.007237205072681337}, 
   {7, 0.005916551017328492}, {8, 0.00537230754275123}, 
   {9, 0.005147403928145443}, {10, 0.005054358495164013}, 
   {11, 0.005015846267819199}}, {7.543543276911676*^-9, 0.8779708810425573}}}
