{11, 32, {{{-0.5181621730130794, 0, -0.004384528788063128, 
    0.004384528788063136}, {0, 0.978544455963567, 0.0007931898647643809, 
    0.0007931898647643193}, {-0.004384528788063096, 0.000793189864764289, 
    -0.00005884803006863271, 0.010085527434568843}, 
   {0.004384528788063108, 0.0007931898647643119, 0.010085527434568798, 
    -0.00005884803006859802}}, {{-0.5181621730130794, 0.00438452878806314, 0, 
    -0.0043845287880631394}, {0.004384528788063103, -0.000058848030068644856, 
    0.0007931898647642972, 0.010085527434568857}, 
   {0, 0.0007931898647643787, 0.978544455963567, 0.0007931898647643226}, 
   {-0.004384528788063117, 0.010085527434568808, 0.0007931898647643247, 
    -0.00005884803006855899}}, {{-0.5181621730130794, -0.004384528788063084, 
    0.0043845287880630865, 0}, {-0.0043845287880630406, 
    -0.00005884803006871251, 0.0100855274345688, 0.0007931898647643534}, 
   {0.004384528788063046, 0.010085527434568874, -0.000058848030068697765, 
    0.0007931898647643601}, {0, 0.000793189864764287, 0.000793189864764283, 
    0.9785444559635669}}}, 
 {{{0., 0.04384208019251223, 0.04384208019251222, 0.04384208019251226}, 
   {-0.04384208019251223, 0., -0.044285267373445694, 0.0442852673734455}, 
   {-0.04384208019251222, 0.044285267373445694, 0., -0.04428526737344549}, 
   {-0.04384208019251226, -0.0442852673734455, 0.04428526737344549, 0.}}, 
  {{0., 0.04384208019251222, 0.04384208019251222, 0.043842080192512345}, 
   {-0.04384208019251222, 0., -0.04428526737344554, 0.04428526737344574}, 
   {-0.04384208019251222, 0.04428526737344554, 0., -0.04428526737344576}, 
   {-0.043842080192512345, -0.04428526737344574, 0.04428526737344576, 0.}}}, 
 {0, 0}, {{-1.4858947254451815, -1.4448889018275959}, 
  {-6.295650765795816, -1.5269005490627703, -1.6209248338351379}, 
  {-1.527107807195722, -1.4861019835781364}, {{2, 0.02123681261301294}, 
   {3, 0.008632006386732838}, {4, 0.003545038839517886}, 
   {5, 0.0014627402094969238}, {6, 0.0006047660830385271}, 
   {7, 0.0002502503225822461}, {8, 0.00010358924959896765}, 
   {9, 0.00004288625782045141}, {10, 0.000017756113117856076}}, 
  {{2, 0.09884795467826749}, {3, 0.039199029109662616}, 
   {4, 0.018475045122310962}, {5, 0.010463436921904119}, 
   {6, 0.007237205072681337}, {7, 0.005916551017328492}, 
   {8, 0.00537230754275123}, {9, 0.005147403928145443}, 
   {10, 0.005054358495164013}}, {7.543200065760615*^-9, 0.8779774557844383}}}
