{9, 28, {{{-0.519339906829047, 0, -0.0036464539648388703, 
    0.0036464539648388733}, {0, 0.9816706644076936, 0.0008133592021502937, 
    0.000813359202150285}, {-0.0036464539648388573, 0.000813359202150186, 
    -0.00022040272727486508, 0.008456611175486333}, 
   {0.0036464539648388646, 0.0008133592021502011, 0.008456611175486364, 
    -0.0002204027272748729}}, {{-0.519339906829047, 0.0036464539648388616, 0, 
    -0.003646453964838872}, {0.0036464539648388356, -0.00022040272727482432, 
    0.0008133592021501716, 0.008456611175486359}, 
   {0, 0.0008133592021502987, 0.9816706644076937, 0.0008133592021502526}, 
   {-0.0036464539648388625, 0.008456611175486298, 0.000813359202150228, 
    -0.00022040272727488763}}, {{-0.5193399068290468, -0.0036464539648388278, 
    0.003646453964838826, 0}, {-0.0036464539648387913, 
    -0.00022040272727487896, 0.008456611175486371, 0.0008133592021502373}, 
   {0.003646453964838803, 0.008456611175486389, -0.0002204027272749154, 
    0.000813359202150279}, {0, 0.0008133592021502638, 0.0008133592021502196, 
    0.9816706644076936}}}, 
 {{{0., 0.03980315911006389, 0.03980315911006389, 0.03980315911006391}, 
   {-0.03980315911006389, 0., -0.04118788743160311, 0.04118788743160287}, 
   {-0.03980315911006389, 0.04118788743160311, 0., -0.04118788743160288}, 
   {-0.03980315911006391, -0.04118788743160287, 0.04118788743160288, 0.}}, 
  {{0., 0.03980315911006387, 0.039803159110063886, 0.03980315911006399}, 
   {-0.03980315911006387, 0., -0.04118788743160298, 0.04118788743160311}, 
   {-0.039803159110063886, 0.04118788743160298, 0., -0.041187887431603114}, 
   {-0.03980315911006399, -0.04118788743160311, 0.041187887431603114, 0.}}}, 
 {0, 0}, {{-1.4997445816561341, -1.4652740347159443}, 
  {-6.296557962785564, -1.534215128596324, -1.6140638527964581}, 
  {-1.5348147335482198, -1.50034418660803}, {{2, 0.01926095168896677}, 
   {3, 0.007781605894394569}, {4, 0.0031700537675070223}, 
   {5, 0.001296251745241117}, {6, 0.0005308883942152509}, 
   {7, 0.00021757278241303635}, {8, 0.00008919170054262626}}, 
  {{2, 0.11289338869610868}, {3, 0.05177029262356376}, 
   {4, 0.030615041896980767}, {5, 0.022491959394902495}, 
   {6, 0.0192478890683702}, {7, 0.01793192027958808}, 
   {8, 0.017394703743364243}}, {4.882217271387298*^-9, 0.8949419751650877}}}
