{9, 28, {{{-0.522958720456994, 0, -0.0012084518359048082, 
    0.001208451835904813}, {0, 0.9936145475738982, 0.0002882339843101572, 
    0.0002882339843101997}, {-0.0012084518359047876, 0.00028823398431029824, 
    -0.00010498940106302805, 0.002883897422085669}, 
   {0.0012084518359048065, 0.00028823398431016586, 0.002883897422085626, 
    -0.00010498940106298902}}, {{-0.5229587204569938, 0.001208451835904823, 
    0, -0.001208451835904812}, {0.0012084518359047913, 
    -0.00010498940106301764, 0.00028823398431030155, 0.0028838974220856705}, 
   {0, 0.0002882339843101594, 0.9936145475738983, 0.00028823398431019486}, 
   {-0.0012084518359048034, 0.002883897422085626, 0.0002882339843101759, 
    -0.00010498940106298815}}, {{-0.5229587204569939, -0.0012084518359047679, 
    0.0012084518359047627, 0}, {-0.0012084518359047106, 
    -0.00010498940106316162, 0.0028838974220856783, 0.00028823398431019736}, 
   {0.0012084518359047167, 0.002883897422085716, -0.00010498940106309917, 
    0.0002882339843101912}, {0, 0.0002882339843101858, 0.0002882339843101717, 
    0.9936145475738987}}}, 
 {{{0., 0.02338298246451359, 0.02338298246451359, 0.0233829824645136}, 
   {-0.02338298246451359, 0., -0.024311832450612463, 0.02431183245061238}, 
   {-0.02338298246451359, 0.024311832450612463, 0., -0.024311832450612365}, 
   {-0.0233829824645136, -0.02431183245061238, 0.024311832450612365, 0.}}, 
  {{0., 0.023382982464513574, 0.02338298246451359, 0.023382982464513653}, 
   {-0.023382982464513574, 0., -0.024311832450612404, 0.024311832450612508}, 
   {-0.02338298246451359, 0.024311832450612404, 0., -0.02431183245061251}, 
   {-0.023382982464513653, -0.024311832450612508, 0.02431183245061251, 0.}}}, 
 {0, 0}, {{-1.5483483147886, -1.5361981606902904}, 
  {-6.29828408377692, -1.5604984688869092, -1.588643573001551}, 
  {-1.5607397911921888, -1.5485896370938792}, {{2, 0.011209954137910105}, 
   {3, 0.004434210954639181}, {4, 0.0017583577227110458}, 
   {5, 0.0006980259136969355}, {6, 0.0002772241594299549}, 
   {7, 0.00011012078061034547}, {8, 0.000043746057581686704}}, 
  {{2, 0.11430187837863806}, {3, 0.05325438977695116}, 
   {4, 0.032403281362294825}, {5, 0.024575891641583192}, 
   {6, 0.021534003686296366}, {7, 0.020335978606986563}, 
   {8, 0.019861666224752897}}, {2.0649339486852763*^-10, 0.9622937131487546}}}
