{7, 28, {{{-0.5246675732390493, 0, -0.0001282539034022767, 
    0.0001282539034022728}, {0, 0.9993021257631851, 0.00003235840021141565, 
    0.00003235840021133241}, {-0.00012825390340223566, 
    0.00003235840021136453, -0.000013621313969359311, 0.000310992546095071}, 
   {0.00012825390340229402, 0.00003235840021155281, 0.0003109925460948288, 
    -0.000013621313969263034}}, 
  {{-0.5246675732390493, 0.00012825390340227464, 0, -0.00012825390340227518}, 
   {0.00012825390340224005, -0.000013621313969276044, 
    0.000032358400211380994, 0.00031099254609499166}, 
   {0, 0.000032358400211401966, 0.9993021257631849, 0.00003235840021143144}, 
   {-0.00012825390340229624, 0.00031099254609495285, 0.0000323584002114548, 
    -0.000013621313969397475}}, 
  {{-0.5246675732390499, -0.00012825390340224295, 0.00012825390340225794, 0}, 
   {-0.0001282539034021948, -0.000013621313969595233, 0.0003109925460950437, 
    0.00003235840021155289}, {0.00012825390340219666, 0.0003109925460950679, 
    -0.000013621313969508497, 0.00003235840021145925}, 
   {0, 0.000032358400211328844, 0.00003235840021144358, 
    0.9993021257631857}}}, 
 {{{0., 0.007696015908578766, 0.007696015908578759, 0.007696015908578774}, 
   {-0.007696015908578766, 0., -0.008043838698486128, 0.008043838698486098}, 
   {-0.007696015908578759, 0.008043838698486128, 0., -0.008043838698486084}, 
   {-0.007696015908578774, -0.008043838698486098, 0.008043838698486084, 0.}}, 
  {{0., 0.0076960159085787605, 0.007696015908578756, 0.007696015908578787}, 
   {-0.0076960159085787605, 0., -0.008043838698486062, 0.00804383869848614}, 
   {-0.007696015908578756, 0.008043838698486062, 0., -0.008043838698486077}, 
   {-0.007696015908578787, -0.00804383869848614, 0.008043838698486077, 0.}}}, 
 {0, 0}, {{-1.5717489606960253, -1.5704159716390726}, 
  {-6.298511360116457, -1.5730819497529764, -1.576173730305252}, 
  {-1.5731120720901846, -1.5717790830332319}, {{2, 0.0036822706596678703}, 
   {3, 0.0014429837030428376}, {4, 0.0005656075254227479}, 
   {5, 0.00022172556908260296}, {6, 0.00008692314604879202}}, 
  {{2, 0.11500414342753247}, {3, 0.053987114764275236}, 
   {4, 0.033262679371361105}, {5, 0.025557503728049175}, 
   {6, 0.022597587767432502}}, {2.7088198243792015*^-13, 0.9958200532117324}}}
