{14, 35, {{{-0.5239004436405543, 0, -0.0006913944722581725, 
    0.0006913944722581047}, {0, 0.9945456858507091, 0.00030768673074041235, 
    0.00030768673074047653}, {-0.000691394472258149, 0.00030768673074057194, 
    -0.005371426162794417, -0.022979731026642497}, 
   {0.0006913944722581367, 0.000307686730740552, -0.022979731026642653, 
    -0.005371426162794223}}, {{-0.5239004436405543, 0.0006913944722581511, 0, 
    -0.000691394472258101}, {0.0006913944722581483, -0.005371426162794425, 
    0.0003076867307405724, -0.02297973102664248}, 
   {0, 0.00030768673074038763, 0.9945456858507091, 0.00030768673074045783}, 
   {-0.0006913944722581325, -0.022979731026642553, 0.0003076867307404342, 
    -0.005371426162794152}}, {{-0.5239004436405548, -0.0006913944722582073, 
    0.0006913944722582305, 0}, {-0.0006913944722581832, 
    -0.005371426162794882, -0.022979731026641893, 0.00030768673074071636}, 
   {0.0006913944722581914, -0.022979731026642095, -0.005371426162794957, 
    0.00030768673074060436}, {0, 0.0003076867307406309, 
    0.0003076867307406202, 0.9945456858507093}}}, 
 {{{0., 0.03266843079313804, 0.032668430793138026, 0.032668430793138026}, 
   {-0.03266843079313804, 0., -0.04139971410577763, 0.041399714105777766}, 
   {-0.032668430793138026, 0.04139971410577763, 0., -0.04139971410577764}, 
   {-0.032668430793138026, -0.041399714105777766, 0.04139971410577764, 0.}}, 
  {{0., 0.032668430793138026, 0.032668430793138026, 0.03266843079313802}, 
   {-0.032668430793138026, 0., -0.041399714105777516, 0.04139971410577768}, 
   {-0.032668430793138026, 0.041399714105777516, 0., -0.041399714105777675}, 
   {-0.03266843079313802, -0.04139971410577768, 0.041399714105777675, 0.}}}, 
 {0, 0}, {{-1.5608616463687572, -0.7770318194114815, -0.0033990037728971467, 
   -1.5574626425958602, -0.790627834503068}, {-1.5040753529214548, 
   0.03867160951405581}, {{2, 0.009293173060529361}, 
   {3, 0.003072239442425538}, {4, 0.0010303332543318416}, 
   {5, 0.000347111584553611}, {6, 0.00011712673283959668}, 
   {7, 0.00003954401259888274}, {8, 0.000013353222229624262}, 
   {9, 4.509399229864208*^-6}, {10, 1.5228618575127695*^-6}, 
   {11, 5.14286878430803*^-7}, {12, 1.73680647634622*^-7}, 
   {13, 5.865401810078996*^-8}}, {{2, 0.13417486429154873}, 
   {3, 0.13383996746300303}, {4, 0.1337066614819628}, 
   {5, 0.1336593988875127}, {6, 0.133643186397293}, {7, 0.13363768274522436}, 
   {8, 0.13363582085188735}, {9, 0.13363519169840965}, 
   {10, 0.13363497918356118}, {11, 0.1336349074099335}, 
   {12, 0.13363488317056926}, {13, 0.13363487498458182}}, 
  {5.034821199158921*^-9, 0.967717126226386}}}
