{8, 32, {{{-0.5228389652977001, 0, -0.0012215403808376682, 
    0.0012215403808376391}, {0, 0.9937116791087263, 0.0001845218328878664, 
    0.00018452183288792127}, {-0.0012215403808376359, 0.0001845218328880697, 
    8.73442098433012*^-6, 0.0029328028314522412}, 
   {0.001221540380837653, 0.00018452183288793288, 0.0029328028314521033, 
    8.734420984445913*^-6}}, {{-0.5228389652977004, 0.0012215403808376593, 0, 
    -0.0012215403808376395}, {0.0012215403808376168, 8.734420984308003*^-6, 
    0.00018452183288806417, 0.0029328028314521953}, 
   {0, 0.0001845218328878527, 0.9937116791087264, 0.00018452183288796063}, 
   {-0.001221540380837647, 0.002932802831452134, 0.00018452183288788045, 
    8.73442098442423*^-6}}, {{-0.5228389652977005, -0.0012215403808376296, 
    0.0012215403808376278, 0}, {-0.0012215403808375736, 
    8.734420984294125*^-6, 0.0029328028314522334, 0.00018452183288795965}, 
   {0.0012215403808375875, 0.0029328028314522113, 8.734420984257696*^-6, 
    0.00018452183288790653}, {0, 0.00018452183288790208, 
    0.00018452183288793445, 0.9937116791087266}}}, 
 {{{0., 0.024075047387421437, 0.024075047387421437, 0.02407504738742145}, 
   {-0.024075047387421437, 0., -0.023796221893826533, 0.023796221893826443}, 
   {-0.024075047387421437, 0.023796221893826533, 0., -0.023796221893826436}, 
   {-0.02407504738742145, -0.023796221893826443, 0.023796221893826436, 0.}}, 
  {{0., 0.024075047387421424, 0.024075047387421434, 0.0240750473874215}, 
   {-0.024075047387421424, 0., -0.023796221893826398, 0.02379622189382659}, 
   {-0.024075047387421434, 0.023796221893826398, 0., -0.02379622189382659}, 
   {-0.0240750473874215, -0.02379622189382659, 0.02379622189382659, 0.}}}, 
 {0, 0}, {{-1.5478826204675684, -1.5353728588866762}, 
  {-6.298232455199976, -1.5603923820484606, -1.5887238455515273}, 
  {-1.5603199410602584, -1.5478101794793662}, {{2, 0.007802059021893147}, 
   {3, 0.0030904606067021015}, {4, 0.0012264612819664483}, 
   {5, 0.0004871135812070243}, {6, 0.00019352964483759783}, 
   {7, 0.00007689910440014658}}, {{2, 0.051026565148745276}, 
   {3, 0.014897229863595396}, {4, 0.0018982053222706037}, 
   {5, 0.003074678271322624}, {6, 0.005021613906760222}, 
   {7, 0.005790756900869658}}, {1.8157165819007193*^-10, 0.9628582695637086}}}
{9, 32, {{{-0.5228371965071017, 0, -0.001222117944167326, 
    0.0012221179441673255}, {0, 0.9937100315994608, 0.00018372036769615636, 
    0.0001837203676961452}, {-0.0012221179441672823, 0.0001837203676960682, 
    9.702249805122222*^-6, 0.0029343800910985787}, 
   {0.001222117944167325, 0.00018372036769607157, 0.002934380091098634, 
    9.702249805196815*^-6}}, {{-0.5228371965071017, 0.001222117944167338, 0, 
    -0.0012221179441673292}, {0.0012221179441673, 9.702249805075818*^-6, 
    0.00018372036769606387, 0.0029343800910986034}, 
   {0, 0.00018372036769614676, 0.9937100315994609, 0.0001837203676961291}, 
   {-0.001222117944167332, 0.0029343800910986368, 0.00018372036769608377, 
    9.702249805232377*^-6}}, {{-0.5228371965071017, -0.0012221179441673086, 
    0.0012221179441673248, 0}, {-0.0012221179441672596, 
    9.702249805111814*^-6, 0.002934380091098665, 0.0001837203676960952}, 
   {0.0012221179441672572, 0.0029343800910985986, 9.702249805065843*^-6, 
    0.00018372036769611066}, {0, 0.00018372036769610431, 
    0.00018372036769611163, 0.9937100315994609}}}, 
 {{{0., 0.024085531299383654, 0.02408553129938365, 0.024085531299383674}, 
   {-0.024085531299383654, 0., -0.02379650309948693, 0.02379650309948677}, 
   {-0.02408553129938365, 0.02379650309948693, 0., -0.02379650309948678}, 
   {-0.024085531299383674, -0.02379650309948677, 0.02379650309948678, 0.}}, 
  {{0., 0.024085531299383654, 0.02408553129938365, 0.024085531299383716}, 
   {-0.024085531299383654, 0., -0.023796503099486846, 0.023796503099486912}, 
   {-0.02408553129938365, 0.023796503099486846, 0., -0.023796503099486926}, 
   {-0.024085531299383716, -0.023796503099486912, 0.023796503099486926, 
    0.}}}, {0, 0}, {{-1.5478708304599116, -1.5353556212785637}, 
  {-6.298222802943139, -1.5603860396412572, -1.588725361830312}, 
  {-1.5603109479122024, -1.5477957387308545}, {{2, 0.011542544266634758}, 
   {3, 0.004565925656402653}, {4, 0.0018109028080671857}, 
   {5, 0.0007190542813157869}, {6, 0.0002856501916963308}, 
   {7, 0.00011349860694297165}, {8, 0.00004510033614407022}}, 
  {{2, 0.08359892020517379}, {3, 0.025682966826591647}, 
   {4, 0.005901490671673786}, {5, 0.0015254710029281471}, 
   {6, 0.004412380899187319}, {7, 0.005549656581475035}, 
   {8, 0.006000037871371389}}, {1.815845326253675*^-10, 0.9628486914654806}}}
