{8, 20, {{{-0.5248723405513326, 0, -5.628576528580994*^-6, 
    5.628587820200546*^-6}, {0, 0.999965434439926, 1.0935229567890498*^-6, 
    1.0935422617471268*^-6}, {-5.628604609326237*^-6, 1.0935179826951252*^-6, 
    -6.061003062635129*^-8, 0.00032614607967663126}, 
   {5.628593317806911*^-6, 1.0934986766243722*^-6, 0.0003261460796797022, 
    -6.061003363262707*^-8}}, {{-0.5248723405513317, 5.628575482544782*^-6, 
    0, -5.6285933057591105*^-6}, {5.62860565539174*^-6, 
    -6.06100324668929*^-8, 1.0935229382903855*^-6, 0.00032614607967788173}, 
   {0, 1.0935180011663795*^-6, 0.9999654344399227, 1.0935549357438212*^-6}, 
   {-5.628587832252089*^-6, 0.00032614607967758574, 1.0934860027018685*^-6, 
    -6.061003171575763*^-8}}, {{-0.524872340551333, -5.628605661969421*^-6, 
    5.628604615863191*^-6, 0}, {-5.6285754758282736*^-6, 
    -6.06100322535219*^-8, 0.0003261460796817075, 1.0935422736193303*^-6}, 
   {5.628576521884371*^-6, 0.0003261460796842958, -6.061003313129198*^-8, 
    1.093554943049181*^-6}, {0, 1.0934986650245067*^-6, 
    1.0934859956179219*^-6, 0.9999654344399247}}}, 
 {{{0., 0.003534859692650028, 0.0035348596926967593, 0.0035348596926495094}, 
   {-0.003534859692650028, 0., -0.0035254487085786337, 
    0.0035254487085887706}, {-0.0035348596926967593, 0.0035254487085786337, 
    0., -0.0035254487085430754}, {-0.0035348596926495094, 
    -0.0035254487085887706, 0.0035254487085430754, 0.}}, 
  {{0., 0.0035348596926810384, 0.003534859692634047, 0.0035348596926810414}, 
   {-0.0035348596926810384, 0., -0.003525448708562531, 
    0.0035254487085511757}, {-0.003534859692634047, 0.003525448708562531, 0., 
    -0.003525448708596504}, {-0.0035348596926810414, -0.0035254487085511757, 
    0.003525448708596504, 0.}}}, {0, 0}, 
 {{-1.5745878347207087, -1.5745755896075386}, {-0.7873249627068094, 
   -0.3936781142597065, 0.000015632906301799032}, 
  {-1.5746000635335768, -1.5745878184204067}, {{2, 1.8804252722814767*^-6}, 
   {3, 1.635517526254321*^-6}, {4, 1.4218928605083322*^-6}, 
   {5, 1.2366929487486744*^-6}, {6, 1.0758290010020807*^-6}, 
   {7, 9.361396455256042*^-7}}, {{2, 0.00001053072497205026}, 
   {3, 0.000010239662610729084}, {4, 9.987250259516453*^-6}, 
   {5, 9.767780135487179*^-6}, {6, 9.576964235113122*^-6}, 
   {7, 9.410984095288826*^-6}}, {1.919934458511242*^-15, 0.99979262456039}}}
