{6, 20, {{{-0.524880583641333, 0, -1.397374356223549*^-6, 
    1.3973743567381423*^-6}, {0, 0.9999914639173826, 2.6990439593518844*^-7, 
    2.6990439633394614*^-7}, {-1.39737435843164*^-6, 2.699043951380034*^-7, 
    -3.744560964601129*^-8, 0.00007181802092477626}, 
   {1.3973743561675123*^-6, 2.699043925048202*^-7, 0.00007181802092898776, 
    -3.7445613994963045*^-8}}, {{-0.5248805836413342, 1.3973743555705557*^-6, 
    0, -1.3973743572280594*^-6}, {1.397374359132199*^-6, 
    -3.744560899028582*^-8, 2.699043955446571*^-7, 0.00007181802093039516}, 
   {0, 2.6990439548229517*^-7, 0.9999914639173817, 2.6990439714629256*^-7}, 
   {-1.3973743556711214*^-6, 0.00007181802092275079, 2.699043916810278*^-7, 
    -3.744561044571881*^-8}}, {{-0.5248805836413352, -1.3973743581450253*^-6, 
    1.3973743585959714*^-6, 0}, {-1.3973743563841486*^-6, 
    -3.7445609937444835*^-8, 0.0000718180209269133, 2.699043964978301*^-7}, 
   {1.3973743558853474*^-6, 0.00007181802093740832, -3.744560805873931*^-8, 
    2.6990439791812095*^-7}, {0, 2.6990439267900236*^-7, 
    2.699043912548774*^-7, 0.9999914639173881}}}, 
 {{{0., 0.0017615091495234026, 0.0017615091495244589, 0.001761509149524756}, 
   {-0.0017615091495234026, 0., -0.0017557664800143197, 
    0.0017557664800161073}, {-0.0017615091495244589, 0.0017557664800143197, 
    0., -0.00175576648001491}, {-0.001761509149524756, 
    -0.0017557664800161073, 0.00175576648001491, 0.}}, 
  {{0., 0.001761509149523398, 0.0017615091495242496, 0.0017615091495248969}, 
   {-0.001761509149523398, 0., -0.0017557664800141731, 
    0.0017557664800152816}, {-0.0017615091495242496, 0.0017557664800141731, 
    0., -0.001755766480014157}, {-0.0017615091495248969, 
    -0.0017557664800152816, 0.001755766480014157, 0.}}}, {0, 0}, 
 {{-1.5746345673720337, -1.5746315163486884}, {-0.7873249657604771, 
   -0.39366635970111075, 3.8768208722173014*^-6}, 
  {-1.574637613422081, -1.5746345623987357}, {{2, 1.3268730174663228*^-6}, 
   {3, 1.1529514693194888*^-6}, {4, 1.0015323986846403*^-6}, 
   {5, 8.704321638494487*^-7}}, {{2, 6.280656934522008*^-6}, 
   {3, 6.075416212620926*^-6}, {4, 5.897509798610486*^-6}, 
   {5, 5.742669509368865*^-6}}, {2.929547343869355*^-17, 0.999948784597263}}}
