{3, 28, {{{-0.5239688234680943, 0, -0.000529757408917818, 
    0.0005297574089177912}, {0, 0.9972337764805999, 0.00007208309283142952, 
    0.00007208309283132311}, {-0.0005297574089177555, 0.00007208309283129085, 
    0.000011226687186781034, 0.0012910660767654735}, 
   {0.0005297574089177954, 0.00007208309283128679, 0.0012910660767655531, 
    0.00001122668718697619}}, {{-0.5239688234680943, 0.000529757408917792, 0, 
    -0.0005297574089177823}, {0.0005297574089177444, 0.000011226687186767156, 
    0.00007208309283129383, 0.0012910660767654905}, 
   {0, 0.00007208309283142689, 0.9972337764806, 0.0000720830928312866}, 
   {-0.0005297574089177866, 0.001291066076765522, 0.00007208309283132144, 
    0.000011226687187004813}}, {{-0.5239688234680944, -0.0005297574089177722, 
    0.000529757408917783, 0}, {-0.0005297574089177118, 
    0.000011226687186781902, 0.0012910660767655572, 0.00007208309283129297}, 
   {0.0005297574089177008, 0.0012910660767656555, 0.000011226687186727258, 
    0.00007208309283131164}, {0, 0.00007208309283130392, 
    0.0000720830928312876, 0.9972337764806003}}}, 
 {{{0., 0.01607463614272274, 0.016074636142722743, 0.016074636142722754}, 
   {-0.01607463614272274, 0., -0.015735219942576123, 0.015735219942576054}, 
   {-0.016074636142722743, 0.015735219942576123, 0., -0.015735219942576026}, 
   {-0.016074636142722754, -0.015735219942576054, 0.015735219942576026, 0.}}, 
  {{0., 0.016074636142722743, 0.01607463614272274, 0.016074636142722778}, 
   {-0.016074636142722743, 0., -0.01573521994257606, 0.01573521994257616}, 
   {-0.01607463614272274, 0.01573521994257606, 0., -0.015735219942576144}, 
   {-0.016074636142722778, -0.01573521994257616, 0.015735219942576144, 0.}}}, 
 {0, 0}, {{-1.5627649902344392, -1.5571965729319641}, 
  {-6.2984399633334665, -1.5683334075369162, -1.580886574129817}, 
  {-1.5682746189265584, -1.5627062016240834}, {{2, 0.00010423074886546646}}, 
  {{2, 0.010557508024849263}}, {1.517878140006641*^-11, 0.983517016306877}}}
