{3, 28, {{{-0.5211503485429956, 0, -0.0022637734425790326, 
    0.0022637734425790144}, {0, 0.9886619135392255, 0.000292351547255238, 
    0.0002923515472552272}, {-0.0022637734425790014, 0.000292351547255168, 
    0.00007822503811519017, 0.005368105386496468}, 
   {0.0022637734425790296, 0.0002923515472551875, 0.005368105386496541, 
    0.00007822503811512772}}, {{-0.5211503485429957, 0.002263773442579024, 0, 
    -0.002263773442579009}, {0.002263773442578991, 0.00007822503811516848, 
    0.0002923515472551683, 0.005368105386496498}, 
   {0, 0.0002923515472552415, 0.9886619135392256, 0.00029235154725518365}, 
   {-0.0022637734425790344, 0.005368105386496493, 0.0002923515472552423, 
    0.0000782250381151095}}, {{-0.5211503485429956, -0.002263773442578992, 
    0.002263773442578997, 0}, {-0.002263773442578946, 0.00007822503811516675, 
    0.005368105386496474, 0.0002923515472552133}, 
   {0.0022637734425789468, 0.005368105386496522, 0.0000782250381151095, 
    0.0002923515472552608}, {0, 0.0002923515472552132, 0.0002923515472551564, 
    0.9886619135392256}}}, 
 {{{0., 0.03261898460183438, 0.032618984601834385, 0.03261898460183442}, 
   {-0.03261898460183438, 0., -0.03186076140912454, 0.03186076140912439}, 
   {-0.032618984601834385, 0.03186076140912454, 0., -0.03186076140912439}, 
   {-0.03261898460183442, -0.03186076140912439, 0.03186076140912439, 0.}}, 
  {{0., 0.03261898460183438, 0.03261898460183439, 0.032618984601834475}, 
   {-0.03261898460183438, 0., -0.0318607614091244, 0.03186076140912457}, 
   {-0.03261898460183439, 0.0318607614091244, 0., -0.03186076140912458}, 
   {-0.032618984601834475, -0.03186076140912457, 0.03186076140912458, 0.}}}, 
 {0, 0}, {{-1.5263174015171495, -1.5037183060684747}, 
  {-6.2976326884043985, -1.5489164969658213, -1.599899847236378}, 
  {-1.5486538407471728, -1.526054745298498}, {{2, 0.00020725097174283114}}, 
  {{2, 0.011622421757838609}}, {1.0460125668635636*^-9, 0.9338708603469728}}}
