{3, 28, {{{-0.5160607862060299, 0, -0.005652529025007113, 
    0.005652529025007078}, {0, 0.9732856533529739, 0.0006688404396525275, 
    0.0006688404396524941}, {-0.005652529025007064, 0.0006688404396524008, 
    0.000324714912276927, 0.012922436301775767}, 
   {0.005652529025007061, 0.0006688404396523948, 0.012922436301775806, 
    0.0003247149122769209}}, {{-0.5160607862060299, 0.005652529025007093, 0, 
    -0.00565252902500707}, {0.0056525290250070605, 0.0003247149122769322, 
    0.0006688404396524034, 0.012922436301775806}, 
   {0, 0.0006688404396525277, 0.9732856533529739, 0.0006688404396524435}, 
   {-0.005652529025007064, 0.012922436301775772, 0.0006688404396524421, 
    0.00032471491227684113}}, {{-0.5160607862060298, -0.00565252902500705, 
    0.005652529025007048, 0}, {-0.005652529025007026, 0.0003247149122769027, 
    0.012922436301775786, 0.0006688404396524442}, 
   {0.005652529025007024, 0.01292243630177586, 0.00032471491227689664, 
    0.0006688404396524871}, {0, 0.0006688404396524253, 0.0006688404396523809, 
    0.9732856533529739}}}, 
 {{{0., 0.050289015961868064, 0.050289015961868064, 0.05028901596186812}, 
   {-0.050289015961868064, 0., -0.04891728169573466, 0.04891728169573445}, 
   {-0.050289015961868064, 0.04891728169573466, 0., -0.048917281695734456}, 
   {-0.05028901596186812, -0.04891728169573445, 0.048917281695734456, 0.}}, 
  {{0., 0.050289015961868064, 0.05028901596186805, 0.0502890159618682}, 
   {-0.050289015961868064, 0., -0.04891728169573448, 0.048917281695734734}, 
   {-0.05028901596186805, 0.04891728169573448, 0., -0.048917281695734754}, 
   {-0.0502890159618682, -0.048917281695734734, 0.048917281695734754, 0.}}}, 
 {0, 0}, {{-1.4621487553712358, -1.4098868769460755}, 
  {-6.293787749746884, -1.5144106337963945, -1.6324832410770476}, 
  {-1.5136978597633666, -1.4614359813382063}, {{2, 0.00030866827143510855}}, 
  {{2, 0.013638507732718715}}, {1.3701682298381058*^-8, 0.8500450259338308}}}
