{10, 32, {{{-0.5241534877236663, 0, -0.00042560469054041684, 
    0.00042560469054042253}, {0, 0.9977552351882097, 0.00007110419753624678, 
    0.00007110419753609989}, {-0.0004256046905403737, 0.00007110419753600898, 
    -5.489985673785662*^-6, 0.0010347351797151056}, 
   {0.0004256046905404101, 0.00007110419753608246, 0.0010347351797151375, 
    -5.489985673682446*^-6}}, {{-0.5241534877236662, 0.0004256046905404176, 
    0, -0.000425604690540422}, {0.0004256046905403836, 
    -5.489985673781759*^-6, 0.00007110419753601202, 0.0010347351797151115}, 
   {0, 0.00007110419753625103, 0.9977552351882095, 0.00007110419753608386}, 
   {-0.00042560469054040903, 0.00103473517971512, 0.00007110419753608878, 
    -5.489985673651221*^-6}}, {{-0.5241534877236664, -0.00042560469054040437, 
    0.00042560469054040925, 0}, {-0.0004256046905403676, 
    -5.489985673931379*^-6, 0.001034735179715165, 0.00007110419753607555}, 
   {0.0004256046905403599, 0.001034735179715232, -5.489985673984288*^-6, 
    0.0000711041975360921}, {0, 0.00007110419753609257, 
    0.00007110419753607013, 0.9977552351882101}}}, 
 {{{0., 0.014295880097115568, 0.014295880097115573, 0.014295880097115582}, 
   {-0.014295880097115568, 0., -0.014244423123542158, 0.014244423123542129}, 
   {-0.014295880097115573, 0.014244423123542158, 0., -0.014244423123542117}, 
   {-0.014295880097115582, -0.014244423123542129, 0.014244423123542117, 0.}}, 
  {{0., 0.014295880097115571, 0.014295880097115563, 0.014295880097115606}, 
   {-0.014295880097115571, 0., -0.01424442312354216, 0.014244423123542212}, 
   {-0.014295880097115563, 0.01424442312354216, 0., -0.014244423123542235}, 
   {-0.014295880097115606, -0.014244423123542212, 0.014244423123542235, 
    0.}}}, {0, 0}, {{-1.5650867614985131, -1.5606297471784334}, 
  {-6.298418806627105, -1.5695437758185948, -1.5796656274949579}, 
  {-1.5695357544702573, -1.5650787401501776}, {{2, 0.0068258129043874925}, 
   {3, 0.002681778940180641}, {4, 0.0010545575376915764}, 
   {5, 0.00041484170884860394}, {6, 0.00016321567263574005}, 
   {7, 0.00006421968461553865}, {8, 0.000025268828456936898}, 
   {9, 9.942743537834364*^-6}}, {{2, 0.08842574445949228}, 
   {3, 0.030040277125416306}, {4, 0.010179433039178697}, 
   {5, 0.0027756405390784206}, {6, 0.00007762743316469188}, 
   {7, 0.001191256923728461}, {8, 0.00162805609395097}, 
   {9, 0.0017997133867886476}}, {8.353513795751009*^-12, 0.98660676981968}}}
