{3, 28, {{{-0.5215607184441545, 0, -0.0022137049459226565, 
    0.0022137049459226244}, {0, 0.9883202447610322, 0.0006618981291863478, 
    0.0006618981291863012}, {-0.0022137049459226175, 0.0006618981291862626, 
    -0.0003257796592754927, 0.005199442019893948}, 
   {0.0022137049459226357, 0.0006618981291863081, 0.00519944201989395, 
    -0.0003257796592754788}}, {{-0.5215607184441545, 0.0022137049459226565, 
    0, -0.0022137049459226192}, {0.002213704945922615, 
    -0.00032577965927547536, 0.0006618981291862683, 0.005199442019893929}, 
   {0, 0.0006618981291863466, 0.9883202447610318, 0.000661898129186337}, 
   {-0.002213704945922641, 0.005199442019893981, 0.0006618981291862889, 
    -0.00032577965927552133}}, {{-0.5215607184441546, -0.0022137049459225893, 
    0.0022137049459225885, 0}, {-0.002213704945922544, 
    -0.00032577965927556036, 0.005199442019894004, 0.0006618981291863336}, 
   {0.002213704945922544, 0.005199442019893957, -0.0003257796592755491, 
    0.0006618981291862927}, {0, 0.0006618981291862687, 0.0006618981291863112, 
    0.9883202447610321}}}, 
 {{{0., 0.030771773052113628, 0.03077177305211363, 0.03077177305211369}, 
   {-0.030771773052113628, 0., -0.03321238535832546, 0.03321238535832532}, 
   {-0.03077177305211363, 0.03321238535832546, 0., -0.033212385358325304}, 
   {-0.03077177305211369, -0.03321238535832532, 0.033212385358325304, 0.}}, 
  {{0., 0.030771773052113652, 0.03077177305211362, 0.030771773052113725}, 
   {-0.030771773052113652, 0., -0.03321238535832529, 0.03321238535832553}, 
   {-0.03077177305211362, 0.03321238535832529, 0., -0.03321238535832553}, 
   {-0.030771773052113725, -0.03321238535832553, 0.03321238535832553, 0.}}}, 
 {0, 0}, {{-1.5279284470356176, -1.5066091372895207}, 
  {-6.297655499360778, -1.549247756781712, -1.5995799928986771}, 
  {-1.5500932096849007, -1.5287738999388039}, {{2, 0.0002076059407285502}}, 
  {{2, 0.03965667337527868}}, {1.342148004466606*^-9, 0.9319361303746766}}}
