{3, 28, {{{-0.5170030082099135, 0, -0.005501512825508672, 
    0.005501512825508671}, {0, 0.9725562960212097, 0.001517791525664486, 
    0.001517791525664476}, {-0.0055015128255086355, 0.0015177915256643837, 
    -0.0005946481660198885, 0.01256162227219497}, 
   {0.005501512825508645, 0.0015177915256644144, 0.012561622272195015, 
    -0.0005946481660199683}}, {{-0.5170030082099137, 0.005501512825508686, 0, 
    -0.0055015128255086684}, {0.0055015128255086485, -0.0005946481660199223, 
    0.0015177915256643728, 0.012561622272194997}, 
   {0, 0.0015177915256644814, 0.9725562960212097, 0.0015177915256644762}, 
   {-0.005501512825508648, 0.012561622272194976, 0.0015177915256644435, 
    -0.0005946481660198955}}, {{-0.5170030082099137, -0.005501512825508639, 
    0.005501512825508651, 0}, {-0.0055015128255086095, 
    -0.0005946481660199458, 0.012561622272194966, 0.0015177915256644509}, 
   {0.0055015128255086025, 0.012561622272195051, -0.0005946481660199787, 
    0.001517791525664476}, {0, 0.001517791525664459, 0.0015177915256644257, 
    0.9725562960212095}}}, 
 {{{0., 0.04753283796323687, 0.04753283796323685, 0.0475328379632369}, 
   {-0.04753283796323687, 0., -0.05089512824911706, 0.05089512824911681}, 
   {-0.04753283796323685, 0.05089512824911706, 0., -0.05089512824911681}, 
   {-0.0475328379632369, -0.05089512824911681, 0.05089512824911681, 0.}}, 
  {{0., 0.04753283796323683, 0.04753283796323685, 0.04753283796323697}, 
   {-0.04753283796323683, 0., -0.050895128249116905, 0.050895128249117086}, 
   {-0.04753283796323685, 0.050895128249116905, 0., -0.05089512824911707}, 
   {-0.04753283796323697, -0.050895128249117086, 0.05089512824911707, 0.}}}, 
 {0, 0}, {{-1.4658241299157284, -1.4164265556875706}, 
  {-6.2939058738608376, -1.515221704143888, -1.6317312327865308}, 
  {-1.5169688014253693, -1.4675712271972114}, {{2, 0.00031010215637447547}}, 
  {{2, 0.03536807846904238}}, {1.7380300396472214*^-8, 0.8462301568574946}}}
