{11, 32, {{{-0.5120961208782551, 0, -0.008703276056297877, 
    0.00870327605629786}, {0, 0.9596630082100432, 0.0013937018239847977, 
    0.00139370182398475}, {-0.008703276056297816, 0.0013937018239846767, 
    0.00020841851598832773, 0.019456934784741774}, 
   {0.008703276056297848, 0.001393701823984757, 0.01945693478474168, 
    0.00020841851598829737}}, {{-0.5120961208782551, 0.008703276056297855, 0, 
    -0.008703276056297851}, {0.008703276056297803, 0.0002084185159883776, 
    0.0013937018239846503, 0.019456934784741718}, 
   {0, 0.0013937018239848038, 0.9596630082100434, 0.0013937018239848034}, 
   {-0.00870327605629783, 0.019456934784741718, 0.0013937018239846858, 
    0.00020841851598824013}}, {{-0.5120961208782551, -0.008703276056297794, 
    0.008703276056297782, 0}, {-0.008703276056297775, 0.0002084185159882462, 
    0.019456934784741864, 0.0013937018239848146}, 
   {0.008703276056297766, 0.019456934784741677, 0.00020841851598826788, 
    0.0013937018239847455}, {0, 0.001393701823984656, 0.0013937018239846563, 
    0.9596630082100434}}}, 
 {{{0., 0.060673408096952736, 0.060673408096952736, 0.06067340809695276}, 
   {-0.060673408096952736, 0., -0.06067268034932034, 0.060672680349320045}, 
   {-0.060673408096952736, 0.06067268034932034, 0., -0.060672680349320045}, 
   {-0.06067340809695276, -0.060672680349320045, 0.060672680349320045, 0.}}, 
  {{0., 0.06067340809695271, 0.06067340809695272, 0.06067340809695287}, 
   {-0.06067340809695271, 0., -0.06067268034932015, 0.060672680349320385}, 
   {-0.06067340809695272, 0.06067268034932015, 0., -0.06067268034932037}, 
   {-0.06067340809695287, -0.060672680349320385, 0.06067268034932037, 0.}}}, 
 {0, 0}, {{-1.4096985125600132, -1.3340341262055726}, 
  {-6.288282192464637, -1.4853628989144587, -1.6587781973178597}, 
  {-1.4853624451359422, -1.4096980587815016}, {{2, 0.004914190303516183}, 
   {3, 0.0021377609062056407}, {4, 0.0009353800240007454}, 
   {5, 0.00041004176398806713}, {6, 0.00017990393494901613}, 
   {7, 0.0000789617360769379}, {8, 0.00003466287275448454}, 
   {9, 0.000015217523061938909}, {10, 6.680934881334033*^-6}}, 
  {{2, 0.013466001504099032}, {3, 0.005761957404180879}, 
   {4, 0.0024900883014704104}, {5, 0.001074876387136047}, 
   {6, 0.00045757398486970577}, {7, 0.0001873259553883803}, 
   {8, 0.00006882472751058153}, {9, 0.000016826529652783198}, 
   {10, 5.997253618665251*^-6}}, {4.988374927335796*^-8, 0.7811105924110202}}}
