{6, 32, {{{-0.5244278410862134, 0, -0.00022370558227226977, 
    0.00022370558227229487}, {0, 0.9988830133130115, 
    -0.000023471072330193138, -0.000023471072330007007}, 
   {-0.00022370558227226593, -0.00002347107232995876, 0.00006342193258809543, 
    0.0005699658038988868}, {0.0002237055822722559, -0.00002347107233031976, 
    0.0005699658038989263, 0.00006342193258864533}}, 
  {{-0.5244278410862133, 0.00022370558227225205, 0, -0.00022370558227228967}, 
   {0.00022370558227225685, 0.00006342193258831487, -0.000023471072329959614, 
    0.0005699658038989894}, {0, -0.000023471072330202733, 0.9988830133130117, 
    -0.00002347107233008234}, {-0.0002237055822722558, 0.000569965803898853, 
    -0.000023471072330240016, 0.0000634219325879315}}, 
  {{-0.5244278410862135, -0.00022370558227224066, 0.00022370558227224988, 0}, 
   {-0.00022370558227221643, 0.00006342193258766782, 0.0005699658038989224, 
    -0.000023471072330310177}, {0.00022370558227220974, 
    0.0005699658038990983, 0.00006342193258804252, -0.00002347107233024445}, 
   {0, -0.00002347107233001896, -0.000023471072329775313, 
    0.9988830133130124}}}, 
 {{{0., 0.02246274904487623, 0.022462749044876242, 0.022462749044876253}, 
   {-0.02246274904487623, 0., -0.019143389497056768, 0.01914338949705678}, 
   {-0.022462749044876242, 0.019143389497056768, 0., -0.01914338949705672}, 
   {-0.022462749044876253, -0.01914338949705678, 0.01914338949705672, 0.}}, 
  {{0., 0.022462749044876246, 0.02246274904487619, 0.022462749044876325}, 
   {-0.022462749044876246, 0., -0.019143389497056688, 0.019143389497056837}, 
   {-0.02246274904487619, 0.019143389497056688, 0., -0.019143389497056833}, 
   {-0.022462749044876325, -0.019143389497056837, 0.019143389497056833, 
    0.}}}, {0, 0}, {{-1.5691492495299229, -1.5652585872675822}, 
  {-6.299173712816454, -1.5730399117922618, -1.5765469446159655}, 
  {-1.5727524468229916, -1.568861784560651}, {{2, 0.00540701540842559}, 
   {3, 0.0042368676590403605}, {4, 0.0033203050564283992}, 
   {5, 0.0026023578384319172}}, {{2, 0.2771042652893274}, 
   {3, 0.07825322762215708}, {4, 0.018231344338894416}, 
   {5, 0.07388587080744291}}, {4.9216759334545356*^-11, 0.9933167669179187}}}
{6, 32, {{{-0.5244278410862133, 0, -0.00022370558227227167, 
    0.00022370558227227278}, {0, 0.9988830133130118, -0.00002347107233016797, 
    -0.000023471072330181184}, {-0.00022370558227225479, 
    -0.00002347107233024102, 0.00006342193258813359, 0.0005699658038988841}, 
   {0.0002237055822722797, -0.00002347107233025781, 0.0005699658038989517, 
    0.00006342193258809369}}, {{-0.5244278410862134, 0.0002237055822722797, 
    0, -0.0002237055822722754}, {0.00022370558227224777, 
    0.00006342193258812622, -0.000023471072330236343, 0.0005699658038989292}, 
   {0, -0.000023471072330174557, 0.9988830133130117, 
    -0.000023471072330219176}, {-0.00022370558227227652, 
    0.0005699658038989124, -0.000023471072330211488, 
    0.00006342193258809803}}, {{-0.5244278410862137, -0.0002237055822722399, 
    0.0002237055822722456, 0}, {-0.00022370558227220223, 
    0.0000634219325879766, 0.000569965803898953, -0.000023471072330239352}, 
   {0.00022370558227220798, 0.0005699658038991388, 0.00006342193258790374, 
    -0.00002347107233020614}, {0, -0.00002347107233018189, 
    -0.000023471072330502637, 0.9988830133130122}}}, 
 {{{0., 0.02246274904487621, 0.022462749044876225, 0.022462749044876267}, 
   {-0.02246274904487621, 0., -0.019143389497056948, 0.019143389497056663}, 
   {-0.022462749044876225, 0.019143389497056948, 0., -0.01914338949705669}, 
   {-0.022462749044876267, -0.019143389497056663, 0.01914338949705669, 0.}}, 
  {{0., 0.022462749044876218, 0.022462749044876197, 0.022462749044876294}, 
   {-0.022462749044876218, 0., -0.019143389497056854, 0.019143389497056816}, 
   {-0.022462749044876197, 0.019143389497056854, 0., -0.01914338949705676}, 
   {-0.022462749044876294, -0.019143389497056816, 0.01914338949705676, 0.}}}, 
 {0, 0}, {{-1.5691492495299233, -1.5652585872675826}, 
  {-6.299173712816453, -1.573039911792262, -1.5765469446159643}, 
  {-1.572752446822992, -1.5688617845606514}, {{2, 0.0054070154084255515}, 
   {3, 0.004236867659040366}, {4, 0.0033203050564283992}, 
   {5, 0.0026023578384318444}}, {{2, 0.27710426528932874}, 
   {3, 0.07825322762215631}, {4, 0.01823134433889498}, 
   {5, 0.07388587080744229}}, {4.921675933454563*^-11, 0.9933167669179187}}}
{6, 32, {{{-0.5244278410862133, 0, -0.00022370558227226536, 
    0.00022370558227226853}, {0, 0.9988830133130118, 
    -0.000023471072330052815, -0.000023471072330220243}, 
   {-0.0002237055822722558, -0.0000234710723301471, 0.00006342193258807331, 
    0.0005699658038988557}, {0.000223705582272283, -0.000023471072330242293, 
    0.0005699658038989269, 0.00006342193258828972}}, 
  {{-0.5244278410862133, 0.00022370558227228073, 0, -0.00022370558227227192}, 
   {0.00022370558227225172, 0.00006342193258812405, -0.00002347107233014016, 
    0.0005699658038987969}, {0, -0.000023471072330053533, 0.9988830133130115, 
    -0.00002347107233015093}, {-0.0002237055822722809, 0.0005699658038990207, 
    -0.000023471072330311058, 0.00006342193258837558}}, 
  {{-0.5244278410862138, -0.00022370558227226132, 0.00022370558227223888, 0}, 
   {-0.0002237055822722081, 0.0000634219325877719, 0.0005699658038990823, 
    -0.000023471072330230095}, {0.00022370558227221177, 
    0.0005699658038990832, 0.00006342193258782047, -0.000023471072330301328}, 
   {0, -0.000023471072330228916, -0.00002347107233016422, 
    0.9988830133130124}}}, 
 {{{0., 0.022462749044876214, 0.022462749044876214, 0.022462749044876263}, 
   {-0.022462749044876214, 0., -0.019143389497056837, 0.019143389497056747}, 
   {-0.022462749044876214, 0.019143389497056837, 0., -0.01914338949705672}, 
   {-0.022462749044876263, -0.019143389497056747, 0.01914338949705672, 0.}}, 
  {{0., 0.02246274904487624, 0.02246274904487621, 0.022462749044876294}, 
   {-0.02246274904487624, 0., -0.019143389497056854, 0.019143389497056754}, 
   {-0.02246274904487621, 0.019143389497056854, 0., -0.019143389497056774}, 
   {-0.022462749044876294, -0.019143389497056754, 0.019143389497056774, 
    0.}}}, {0, 0}, {{-1.5691492495299229, -1.5652585872675822}, 
  {-6.299173712816455, -1.573039911792262, -1.5765469446159657}, 
  {-1.5727524468229916, -1.568861784560651}, {{2, 0.005407015408425567}, 
   {3, 0.004236867659040376}, {4, 0.0033203050564283992}, 
   {5, 0.0026023578384318548}}, {{2, 0.2771042652893281}, 
   {3, 0.07825322762215664}, {4, 0.018231344338894912}, 
   {5, 0.07388587080744254}}, {4.921675933454551*^-11, 0.9933167669179189}}}
