{13, 20, {{{-0.5243360010343562, 0, -0.0002410309303325093, 
    0.0002410309303316642}, {0, 0.9994495984868933, -0.00024766826066668104, 
    -0.0002476682606676381}, {-0.00024103093033208976, 
    -0.0002476682606672713, 0.0000937480085246435, 0.0045567970880352054}, 
   {0.00024103093033306977, -0.00024766826067007416, 0.0045567970880426405, 
    0.00009374800851522525}}, {{-0.5243360010343556, 0.00024103093033272897, 
    0, -0.00024103093033143628}, {0.0002410309303324538, 
    0.00009374800852418944, -0.00024766826066753637, 0.004556797088040946}, 
   {0, -0.0002476682606663774, 0.9994495984868949, -0.00024766826066844363}, 
   {-0.0002410309303332956, 0.004556797088037428, -0.00024766826066917476, 
    0.0000937480085165302}}, {{-0.5243360010343538, -0.00024103093033249072, 
    0.0002410309303323217, 0}, {-0.0002410309303328005, 
    0.00009374800851416967, 0.0045567970880203154, -0.00024766826067015857}, 
   {0.00024103093033234723, 0.004556797088040235, 0.00009374800851180698, 
    -0.0002476682606693028}, {0, -0.0002476682606675372, 
    -0.00024766826066837056, 0.9994495984868955}}}, 
 {{{0, 0.02502565062114906, 0.025025650621149018, 0.025025650621149115}, 
   {-0.02502565062114906, 0, -0.004196682200735418, 0.004196682200730619}, 
   {-0.025025650621149018, 0.004196682200735418, 0, -0.004196682200730058}, 
   {-0.025025650621149115, -0.004196682200730619, 0.004196682200730058, 0}}, 
  {{0, 0.02502565062114913, 0.025025650621149066, 0.025025650621149257}, 
   {-0.02502565062114913, 0, -0.004196682200730257, 0.004196682200730741}, 
   {-0.025025650621149066, 0.004196682200730257, 0, -0.004196682200731813}, 
   {-0.025025650621149257, -0.004196682200730741, 0.004196682200731813, 0}}}, 
 {0, 0}, {{-1.5653519270114067, -1.556682787337747}, 
  {-6.298591130742699, -1.5747670345062619, -1.5745285308650878}, 
  {-1.5704133835277252, -1.5617442438540654}, {{2, 0.0027163283272367655}, 
   {3, 0.0005928333857999203}, {4, 0.0004266915671865025}, 
   {5, 0.0004102151132725812}, {6, 0.0003940053398015764}, 
   {7, 0.00037877616337567404}, {8, 0.00036442723865067004}, 
   {9, 0.00035105331718968645}, {10, 0.0003384462166427342}, 
   {11, 0.000326674280076893}, {12, 0.0003155487194379499}}, 
  {{2, 0.020857031738919566}, {3, 0.020774273863147785}, 
   {4, 0.020759662551865683}, {5, 0.02076958461388094}, 
   {6, 0.020774971068592916}, {7, 0.020788214827181496}, 
   {8, 0.02079414987994891}, {9, 0.020806563116380655}, 
   {10, 0.020812175971542925}, {11, 0.020823669121536263}, 
   {12, 0.02082896842041762}}, {5.463066632833318*^-15, 0.9967021317153353}}}
