{63, 20, {{{-0.5248722389284305, 0, -5.740197639358719*^-6, 
    5.740200369540258*^-6}, {0, 0.9999662374712075, 8.273366960331391*^-7, 
    8.273413683496754*^-7}, {-5.7402044262741366*^-6, 8.273355023854804*^-7, 
    5.6876030402747135*^-8, 0.0003135743520808526}, 
   {5.740201696002013*^-6, 8.273308289139775*^-7, 0.0003135743520861694, 
    5.687603083295856*^-8}}, {{-0.5248722389284309, 5.740197388217311*^-6, 0, 
    -5.740201692890004*^-6}, {5.740204677526964*^-6, 5.687603251043616*^-8, 
    8.273366908189398*^-7, 0.00031357435208504184}, 
   {0, 8.273355075915685*^-7, 0.9999662374712074, 8.273444229135315*^-7}, 
   {-5.740200372659614*^-6, 0.00031357435208298847, 8.27327774350943*^-7, 
    5.687603082948911*^-8}}, {{-0.5248722389284313, -5.740204677885959*^-6, 
    5.740204428492764*^-6, 0}, {-5.7401973876752196*^-6, 
    5.6876030402747135*^-8, 0.00031357435208742904, 8.273413720314497*^-7}, 
   {5.740197636980655*^-6, 0.0003135743520945246, 5.687603182868983*^-8, 
    8.273444245435236*^-7}, {0, 8.273308254865908*^-7, 8.273277729772169*^-7, 
    0.9999662374712052}}}, 
 {{{0., 0.003551170757661927, 0.003551170757672902, 0.003551170757662964}, 
   {-0.003551170757661927, 0., -0.003462799751622038, 0.0034627997516211767}, 
   {-0.003551170757672902, 0.003462799751622038, 0., -0.0034627997516105975}, 
   {-0.003551170757662964, -0.0034627997516211767, 0.0034627997516105975, 
    0.}}, {{0., 0.003551170757668741, 0.003551170757657397, 
    0.0035511707576714522}, {-0.003551170757668741, 0., 
    -0.003462799751616649, 0.0034627997516126297}, 
   {-0.003551170757657397, 0.003462799751616649, 0., -0.0034627997516236578}, 
   {-0.0035511707576714522, -0.0034627997516126297, 0.0034627997516236578, 
    0.}}}, {0, 0}, {{-1.5745890845679469, -1.57457678295159}, 
  {-0.7873249551450263, -0.3936778590048984, 0.000015381432385219718}, 
  {-1.5746012331212318, -1.574588931504875}, {{2, 0.00021415853448236797}, 
   {3, 0.00018584909658440028}, {4, 0.0001612993118461502}, 
   {5, 0.00013998964212144334}, {6, 0.00012150739512431855}, 
   {7, 0.00010546400655120965}, {8, 0.00009155077880264274}, 
   {9, 0.00007947159277440444}, {10, 0.00006899736818049597}, 
   {11, 0.00005990205261128959}, {12, 0.000052016168046571665}, 
   {13, 0.00004516677913234167}, {14, 0.000039228970645773485}, 
   {15, 0.0000340700951700257}, {16, 0.000029598509321059757}, 
   {17, 0.000025712147723564067}, {18, 0.00002234416907782085}, 
   {19, 0.000019415748538646922}, {20, 0.00001687849851403963}, 
   {21, 0.000014671281382720898}, {22, 0.000012759408816734145}, 
   {23, 0.000011095228624227217}, {24, 9.654194117126886*^-6}, 
   {25, 8.398957742490089*^-6}, {26, 7.312455001717497*^-6}, 
   {27, 6.3652333092295045*^-6}, {28, 5.545724599489814*^-6}, 
   {29, 4.830543973357616*^-6}, {30, 4.212139116349482*^-6}, 
   {31, 4.03560925632372*^-6}, {32, 3.872741738044716*^-6}, 
   {33, 3.714317303338537*^-6}, {34, 3.560529042809181*^-6}, 
   {35, 3.411522729166415*^-6}, {36, 3.2673771499953648*^-6}, 
   {37, 3.1281405439673887*^-6}, {38, 2.9938111518202086*^-6}, 
   {39, 2.86436896821139*^-6}, {40, 2.739756850559847*^-6}, 
   {41, 2.6199083160122856*^-6}, {42, 2.5047294406834353*^-6}, 
   {43, 2.3941232962689917*^-6}, {44, 2.2879728047552755*^-6}, 
   {45, 2.186162315582574*^-6}, {46, 2.0885614835353637*^-6}, 
   {47, 1.9950443991189*^-6}, {48, 1.9054745405490707*^-6}, 
   {49, 1.8197217819138772*^-6}, {50, 1.7376484136388901*^-6}, 
   {51, 1.6591243320595596*^-6}, {52, 1.584014103604356*^-6}, 
   {53, 1.51219054193532*^-6}, {54, 1.4435227998047017*^-6}, 
   {55, 1.377888536684222*^-6}, {56, 1.3151629811742347*^-6}, 
   {57, 1.2552298423972041*^-6}, {58, 1.197971288462293*^-6}, 
   {59, 1.1432777766294424*^-6}, {60, 1.0910388696372115*^-6}, 
   {61, 1.0411520935064283*^-6}, {62, 9.93514537097034*^-7}}, 
  {{2, 0.0003397483076950828}, {3, 0.0003066396520000702}, 
   {4, 0.0002778969411652753}, {5, 0.0002529599196194188}, 
   {6, 0.00023131105044054716}, {7, 0.00021252886872798828}, 
   {8, 0.00019622031664800105}, {9, 0.00018207139260172558}, 
   {10, 0.00016978317957495865}, {11, 0.0001591222220099504}, 
   {12, 0.00014986081471207144}, {13, 0.0001418258219281921}, 
   {14, 0.00013484342907739812}, {15, 0.00012878563079988162}, 
   {16, 0.00012351942173589493}, {17, 0.00011895052614912952}, 
   {18, 0.0001149768693151532}, {19, 0.000111529352383377}, 
   {20, 0.0001085293706165238}, {21, 0.00010592658922598487}, 
   {22, 0.00010366023745677501}, {23, 0.00010169393899147057}, 
   {24, 0.0000999804976446585}, {25, 0.00009849389673405028}, 
   {26, 0.0000971972936962842}, {27, 0.00009607233844299186}, 
   {28, 0.00009509010450740945}, {29, 0.00009423789504514402}, 
   {30, 0.0000934928532720962}, {31, 0.00009284643210097625}, 
   {32, 0.00009228044414730406}, {33, 0.00009178937092009401}, 
   {34, 0.00009135863099256239}, {35, 0.00009098489987121874}, 
   {36, 0.00009065639309951887}, {37, 0.00009037136024880796}, 
   {38, 0.00009012019718741566}, {39, 0.00008990226831643489}, 
   {40, 0.00008970967868993326}, {41, 0.00008954256849793264}, 
   {42, 0.00008939439102166298}, {43, 0.00008926581300288598}, 
   {44, 0.00008915135851814658}, {45, 0.00008905203863223172}, 
   {46, 0.0000889632341927569}, {47, 0.00008888616827562185}, 
   {48, 0.00008881691268807647}, {49, 0.00008875680731320899}, 
   {50, 0.00008870248583652215}, {51, 0.00008865533725992722}, 
   {52, 0.00008861245611105494}, {53, 0.00008857523315936155}, 
   {54, 0.00008854114420897455}, {55, 0.00008851154941702095}, 
   {56, 0.00008848424278642457}, {57, 0.00008846053244683053}, 
   {58, 0.0000884384802294188}, {59, 0.00008841932879941061}, 
   {60, 0.00008840136727897375}, {61, 0.00008838576518814742}, 
   {62, 0.00008837100604810573}}, {1.7241072026199532*^-15, 
   0.9997974419250958}}}
