{3, 20, {{{-0.5248745544014055, 0, -4.639216114336183*^-6, 
    4.639216113337003*^-6}, {0, 0.9999745907363129, 3.6753686391612444*^-7, 
    3.675368636833513*^-7}, {-4.639216113665909*^-6, 3.675368624452839*^-7, 
    3.189224613182884*^-7, 0.0000831206187786615}, 
   {4.639216114072971*^-6, 3.6753686482709313*^-7, 0.00008312061877333475, 
    3.189224594187662*^-7}}, {{-0.5248745544014053, 4.639216114178136*^-6, 0, 
    -4.639216113341379*^-6}, {4.639216113878339*^-6, 3.189224577516969*^-7, 
    3.675368624741*^-7, 0.00008312061877819154}, {0, 3.6753686392357833*^-7, 
    0.9999745907363142, 3.6753686470537026*^-7}, {-4.6392161140671005*^-6, 
    0.00008312061877258377, 3.6753686383966235*^-7, 3.1892246105114097*^-7}}, 
  {{-0.5248745544014048, -4.639216114176478*^-6, 4.639216114345534*^-6, 0}, 
   {-4.6392161137801265*^-6, 3.1892246219605846*^-7, 0.00008312061877512148, 
    3.6753686510905515*^-7}, {4.639216113565435*^-6, 0.00008312061877985302, 
    3.18922457581694*^-7, 3.6753686400189796*^-7}, 
   {0, 3.6753686362384556*^-7, 3.67536864715325*^-7, 0.999974590736315}}}, 
 {{{0., 0.0031575357774817877, 0.00315753577748068, 0.003157535777482759}, 
   {-0.0031575357774817877, 0., -0.002984259626428033, 0.002984259626423791}, 
   {-0.00315753577748068, 0.002984259626428033, 0., -0.0029842596264249522}, 
   {-0.003157535777482759, -0.002984259626423791, 0.0029842596264249522, 
    0.}}, {{0., 0.003157535777481693, 0.0031575357774806653, 
    0.0031575357774825006}, {-0.003157535777481693, 0., 
    -0.0029842596264263895, 0.0029842596264234847}, 
   {-0.0031575357774806653, 0.0029842596264263895, 0., 
    -0.002984259626424626}, {-0.0031575357774825006, -0.0029842596264234847, 
    0.002984259626424626, 0.}}}, {0, 0}, 
 {{-1.574602625248123, -1.5745916872233359}, {-0.7873255698122301, 
   -0.3936742097087619, 0.000011424802646819998}, 
  {-1.5746132631498122, -1.5746023251250252}, {{2, 0.00007183930775224792}}, 
  {{2, 0.00017327615105646824}}, {7.063494653148116*^-16, 
   0.9998475541020163}}}
