{29, 40, {{{-0.5240956112445074, 0, -0.0004790970219815657, 
    0.00047909702198156446}, {0, 0.9974269701713361, 0.00011476630206199107, 
    0.00011476630206187636}, {-0.00047909702198154316, 
    0.00011476630206205541, -0.00004360142674459701, 0.0011550707308245341}, 
   {0.00047909702198156625, 0.00011476630206187294, 0.0011550707308245643, 
    -0.000043601426744253966}}, {{-0.5240956112445074, 0.0004790970219815685, 
    0, -0.0004790970219815652}, {0.00047909702198153893, 
    -0.00004360142674447384, 0.00011476630206206582, 0.0011550707308245539}, 
   {0, 0.00011476630206199454, 0.997426970171336, 0.00011476630206186258}, 
   {-0.0004790970219815696, 0.0011550707308245554, 0.00011476630206189392, 
    -0.00004360142674447731}}, 
  {{-0.5240956112445077, -0.00047909702198151806, 0.0004790970219815104, 0}, 
   {-0.00047909702198146905, -0.00004360142674469285, 0.0011550707308245413, 
    0.00011476630206187918}, {0.0004790970219814696, 0.001155070730824602, 
    -0.00004360142674447731, 0.00011476630206189497}, 
   {0, 0.00011476630206186646, 0.00011476630206184841, 0.9974269701713363}}}, 
 {{{0., 0.029694784122247624, 0.02969478412224766, 0.029694784122247804}, 
   {-0.029694784122247624, 0., -0.030845195798289343, 0.030845195798289267}, 
   {-0.02969478412224766, 0.030845195798289343, 0., -0.030845195798289246}, 
   {-0.029694784122247804, -0.030845195798289267, 0.030845195798289246, 0.}}, 
  {{0., 0.029694784122247665, 0.02969478412224762, 0.02969478412224786}, 
   {-0.029694784122247665, 0., -0.030845195798289222, 0.03084519579828947}, 
   {-0.02969478412224762, 0.030845195798289222, 0., -0.030845195798289482}, 
   {-0.02969478412224786, -0.03084519579828947, 0.030845195798289482, 0.}}}, 
 {0, 0}, {{-1.5636860309485763, -1.5564854284738463}, 
  {-6.29839324740473, -1.5708866334233114, -1.5783099902790538}, 
  {-1.571026113426386, -1.5638255109516561}, {{2, 0.005017473710123959}, 
   {3, 0.003937851220625474}, {4, 0.003090837009068592}, 
   {5, 0.0024262989622035706}, {6, 0.0019048638182247307}, 
   {7, 0.0014956525461438872}, {8, 0.0011744612984212442}, 
   {9, 0.0009223200383325914}, {10, 0.0007243585689937146}, 
   {11, 0.0005689175506591038}, {12, 0.00044685264606799877}, 
   {13, 0.00035099008259605394}, {14, 0.0002757006358994826}, 
   {15, 0.0002165661520787017}, {16, 0.00017011838384604905}, 
   {17, 0.00013363436087391461}, {18, 0.00010497598454980994}, 
   {19, 0.00008246423977709139}, {20, 0.00006478051992658829}, 
   {21, 0.00005088919907258321}, {22, 0.000039976862405418506}, 
   {23, 0.00003140460195556402}, {24, 0.0000246705629560022}, 
   {25, 0.00001938053463283046}, {26, 0.00001522485537950452}, 
   {27, 0.000011960275173288765}, {28, 9.39571030640629*^-6}}, 
  {{2, 0.8493414767302101}, {3, 0.503229602260314}, {4, 0.3352540969871347}, 
   {5, 0.23831924221383263}, {6, 0.17672278874734865}, 
   {7, 0.13515310610935327}, {8, 0.10594615484905323}, 
   {9, 0.08483945498210133}, {10, 0.06927403044819772}, 
   {11, 0.05762249741087961}, {12, 0.048802865871959346}, 
   {13, 0.04207027656700733}, {14, 0.036897672454848846}, 
   {15, 0.032903901913058343}, {16, 0.029808522101537994}, 
   {17, 0.027402338785130348}, {18, 0.025527597441247524}, 
   {19, 0.02406430414787314}, {20, 0.022920562030202388}, 
   {21, 0.02202561151045751}, {22, 0.021324735901701947}, 
   {23, 0.02077548167193}, {24, 0.0203448226453578}, 
   {25, 0.020007012869441426}, {26, 0.019741948778236068}, 
   {27, 0.0195339123210417}, {28, 0.01937060177480345}}, 
  {8.612419752837291*^-10, 0.9846607882283112}}}
