{12, 32, {{{-0.5115381138260413, 0, -0.00926178783800247, 
    0.009261787838002439}, {0, 0.95685328789152, 0.0017315043694845623, 
    0.0017315043694845684}, {-0.009261787838002432, 0.001731504369484456, 
    -0.000014500164050880275, 0.02066911976967445}, 
   {0.009261787838002444, 0.001731504369484476, 0.020669119769674477, 
    -0.00001450016405093145}}, {{-0.5115381138260412, 0.00926178783800248, 0, 
    -0.009261787838002453}, {0.009261787838002432, -0.000014500164050891984, 
    0.001731504369484447, 0.020669119769674456}, {0, 0.0017315043694845745, 
    0.9568532878915201, 0.0017315043694845532}, {-0.009261787838002451, 
    0.020669119769674445, 0.0017315043694844953, -0.000014500164050912367}}, 
  {{-0.5115381138260413, -0.009261787838002432, 0.009261787838002428, 0}, 
   {-0.0092617878380024, -0.000014500164050941858, 0.02066911976967447, 
    0.0017315043694845571}, {0.009261787838002397, 0.020669119769674497, 
    -0.000014500164050967879, 0.0017315043694845745}, 
   {0, 0.0017315043694844526, 0.0017315043694844396, 0.9568532878915201}}}, 
 {{{0., 0.06201197936822023, 0.06201197936822023, 0.06201197936822027}, 
   {-0.06201197936822023, 0., -0.06306599887143421, 0.06306599887143396}, 
   {-0.06201197936822023, 0.06306599887143421, 0., -0.06306599887143395}, 
   {-0.06201197936822027, -0.06306599887143396, 0.06306599887143395, 0.}}, 
  {{0., 0.06201197936822022, 0.06201197936822024, 0.06201197936822038}, 
   {-0.06201197936822022, 0., -0.063065998871434, 0.06306599887143428}, 
   {-0.06201197936822024, 0.063065998871434, 0., -0.06306599887143427}, 
   {-0.06201197936822038, -0.06306599887143428, 0.06306599887143427, 0.}}}, 
 {0, 0}, {{-1.4004553898259986, -1.3209735446076851}, 
  {-6.2869711941430415, -1.4799372350443165, -1.6635483620272042}, 
  {-1.4806127127170567, -1.4011308674987433}, {{2, 0.03037613852224086}, 
   {3, 0.012856186853248922}, {4, 0.005573032490911581}, 
   {5, 0.0024433694257041394}, {6, 0.0010767727257813414}, 
   {7, 0.00047561960606577747}, {8, 0.0002103005390578505}, 
   {9, 0.00009302899204202686}, {10, 0.00004116078312813021}, 
   {11, 0.00001821325748263547}}, {{2, 0.10621518355701023}, 
   {3, 0.04549564208230726}, {4, 0.023836296863682827}, 
   {5, 0.015076317655920855}, {6, 0.011347648066719862}, 
   {7, 0.009725492585834581}, {8, 0.00901301921297945}, 
   {9, 0.00869877726486232}, {10, 0.008559921939509675}, 
   {11, 0.008498515238122005}}, {6.291753106192551*^-8, 0.7674889317323843}}}
