{13, 32, {{{-0.5115363889125905, 0, -0.009262598194267384, 
    0.00926259819426735}, {0, 0.956851042404542, 0.0017308581226571128, 
    0.001730858122657098}, {-0.009262598194267318, 0.0017308581226569849, 
    -0.000013649636425235988, 0.02067084892084768}, 
   {0.009262598194267325, 0.0017308581226569823, 0.020670848920847654, 
    -0.000013649636425298872}}, {{-0.5115363889125906, 0.009262598194267387, 
    0, -0.009262598194267349}, {0.00926259819426732, 
    -0.000013649636425229483, 0.0017308581226569962, 0.020670848920847706}, 
   {0, 0.0017308581226571067, 0.9568510424045418, 0.0017308581226570963}, 
   {-0.009262598194267321, 0.020670848920847657, 0.0017308581226569814, 
    -0.000013649636425278056}}, {{-0.5115363889125906, -0.009262598194267304, 
    0.009262598194267297, 0}, {-0.009262598194267283, 
    -0.000013649636425294535, 0.02067084892084769, 0.0017308581226570816}, 
   {0.009262598194267278, 0.020670848920847733, -0.0000136496364252503, 
    0.0017308581226570684}, {0, 0.0017308581226569684, 0.0017308581226569883, 
    0.9568510424045418}}}, 
 {{{0., 0.062016009124229485, 0.06201600912422949, 0.06201600912422954}, 
   {-0.062016009124229485, 0., -0.06306672766563771, 0.06306672766563735}, 
   {-0.06201600912422949, 0.06306672766563771, 0., -0.06306672766563735}, 
   {-0.06201600912422954, -0.06306672766563735, 0.06306672766563735, 0.}}, 
  {{0., 0.06201600912422947, 0.06201600912422946, 0.06201600912422962}, 
   {-0.06201600912422947, 0., -0.06306672766563744, 0.0630667276656377}, 
   {-0.06201600912422946, 0.06306672766563744, 0., -0.06306672766563773}, 
   {-0.06201600912422962, -0.0630667276656377, 0.06306672766563773, 0.}}}, 
 {0, 0}, {{-1.4004433268121839, -1.3209563165846774}, 
  {-6.2869603972636146, -1.4799303370396917, -1.6635498615921156}, 
  {-1.4806036992620153, -1.4011166890345088}, {{2, 0.030376138522240845}, 
   {3, 0.012856186853248935}, {4, 0.005573032490911581}, 
   {5, 0.0024433694257041394}, {6, 0.0010767727257813414}, 
   {7, 0.00047561960606579134}, {8, 0.0002103005390578505}, 
   {9, 0.00009302899204202686}, {10, 0.00004116078312815796}, 
   {11, 0.00001821325748263547}, {12, 8.059512018557258*^-6}}, 
  {{2, 0.1062151835570102}, {3, 0.04549564208230719}, 
   {4, 0.023836296863682833}, {5, 0.015076317655920888}, 
   {6, 0.011347648066719923}, {7, 0.009725492585834772}, 
   {8, 0.009013019212979423}, {9, 0.008698777264862451}, 
   {10, 0.008559921939509616}, {11, 0.00849851523812202}, 
   {12, 0.008471349222934157}}, {6.292189365896665*^-8, 0.7674781252086689}}}
