{8, 32, {{{-0.5248602185300433, 0, -6.214921528222444*^-6, 
    6.2149215282472554*^-6}, {0, 0.9999664607158573, 1.3124392849855606*^-6, 
    1.312439285139383*^-6}, {-6.214921528194351*^-6, 1.3124392840517598*^-6, 
    -3.8671792319594153*^-7, 0.000015158569409662509}, 
   {6.214921528226921*^-6, 1.3124392848909445*^-6, 0.00001515856941020949, 
    -3.86717923128721*^-7}}, {{-0.5248602185300432, 6.214921528228923*^-6, 0, 
    -6.2149215282489605*^-6}, {6.214921528179523*^-6, 
    -3.8671792284422635*^-7, 1.3124392840427012*^-6, 0.00001515856940994768}, 
   {0, 1.3124392849837624*^-6, 0.9999664607158574, 1.3124392850539319*^-6}, 
   {-6.214921528230664*^-6, 0.000015158569410318927, 1.3124392849808401*^-6, 
    -3.867179234895435*^-7}}, {{-0.5248602185300432, -6.214921528193211*^-6, 
    6.21492152819036*^-6, 0}, {-6.214921528143335*^-6, 
    -3.8671792363786234*^-7, 0.00001515856941056435, 1.3124392849028148*^-6}, 
   {6.214921528151973*^-6, 0.000015158569409769982, -3.86717923128721*^-7, 
    1.3124392849919104*^-6}, {0, 1.3124392851393403*^-6, 
    1.3124392850588417*^-6, 0.9999664607158592}}}, 
 {{{0., 0.0017164898142606154, 0.001716489814260615, 0.0017164898142606102}, 
   {-0.0017164898142606154, 0., -0.0017523589324292756, 
    0.0017523589324286673}, {-0.001716489814260615, 0.0017523589324292756, 
    0., -0.001752358932428664}, {-0.0017164898142606102, 
    -0.0017523589324286673, 0.001752358932428664, 0.}}, 
  {{0., 0.0017164898142606182, 0.0017164898142606156, 0.0017164898142606102}, 
   {-0.0017164898142606182, 0., -0.001752358932429155, 
    0.0017523589324287536}, {-0.0017164898142606156, 0.001752358932429155, 
    0., -0.001752358932428693}, {-0.0017164898142606102, 
    -0.0017523589324287536, 0.001752358932428693, 0.}}}, {0, 0}, 
 {{-1.5744712772474472, -1.5744058702009305}, 
  {-6.298446888476361, -1.5745366842939645, -1.574686759944216}, 
  {-1.5745373676924506, -1.5744719606459339}, {{2, 0.0008189764712472668}, 
   {3, 0.0003206137380083471}, {4, 0.00012551571965971169}, 
   {5, 0.00004913787882995053}, {6, 0.00001923692361756454}, 
   {7, 7.531044360574099*^-6}}, {{2, 0.10197936368394828}, 
   {3, 0.042260331780954785}, {4, 0.021988454661708817}, 
   {5, 0.014459244676685643}, {6, 0.011570489091713092}, 
   {7, 0.010448392373276272}}, {2.895598880570011*^-17, 0.9997987811676469}}}
