{3, 20, {{{-0.5248747019674246, 0, -4.518147847130004*^-6, 
    4.518147848291511*^-6}, {0, 0.9999740502109945, 6.034849596268294*^-7, 
    6.034849607592616*^-7}, {-4.518147847329114*^-6, 6.034849626564494*^-7, 
    2.5659115278180156*^-7, 0.00008332544724959548}, 
   {4.5181478470306105*^-6, 6.034849614677657*^-7, 0.00008332544725275113, 
    2.565911498293022*^-7}}, {{-0.5248747019674241, 4.518147847152412*^-6, 0, 
    -4.5181478483026465*^-6}, {4.518147847274821*^-6, 2.5659115001838706*^-7, 
    6.034849626419245*^-7, 0.00008332544724907006}, 
   {0, 6.034849595737272*^-7, 0.9999740502109946, 6.034849613400745*^-7}, 
   {-4.518147847017301*^-6, 0.00008332544725299738, 6.034849608507501*^-7, 
    2.5659114941123384*^-7}}, {{-0.5248747019674237, -4.518147847212811*^-6, 
    4.518147847199217*^-6, 0}, {-4.5181478471002764*^-6, 
    2.565911519213787*^-7, 0.00008332544725062958, 6.034849617441644*^-7}, 
   {4.518147847137163*^-6, 0.00008332544725255034, 2.565911495777673*^-7, 
    6.034849612462549*^-7}, {0, 6.034849607113703*^-7, 6.034849612582499*^-7, 
    0.9999740502109942}}}, 
 {{{0., 0.003130809152792666, 0.0031308091527924298, 0.0031308091527909214}, 
   {-0.003130809152792666, 0., -0.0030397366905029442, 0.003039736690505491}, 
   {-0.0031308091527924298, 0.0030397366905029442, 0., 
    -0.003039736690505334}, {-0.0031308091527909214, -0.003039736690505491, 
    0.003039736690505334, 0.}}, {{0., 0.003130809152792728, 
    0.0031308091527923396, 0.0031308091527908733}, 
   {-0.003130809152792728, 0., -0.0030397366905033085, 
    0.0030397366905051647}, {-0.0031308091527923396, 0.0030397366905033085, 
    0., -0.003039736690505635}, {-0.0031308091527908733, 
    -0.0030397366905051647, 0.003039736690505635, 0.}}}, {0, 0}, 
 {{-1.574601805195772, -1.5745909597547292}, {-0.7873255945925008, 
   -0.39367437311086195, 0.000011575814611530788}, 
  {-1.574612492894683, -1.5746016474536402}, {{2, 0.00007439573215183449}}, 
  {{2, 0.00009107246228734691}}, {7.88888805672457*^-16, 0.9998443113664904}}}
