{3, 28, {{{0, 0, 0, 0}, {0, 0, 0, 0}, {0, 0, 0, 0}, {0, 0, 0, 0}}, 
  {{0, 0, 0, 0}, {0, 0, 0, 0}, {0, 0, 0, 0}, {0, 0, 0, 0}}, 
  {{0, 0, 0, 0}, {0, 0, 0, 0}, {0, 0, 0, 0}, {0, 0, 0, 0}}}, 
 {{{0., 0.2886751345928128, 0.28867513459319044, 0.2886751345984354}, 
   {-0.2886751345928128, 0., -0.2886751345984352, 0.28867513459319044}, 
   {-0.28867513459319044, 0.2886751345984352, 0., -0.2886751345928129}, 
   {-0.2886751345984354, -0.28867513459319044, 0.2886751345928129, 0.}}, 
  {{0., 0.2886751345930254, 0.28867513459316363, 0.2886751345982496}, 
   {-0.2886751345930254, 0., -0.2886751345982494, 0.2886751345931635}, 
   {-0.28867513459316363, 0.2886751345982494, 0., -0.2886751345930255}, 
   {-0.2886751345982496, -0.2886751345931635, 0.2886751345930255, 0.}}}, 
 {0, 0}, {{-0.11999999999999988, 0.010000000000000057}, 
  {-0.2400000000000018, -0.24999999999999997, 0.12999999999999906}, 
  {-0.24999999999999986, -0.11999999999999991}, 
  {{2, 3.946731830239969*^-12}}, {{2, 1.2952601953960158*^-16}}, 
  {0.0005787037037037031, 0}}}
