{3, 28, {{{0, 0, 0, 0}, {0, 0, 0, 0}, {0, 0, 0, 0}, {0, 0, 0, 0}}, 
  {{0, 0, 0, 0}, {0, 0, 0, 0}, {0, 0, 0, 0}, {0, 0, 0, 0}}, 
  {{0, 0, 0, 0}, {0, 0, 0, 0}, {0, 0, 0, 0}, {0, 0, 0, 0}}}, 
 {{{0., -0.2886751345948132, -0.2886751345948132, -0.2886751345948122}, 
   {0.2886751345948132, 0., 0.28867513459481264, -0.288675134594813}, 
   {0.2886751345948132, -0.28867513459481264, 0., 0.288675134594813}, 
   {0.2886751345948122, 0.288675134594813, -0.288675134594813, 0.}}, 
  {{0., -0.2886751345948133, -0.2886751345948133, -0.2886751345948121}, 
   {0.2886751345948133, 0., 0.2886751345948123, -0.2886751345948131}, 
   {0.2886751345948133, -0.2886751345948123, 0., 0.2886751345948131}, 
   {0.2886751345948121, 0.2886751345948131, -0.2886751345948131, 0.}}}, 
 {0, 0}, {{-0.4399999999999999, -0.6300000000000002}, 
  {-0.8799999999999872, -0.24999999999999997, -0.18999999999999365}, 
  {-0.24999999999999983, -0.44000000000000017}, 
  {{2, 6.661338147750939*^-16}}, {{2, 2.5905203907920316*^-16}}, 
  {0.0005787037037037033, 0}}}
