{3, 20, {{{0, 0, 0, 0}, {0, 0, 0, 0}, {0, 0, 0, 0}, {0, 0, 0, 0}}, 
  {{0, 0, 0, 0}, {0, 0, 0, 0}, {0, 0, 0, 0}, {0, 0, 0, 0}}, 
  {{0, 0, 0, 0}, {0, 0, 0, 0}, {0, 0, 0, 0}, {0, 0, 0, 0}}}, 
 {{{0., 0.5773502691896353, 0.5773502691896351, 0.5773502691896066}, 
   {-0.5773502691896353, 0., -0.5773502691896455, 0.5773502691896157}, 
   {-0.5773502691896351, 0.5773502691896455, 0., -0.5773502691896161}, 
   {-0.5773502691896066, -0.5773502691896157, 0.5773502691896161, 0.}}, 
  {{0., 0.5773502691896566, 0.577350269189657, 0.5773502691895633}, 
   {-0.5773502691896566, 0., -0.5773502691896883, 0.5773502691895945}, 
   {-0.577350269189657, 0.5773502691896883, 0., -0.5773502691895944}, 
   {-0.5773502691895633, -0.5773502691895945, 0.5773502691895944, 0.}}}, 
 {0, 0}, {{-0.996, -0.9919999999999993}, {-1.0020000000000022, 
   -0.9999999999999998, 0.49899999999999867}, {-1., -0.9959999999999993}, 
  {{2, 1.0502709812953981*^-13}}, {{2, 5.4511950509095186*^-14}}, 
  {0.03703703703703704, 0}}}
{101, 20, {{{-0.5248385848813761, 0, -0.000023007673080891294, 
    0.000023007688957501182}, {0, 0.9998552598178807, 4.614423080918261*^-6, 
    4.614445586523876*^-6}, {-0.000023007715159170136, 4.614416316207914*^-6, 
    -3.2321005408002257*^-7, 0.0014134550458348833}, 
   {0.000023007699282123192, 4.6143938097767065*^-6, 0.0014134550458388124, 
    -3.232100559604628*^-7}}, {{-0.524838584881376, 0.000023007676437553298, 
    0, -0.000023007699205449092}, {0.000023007711802519208, 
    -3.2321005506187606*^-7, 4.6144230123239065*^-6, 0.0014134550458356479}, 
   {0, 4.6144163847916975*^-6, 0.9998552598178814, 4.614441149412466*^-6}, 
   {-0.000023007689034168492, 0.0014134550458388586, 4.614398246923051*^-6, 
    -3.2321005619118104*^-7}}, 
  {{-0.5248385848813772, -0.00002300771185368046, 0.000023007715184801956, 
    0}, {-0.00002300767638626504, -3.232100527304077*^-7, 
    0.001413455045834991, 4.61444561263225*^-6}, {0.000023007673055105483, 
    0.0014134550458431137, -3.2321005469237996*^-7, 4.6144411926418415*^-6}, 
   {0, 4.61439378395055*^-6, 4.614398203969807*^-6, 0.999855259817884}}}, 
 {{{0., 0.007142787611810888, 0.007142787611888236, 0.007142787612038315}, 
   {-0.007142787611810888, 0., -0.007146648293263813, 0.007146648293048178}, 
   {-0.007142787611888236, 0.007146648293263813, 0., -0.007146648292957807}, 
   {-0.007142787612038315, -0.007146648293048178, 0.007146648292957807, 0.}}, 
  {{0., 0.007142787612014754, 0.007142787611936629, 0.007142787611785988}, 
   {-0.007142787612014754, 0., -0.00714664829291647, 0.007146648293131181}, 
   {-0.007142787611936629, 0.00714664829291647, 0., -0.007146648293222483}, 
   {-0.007142787611785988, -0.007146648293131181, 0.007146648293222483, 
    0.}}}, {0, 0}, {{-1.574391430507455, -1.5743419438232495}, 
  {-0.7873248119518594, -0.39372660379342117, 0.00006419781749145148}, 
  {-1.5744409305654528, -1.5743914438812474}, {{2, 0.0004450358677475447}, 
   {3, 0.0003863739523278795}, {4, 0.0003355498107468933}, 
   {5, 0.00029141578568239474}, {6, 0.0002531661466946}, 
   {7, 0.00021994914563217352}, {8, 0.00019116804148111653}, 
   {9, 0.00016616339201082006}, {10, 0.00014450280375916374}, 
   {11, 0.0001256741635421955}, {12, 0.0001093672178115769}, 
   {13, 0.0000951826810661055}, {14, 0.00008290071930330909}, 
   {15, 0.00007220849269277529}, {16, 0.00006295282449034906}, 
   {17, 0.000054887194474403586}, {18, 0.00004790733381350616}, 
   {19, 0.00004181771045058506}, {20, 0.000036549740651085905}, 
   {21, 0.00003194720854658977}, {22, 0.00002796738992377583}, 
   {23, 0.000024484497740953452}, {24, 0.000022730741223006687}, 
   {25, 0.000022016697005447635}, {26, 0.000021300073052108663}, 
   {27, 0.000020585420933463914}, {28, 0.00001987633473411049}, 
   {29, 0.000019175959165248276}, {30, 0.000018486688901937732}, 
   {31, 0.000017810619039934595}, {32, 0.000017149257743678337}, 
   {33, 0.00001650392582275696}, {34, 0.000015875484313630697}, 
   {35, 0.000015264689494020982}, {36, 0.000014671936500398235}, 
   {37, 0.000014097575409670457}, {38, 0.000013541671469916071}, 
   {39, 0.00001300428714728105}, {40, 0.000012485259077577113}, 
   {41, 0.000011984450311669503}, {42, 0.0000115015437181969}, 
   {43, 0.00001103626805649678}, {44, 0.00001058820730352782}, 
   {45, 0.00001015700365252707}, {46, 9.74218205426953*^-6}, 
   {47, 9.343332811213249*^-6}, {48, 8.959950514837202*^-6}, 
   {49, 8.591598503014577*^-6}, {50, 8.237761317433272*^-6}, 
   {51, 7.89799302586768*^-6}, {52, 7.5717822658077395*^-6}, 
   {53, 7.258686163419056*^-6}, {54, 6.958207056570725*^-6}, 
   {55, 6.669913511464119*^-6}, {56, 6.393327848695828*^-6}, 
   {57, 6.128035578468333*^-6}, {58, 5.873582870662966*^-6}, 
   {59, 5.6295755823097295*^-6}, {60, 5.395585863008333*^-6}, 
   {61, 5.17124181589044*^-6}, {62, 4.956142468091115*^-6}, 
   {63, 4.749938990428453*^-6}, {64, 4.552257322540561*^-6}, 
   {65, 4.362771769973392*^-6}, {66, 4.181134631213966*^-6}, 
   {67, 4.007042903669865*^-6}, {68, 3.84017429574013*^-6}, 
   {69, 3.6802477059983373*^-6}, {70, 3.526965058331215*^-6}, 
   {71, 3.380066146344571*^-6}, {72, 3.2392757729734004*^-6}, 
   {73, 3.1043534954042565*^-6}, {74, 2.9750455925261782*^-6}, 
   {75, 2.851130188567721*^-6}, {76, 2.7323736176429816*^-6}, 
   {77, 2.618571358060061*^-6}, {78, 2.5095084005923897*^-6}, 
   {79, 2.404996385072227*^-6}, {80, 2.304837599614081*^-6}, 
   {81, 2.2088586819582912*^-6}, {82, 2.1168779253345673*^-6}, 
   {83, 2.028735856961141*^-6}, {84, 1.9442655457833132*^-6}, 
   {85, 1.8633203528212617*^-6}, {86, 1.7857469709018237*^-6}, 
   {87, 1.711410606683797*^-6}, {88, 1.6401704973937822*^-6}, 
   {89, 1.5719027660783796*^-6}, {90, 1.5064781899306549*^-6}, 
   {91, 1.4437829456211571*^-6}, {92, 1.383698422195278*^-6}, 
   {93, 1.3261200456191231*^-6}, {94, 1.2709389584828444*^-6}, 
   {95, 1.21805909392321*^-6}, {96, 1.1673805424274823*^-6}, 
   {97, 1.1188150629089146*^-6}, {98, 1.072270969291458*^-6}, 
   {99, 1.0276672046034309*^-6}, {100, 9.849196296869527*^-7}}, 
  {{2, 0.0005273478487447642}, {3, 0.0004585906487221459}, 
   {4, 0.0003988466200636901}, {5, 0.0003470086575840175}, 
   {6, 0.00030196019313681523}, {7, 0.0002628694206674675}, 
   {8, 0.00022887875986652798}, {9, 0.00019937888123885365}, 
   {10, 0.00017370937849627704}, {11, 0.00015142662326354732}, 
   {12, 0.00013202031881211505}, {13, 0.00011516993582601249}, 
   {14, 0.0001004795274541103}, {15, 0.0000877197671249706}, 
   {16, 0.00007658192604941847}, {17, 0.00006690404395796228}, 
   {18, 0.00005844403969528895}, {19, 0.00005108953562772689}, 
   {20, 0.00004464950471597291}, {21, 0.00003904790502934207}, 
   {22, 0.00003413293844210767}, {23, 0.00002985504713633715}, 
   {24, 0.000026092686706267642}, {25, 0.000022815469962072978}, 
   {26, 0.00001992528525658245}, {27, 0.00001740549796567144}, 
   {28, 0.000015176236343988786}, {29, 0.000013230614474475422}, 
   {30, 0.000011503038445856543}, {31, 9.993421400672265*^-6}, 
   {32, 8.647416185135481*^-6}, {33, 7.469570437020645*^-6}, 
   {34, 6.414457552494894*^-6}, {35, 5.48967908557439*^-6}, 
   {36, 4.656937103065158*^-6}, {37, 3.925740283523537*^-6}, 
   {38, 3.2635331662669445*^-6}, {39, 2.680906414123865*^-6}, 
   {40, 2.149969434450729*^-6}, {41, 1.6818077067288066*^-6}, 
   {42, 1.2523531766371492*^-6}, {43, 8.727745377630606*^-7}, 
   {44, 5.221638009099531*^-7}, {45, 2.114903271727778*^-7}, 
   {46, 7.751835826077616*^-8}, {47, 3.342803446203304*^-7}, 
   {48, 5.748509948310294*^-7}, {49, 7.891552860216262*^-7}, 
   {50, 9.913678373964924*^-7}, {51, 1.1719903870603097*^-6}, 
   {52, 1.3435894798491965*^-6}, {53, 1.497278085509958*^-6}, 
   {54, 1.6442376176256713*^-6}, {55, 1.7762018097490968*^-6}, 
   {56, 1.9031508367756537*^-6}, {57, 2.017431495582456*^-6}, 
   {58, 2.1279757459645556*^-6}, {59, 2.2277241635415323*^-6}, 
   {60, 2.324688939599831*^-6}, {61, 2.4123776788201783*^-6}, 
   {62, 2.497991531121707*^-6}, {63, 2.575573896395425*^-6}, 
   {64, 2.651607658769005*^-6}, {65, 2.720638431887399*^-6}, 
   {66, 2.788510596264439*^-6}, {67, 2.8502375620015974*^-6}, 
   {68, 2.911094258607691*^-6}, {69, 2.9665276907274206*^-6}, 
   {70, 3.0213034976081634*^-6}, {71, 3.0712690052138274*^-6}, 
   {72, 3.1207332764654192*^-6}, {73, 3.1659120798135814*^-6}, 
   {74, 3.2107043255018746*^-6}, {75, 3.251664025936066*^-6}, 
   {76, 3.2923210065152865*^-6}, {77, 3.3295391627878876*^-6}, 
   {78, 3.3665157073765593*^-6}, {79, 3.4003979609946444*^-6}, 
   {80, 3.434083023837013*^-6}, {81, 3.464977088274915*^-6}, 
   {82, 3.495706188186258*^-6}, {83, 3.523912695644245*^-6}, 
   {84, 3.5519776017451455*^-6}, {85, 3.5777585566541003*^-6}, 
   {86, 3.6034148739637686*^-6}, {87, 3.6270002808716506*^-6}, 
   {88, 3.6504734296755334*^-6}, {89, 3.6720665239145522*^-6}, 
   {90, 3.6935564871293063*^-6}, {91, 3.71333789400237*^-6}, 
   {92, 3.733023016175603*^-6}, {93, 3.7511540839692964*^-6}, 
   {94, 3.7691941374622924*^-6}, {95, 3.785819632751355*^-6}, 
   {96, 3.802358314618081*^-6}, {97, 3.817608620694784*^-6}, 
   {98, 3.832775605636049*^-6}, {99, 3.846768533555429*^-6}, 
   {100, 3.860681177520267*^-6}}, {1.332338134509579*^-13, 
   0.9991318730924582}}}
