{3, 28, {{{0, 0, 0, 0}, {0, 0, 0, 0}, {0, 0, 0, 0}, {0, 0, 0, 0}}, 
  {{0, 0, 0, 0}, {0, 0, 0, 0}, {0, 0, 0, 0}, {0, 0, 0, 0}}, 
  {{0, 0, 0, 0}, {0, 0, 0, 0}, {0, 0, 0, 0}, {0, 0, 0, 0}}}, 
 {{{0., 0.28867513459481076, 0.28867513459481114, 0.28867513459481675}, 
   {-0.28867513459481076, 0., -0.28867513459481725, 0.2886751345948109}, 
   {-0.28867513459481114, 0.28867513459481725, 0., -0.28867513459481053}, 
   {-0.28867513459481675, -0.2886751345948109, 0.28867513459481053, 0.}}, 
  {{0., 0.2886751345948108, 0.2886751345948109, 0.28867513459481675}, 
   {-0.2886751345948108, 0., -0.2886751345948167, 0.2886751345948109}, 
   {-0.2886751345948109, 0.2886751345948167, 0., -0.28867513459481076}, 
   {-0.28867513459481675, -0.2886751345948109, 0.28867513459481076, 0.}}}, 
 {0, 0}, {{-0.1799999999999999, -0.10999999999999983}, 
  {-0.36000000000000354, -0.24999999999999994, 0.06999999999999817}, 
  {-0.24999999999999994, -0.17999999999999988}, 
  {{2, 3.1086244689504383*^-15}}, {{2, 1.7578531223231644*^-16}}, 
  {0.0005787037037037032, 0}}}
