{3, 28, {{{0, 0, 0, 0}, {0, 0, 0, 0}, {0, 0, 0, 0}, {0, 0, 0, 0}}, 
  {{0, 0, 0, 0}, {0, 0, 0, 0}, {0, 0, 0, 0}, {0, 0, 0, 0}}, 
  {{0, 0, 0, 0}, {0, 0, 0, 0}, {0, 0, 0, 0}, {0, 0, 0, 0}}}, 
 {{{0., 0.2886751345844816, 0.2886751345864319, 0.2886751346135254}, 
   {-0.2886751345844816, 0., -0.2886751346135254, 0.2886751345864318}, 
   {-0.2886751345864319, 0.2886751346135254, 0., -0.28867513458448146}, 
   {-0.2886751346135254, -0.2886751345864318, 0.28867513458448146, 0.}}, 
  {{0., 0.28867513458557986, 0.28867513458629324, 0.28867513461256544}, 
   {-0.28867513458557986, 0., -0.28867513461256544, 0.2886751345862931}, 
   {-0.28867513458629324, 0.28867513461256544, 0., -0.28867513458557964}, 
   {-0.28867513461256544, -0.2886751345862931, 0.28867513458557964, 0.}}}, 
 {0, 0}, {{-0.11, 0.03000000000000003}, {-0.21999999999999845, 
   -0.24999999999999994, 0.14000000000000073}, 
  {-0.25000000000000006, -0.11000000000000004}, 
  {{2, 2.1802892824496212*^-11}}, {{2, 9.25185853854297*^-17}}, 
  {0.0005787037037037027, 0}}}
