{3, 28, {{{-1.0065091582527705*^-7, 0, 0, 0}, {0, 1.0092346398460237*^-7, 
    -1.3546061923506197*^-10, -1.3546061395176655*^-10}, 
   {0, -1.3546061312133698*^-10, -1.353807289159906*^-10, 
    1.0092362481705097*^-7}, {0, -1.3546062159649109*^-10, 
    1.0092362481496044*^-7, -1.3538073245487048*^-10}}, 
  {{-1.006509158184417*^-7, 0, 0, 0}, {0, -1.3538072355607055*^-10, 
    -1.3546061455409114*^-10, 1.0092362481962264*^-7}, 
   {0, -1.3546061476725724*^-10, 1.0092346398142732*^-7, 
    -1.354606120178495*^-10}, {0, 1.0092362482629263*^-7, 
    -1.354606139862909*^-10, -1.353807270276813*^-10}}, 
  {{-1.006509158160002*^-7, 0, 0, 0}, {0, -1.3538072135102459*^-10, 
    1.0092362482109079*^-7, -1.3546061299348919*^-10}, 
   {0, 1.0092362481807573*^-7, -1.3538072416246166*^-10, 
    -1.354606116702188*^-10}, {0, -1.3546061099006105*^-10, 
    -1.3546061254060873*^-10, 1.0092346398064993*^-7}}}, 
 {{{0., 0.5773502691896903, 0.5773502691896807, 0.5773502691894797}, 
   {-0.5773502691896903, 0., -0.57735026918948, 0.5773502691896805}, 
   {-0.5773502691896807, 0.57735026918948, 0., -0.5773502691896901}, 
   {-0.5773502691894797, -0.5773502691896805, 0.5773502691896901, 0.}}, 
  {{0., 0.5773502691896896, 0.5773502691896755, 0.5773502691894858}, 
   {-0.5773502691896896, 0., -0.5773502691894853, 0.5773502691896757}, 
   {-0.5773502691896755, 0.5773502691894853, 0., -0.5773502691896897}, 
   {-0.5773502691894858, -0.5773502691896757, 0.5773502691896897, 0.}}}, 
 {0, 0}, {{-0.9920000000000003, -0.9840000000000007}, 
  {-2.0079999999999774, -0.9999999999999848, -0.004000000000003889}, 
  {-1.0000000000000002, -0.9920000000000005}, {{2, 1.0174738586069997*^-7}}, 
  {{2, 2.5905203907920316*^-16}}, {0.03703703703703361, 
   1.0567028773514502*^-42}}}
{3, 28, {{{0, 0, 0, 0}, {0, 0, 0, 0}, {0, 0, 0, 0}, {0, 0, 0, 0}}, 
  {{0, 0, 0, 0}, {0, 0, 0, 0}, {0, 0, 0, 0}, {0, 0, 0, 0}}, 
  {{0, 0, 0, 0}, {0, 0, 0, 0}, {0, 0, 0, 0}, {0, 0, 0, 0}}}, 
 {{{0., 0.2886751345948117, 0.28867513459481164, 0.28867513459481553}, 
   {-0.2886751345948117, 0., -0.28867513459481053, 0.288675134594814}, 
   {-0.28867513459481164, 0.28867513459481053, 0., -0.2886751345948142}, 
   {-0.28867513459481553, -0.288675134594814, 0.2886751345948142, 0.}}, 
  {{0., 0.28867513459481464, 0.28867513459481453, 0.2886751345948093}, 
   {-0.28867513459481464, 0., -0.2886751345948166, 0.2886751345948109}, 
   {-0.28867513459481453, 0.2886751345948166, 0., -0.288675134594811}, 
   {-0.2886751345948093, -0.2886751345948109, 0.288675134594811, 0.}}}, 
 {0, 0}, {{-0.2460000000000001, -0.24199999999999997}, 
  {-1.0079999999999956, -0.25, -0.2539999999999978}, 
  {-0.2500000000000001, -0.24599999999999997}, 
  {{2, 3.7636560534792807*^-14}}, {{2, 4.061565898420364*^-15}}, 
  {0.0005787037037037035, 0}}}
{10, 28, {{{-0.5248587795600961, 0, -8.97968043905714*^-6, 
    8.979680438583333*^-6}, {0, 0.9999754885847929, -5.319705220730629*^-6, 
    -5.319705221139265*^-6}, {-8.979680439609276*^-6, -5.319705222112103*^-6, 
    4.8036329655179455*^-6, 0.00016679854894473294}, 
   {8.979680439458613*^-6, -5.319705221120807*^-6, 0.00016679854894031292, 
    4.803632962104877*^-6}}, {{-0.5248587795600965, 8.979680439892013*^-6, 0, 
    -8.979680438544271*^-6}, {8.97968043880933*^-6, 4.803632965007937*^-6, 
    -5.31970522207975*^-6, 0.00016679854894269963}, 
   {0, -5.319705220792039*^-6, 0.9999754885847942, -5.319705220641059*^-6}, 
   {-8.979680439514268*^-6, 0.00016679854894218203, -5.319705221653126*^-6, 
    4.803632960737048*^-6}}, {{-0.5248587795600979, -8.97968044010865*^-6, 
    8.979680439240582*^-6, 0}, {-8.97968043854581*^-6, 4.803632964437213*^-6, 
    0.00016679854894980397, -5.319705220850027*^-6}, 
   {8.979680439396248*^-6, 0.0001667985489409371, 4.803632968120031*^-6, 
    -5.319705221391751*^-6}, {0, -5.319705221300069*^-6, 
    -5.319705220811309*^-6, 0.9999754885847941}}}, 
 {{{0., 0.0021826322308370655, 0.002182632230837031, 0.0021826322308371657}, 
   {-0.0021826322308370655, 0., -0.0011155316317478787, 
    0.0011155316317472419}, {-0.002182632230837031, 0.0011155316317478787, 
    0., -0.0011155316317475448}, {-0.0021826322308371657, 
    -0.0011155316317472419, 0.0011155316317475448, 0.}}, 
  {{0., 0.00218263223083704, 0.0021826322308370573, 0.002182632230837186}, 
   {-0.00218263223083704, 0., -0.0011155316317476146, 0.0011155316317473412}, 
   {-0.0021826322308370573, 0.0011155316317476146, 0., 
    -0.0011155316317473817}, {-0.002182632230837186, -0.0011155316317473412, 
    0.0011155316317473817, 0.}}}, {0, 0}, 
 {{-1.5745217917968997, -1.5744915483575554}, {-1.5746265123787246, 
   -0.3936426153024366, -0.3936706408869257}, {-1.5745446421464264, 
   -1.5745143987070822}, {{2, 0.0002239005767110465}, 
   {3, 0.00009718036291285221}, {4, 0.0000422247205984997}, 
   {5, 0.00001834929281096598}, {6, 0.000011112351346177519}, 
   {7, 0.000010617713361381993}, {8, 0.000010131486860893426}, 
   {9, 9.661865811511354*^-6}}, {{2, 0.0010822177965014786}, 
   {3, 0.0010736015477313871}, {4, 0.0010698550096608275}, 
   {5, 0.0010682511613325154}, {6, 0.0010675500929165382}, 
   {7, 0.0010672658893088084}, {8, 0.0010671379251561979}, 
   {9, 0.0010671005990895903}}, {1.927042696788791*^-18, 0.9998529405206102}}}
