{8, 20, {{{-0.5248723450183567, 0, -5.622118757024752*^-6, 
    5.622118795903004*^-6}, {0, 0.9999653700177563, 1.1119178524878379*^-6, 
    1.111917927330978*^-6}, {-5.622118838010172*^-6, 1.1119178208134813*^-6, 
    -1.08458460346475*^-7, 0.0003284985793236539}, 
   {5.622118799712771*^-6, 1.1119177457698045*^-6, 0.0003284985793282567, 
    -1.0845846503543255*^-7}}, {{-0.524872345018357, 5.6221187441325735*^-6, 
    0, -5.622118800289517*^-6}, {5.622118850998639*^-6, 
    -1.0845846130230763*^-7, 1.1119178508944944*^-6, 0.00032849857932225796}, 
   {0, 1.1119178223885086*^-6, 0.9999653700177566, 1.1119179356496296*^-6}, 
   {-5.622118795349029*^-6, 0.000328498579329642, 1.1119177374323745*^-6, 
    -1.0845846690199501*^-7}}, {{-0.5248723450183573, -5.622118850214063*^-6, 
    5.622118838276557*^-6, 0}, {-5.6221187447821826*^-6, 
    -1.0845846655158087*^-7, 0.00032849857932712944, 1.1119179274008005*^-6}, 
   {5.62211875661811*^-6, 0.0003284985793261627, -1.0845846304397*^-7, 
    1.1119179367672689*^-6}, {0, 1.1119177459260651*^-6, 
    1.1119177365902645*^-6, 0.9999653700177571}}}, 
 {{{0., 0.003534144823347082, 0.003534144823346746, 0.003534144823345624}, 
   {-0.003534144823347082, 0., -0.003530076128177303, 0.003530076128176869}, 
   {-0.003534144823346746, 0.003530076128177303, 0., -0.0035300761281765927}, 
   {-0.003534144823345624, -0.003530076128176869, 0.0035300761281765927, 
    0.}}, {{0., 0.003534144823346846, 0.003534144823346755, 
    0.0035341448233459465}, {-0.003534144823346846, 0., 
    -0.003530076128177297, 0.0035300761281764586}, 
   {-0.003534144823346755, 0.003530076128177297, 0., -0.003530076128177112}, 
   {-0.0035341448233459465, -0.0035300761281764586, 0.003530076128177112, 
    0.}}}, {0, 0}, {{-1.5745877339972134, -1.5745754913604224}, 
  {-0.7873249625526308, -0.39367813485174036, 0.000015653575424934285}, 
  {-1.5745999695868174, -1.5745877269500264}, {{2, 1.8745308493655667*^-6}, 
   {3, 1.6304897145344097*^-6}, {4, 1.4164515355777688*^-6}, 
   {5, 1.2320470879484402*^-6}, {6, 1.0708164058246053*^-6}, 
   {7, 9.318569393007917*^-7}}, {{2, 5.185449577482012*^-6}, 
   {3, 4.8945482167025815*^-6}, {4, 4.643444230324683*^-6}, 
   {5, 4.424134523108199*^-6}, {6, 4.234518796989982*^-6}, 
   {7, 4.068695169561105*^-6}}, {1.935104522131972*^-15, 0.9997922380942447}}}
{8, 20, {{{-0.5248723450183567, 0, -5.622118757024752*^-6, 
    5.622118795903004*^-6}, {0, 0.9999653700177563, 1.1119178524878379*^-6, 
    1.111917927330978*^-6}, {-5.622118838010172*^-6, 1.1119178208134813*^-6, 
    -1.08458460346475*^-7, 0.0003284985793236539}, 
   {5.622118799712771*^-6, 1.1119177457698045*^-6, 0.0003284985793282567, 
    -1.0845846503543255*^-7}}, {{-0.524872345018357, 5.6221187441325735*^-6, 
    0, -5.622118800289517*^-6}, {5.622118850998639*^-6, 
    -1.0845846130230763*^-7, 1.1119178508944944*^-6, 0.00032849857932225796}, 
   {0, 1.1119178223885086*^-6, 0.9999653700177566, 1.1119179356496296*^-6}, 
   {-5.622118795349029*^-6, 0.000328498579329642, 1.1119177374323745*^-6, 
    -1.0845846690199501*^-7}}, {{-0.5248723450183573, -5.622118850214063*^-6, 
    5.622118838276557*^-6, 0}, {-5.6221187447821826*^-6, 
    -1.0845846655158087*^-7, 0.00032849857932712944, 1.1119179274008005*^-6}, 
   {5.62211875661811*^-6, 0.0003284985793261627, -1.0845846304397*^-7, 
    1.1119179367672689*^-6}, {0, 1.1119177459260651*^-6, 
    1.1119177365902645*^-6, 0.9999653700177571}}}, 
 {{{0., 0.003534144823347082, 0.003534144823346746, 0.003534144823345624}, 
   {-0.003534144823347082, 0., -0.003530076128177303, 0.003530076128176869}, 
   {-0.003534144823346746, 0.003530076128177303, 0., -0.0035300761281765927}, 
   {-0.003534144823345624, -0.003530076128176869, 0.0035300761281765927, 
    0.}}, {{0., 0.003534144823346846, 0.003534144823346755, 
    0.0035341448233459465}, {-0.003534144823346846, 0., 
    -0.003530076128177297, 0.0035300761281764586}, 
   {-0.003534144823346755, 0.003530076128177297, 0., -0.003530076128177112}, 
   {-0.0035341448233459465, -0.0035300761281764586, 0.003530076128177112, 
    0.}}}, {0, 0}, {{-1.5745877339972134, -1.5745754913604224}, 
  {-0.7873249625526308, -0.39367813485174036, 0.000015653575424934285}, 
  {-1.5745999695868174, -1.5745877269500264}, {{2, 1.8745308493655667*^-6}, 
   {3, 1.6304897145344097*^-6}, {4, 1.4164515355777688*^-6}, 
   {5, 1.2320470879484402*^-6}, {6, 1.0708164058246053*^-6}, 
   {7, 9.318569393007917*^-7}}, {{2, 5.185449577482012*^-6}, 
   {3, 4.8945482167025815*^-6}, {4, 4.643444230324683*^-6}, 
   {5, 4.424134523108199*^-6}, {6, 4.234518796989982*^-6}, 
   {7, 4.068695169561105*^-6}}, {1.935104522131972*^-15, 0.9997922380942447}}}
{72, 20, {{{-0.5248723179420729, 0, -5.634274477465061*^-6, 
    5.634274483383575*^-6}, {0, 0.9999652854718958, 1.1180808602025925*^-6, 
    1.118080868143262*^-6}, {-5.634274493404682*^-6, 1.1180808558367814*^-6, 
    -6.840415390022003*^-8, 0.00031762499660037343}, 
   {5.634274486153073*^-6, 1.118080848927554*^-6, 0.000317624996598067, 
    -6.840415757436435*^-8}}, {{-0.5248723179420731, 5.63427447898269*^-6, 0, 
    -5.634274487258895*^-6}, {5.63427449197933*^-6, -6.840415406501876*^-8, 
    1.1180808583875974*^-6, 0.00031762499659660637}, 
   {0, 1.118080857653274*^-6, 0.9999652854718953, 1.1180808664967054*^-6}, 
   {-5.6342744822830225*^-6, 0.00031762499660267264, 1.118080850569784*^-6, 
    -6.840415781028675*^-8}}, {{-0.5248723179420738, -5.6342744923300775*^-6, 
    5.6342744934165345*^-6, 0}, {-5.634274478474511*^-6, 
    -6.840415683190271*^-8, 0.0003176249966024657, 1.1180808686399012*^-6}, 
   {5.634274477288326*^-6, 0.0003176249965996099, -6.84041546739067*^-8, 
    1.118080866950231*^-6}, {0, 1.1180808486684432*^-6, 
    1.1180808503491823*^-6, 0.9999652854718963}}}, 
 {{{0., 0.0035384828597120766, 0.003538482859712046, 0.0035384828597110896}, 
   {-0.0035384828597120766, 0., -0.003535374420218284, 
    0.0035353744202204253}, {-0.003538482859712046, 0.003535374420218284, 0., 
    -0.0035353744202202787}, {-0.0035384828597110896, -0.0035353744202204253, 
    0.0035353744202202787, 0.}}, 
  {{0., 0.003538482859711971, 0.003538482859712038, 0.003538482859711042}, 
   {-0.003538482859711971, 0., -0.003535374420219487, 0.003535374420219572}, 
   {-0.003538482859712038, 0.003535374420219487, 0., -0.0035353744202197895}, 
   {-0.003538482859711042, -0.003535374420219572, 0.0035353744202197895, 
    0.}}}, {0, 0}, {{-1.5745875966603793, -1.5745753389961894}, 
  {-0.787324954779335, -0.3936781781733698, 0.000015700783702332632}, 
  {-1.5745998489405937, -1.5745875912764038}, {{2, 0.0004445364010993889}, 
   {3, 0.0003857279119721508}, {4, 0.0003347044967494156}, 
   {5, 0.0002904355702767038}, {6, 0.00025202904740741043}, 
   {7, 0.00021870758213721718}, {8, 0.00018979977205347848}, 
   {9, 0.00016471935766593443}, {10, 0.0001429612920774842}, 
   {11, 0.00012408351796980906}, {12, 0.00010770633161501448}, 
   {13, 0.00009349644219687958}, {14, 0.00008116852995433341}, 
   {15, 0.00007047130319841463}, {16, 0.00006119047243558157}, 
   {17, 0.00005313654163352109}, {18, 0.00004614864919505381}, 
   {19, 0.00004008385729561102}, {20, 0.00003482147463718197}, 
   {21, 0.00003025363692428203}, {22, 0.000026289844122658144}, 
   {23, 0.00002284865355794974}, {24, 0.000019862248911118544}, 
   {25, 0.000017269093472458818}, {26, 0.000015018408645719582}, 
   {27, 0.000013063657854396182}, {28, 0.000011366855445923366}, 
   {29, 9.892771565565839*^-6}, {30, 8.613022950163234*^-6}, 
   {31, 7.500905832353265*^-6}, {32, 6.53524163752835*^-6}, 
   {33, 5.6957590829145865*^-6}, {34, 5.331466022856881*^-6}, 
   {35, 5.116905199150658*^-6}, {36, 4.908097394446106*^-6}, 
   {37, 4.705324819920557*^-6}, {38, 4.508783236414465*^-6}, 
   {39, 4.318599247488228*^-6}, {40, 4.134837441367918*^-6}, 
   {41, 3.957514105070272*^-6}, {42, 3.786601894990968*^-6}, 
   {43, 3.6220406985936924*^-6}, {44, 3.4637404892026063*^-6}, 
   {45, 3.311589942932324*^-6}, {46, 3.1654579446341053*^-6}, 
   {47, 3.0252004734850676*^-6}, {48, 2.890661138995785*^-6}, 
   {49, 2.7616767043167644*^-6}, {50, 2.6380769382729295*^-6}, 
   {51, 2.519689080975908*^-6}, {52, 2.406337225873572*^-6}, 
   {53, 2.2978459542905135*^-6}, {54, 2.194039411571296*^-6}, 
   {55, 2.0947442860767373*^-6}, {56, 1.9997887023169764*^-6}, 
   {57, 1.909004675636802*^-6}, {58, 1.822226905281413*^-6}, 
   {59, 1.7392948149808638*^-6}, {60, 1.660051306010121*^-6}, 
   {61, 1.5843444832006493*^-6}, {62, 1.512026379366419*^-6}, 
   {63, 1.4429544329794177*^-6}, {64, 1.376990244365329*^-6}, 
   {65, 1.3140008452398747*^-6}, {66, 1.253857481578035*^-6}, 
   {67, 1.1964367120160168*^-6}, {68, 1.1416192739501212*^-6}, 
   {69, 1.0892910170328621*^-6}, {70, 1.0393418389860877*^-6}, 
   {71, 9.916664995633217*^-7}}, {{2, 0.0005240921347005981}, 
   {3, 0.00045534255766712913}, {4, 0.00039568865092110754}, 
   {5, 0.000343927815560786}, {6, 0.000299013617936111}, 
   {7, 0.00026004112379198445}, {8, 0.00022622174272597827}, 
   {9, 0.00019687480077244763}, {10, 0.00017140610309497036}, 
   {11, 0.00014930384808697087}, {12, 0.00013012033165122223}, 
   {13, 0.00011347085351639391}, {14, 0.0000990180611469538}, 
   {15, 0.00008647287840723422}, {16, 0.00007558106088320941}, 
   {17, 0.00006612545200450327}, {18, 0.00005791438985878572}, 
   {19, 0.00005078479545647988}, {20, 0.000044592131617208576}, 
   {21, 0.00003921397286750845}, {22, 0.000034541268932104864}, 
   {23, 0.000030482150677297178}, {24, 0.000026954294400586415}, 
   {25, 0.000023888794091900646}, {26, 0.000021223458860581882}, 
   {27, 0.000018906636467993067}, {28, 0.000016891305853724432}, 
   {29, 0.000015138776152708481}, {30, 0.000013613460398472738}, 
   {31, 0.000012286402278200864}, {32, 0.000011130636650295237}, 
   {33, 0.000010124516176049484}, {34, 9.247580126810654*^-6}, 
   {35, 8.483667001091684*^-6}, {36, 7.817225923227415*^-6}, 
   {37, 7.236211039478229*^-6}, {38, 6.728780216511739*^-6}, 
   {39, 6.285973601108776*^-6}, {40, 5.898752794781719*^-6}, 
   {41, 5.560470325061027*^-6}, {42, 5.264209392053009*^-6}, 
   {43, 5.005053767106491*^-6}, {44, 4.777693890085661*^-6}, 
   {45, 4.578508345233041*^-6}, {46, 4.403406779935591*^-6}, 
   {47, 4.249734941989651*^-6}, {48, 4.1143287916367245*^-6}, 
   {49, 3.995255361007857*^-6}, {50, 3.890055695118394*^-6}, 
   {51, 3.797333690455593*^-6}, {52, 3.7151682504010073*^-6}, 
   {53, 3.642561902214598*^-6}, {54, 3.5780048860914893*^-6}, 
   {55, 3.5207948292393745*^-6}, {56, 3.469737480452876*^-6}, 
   {57, 3.424348103470374*^-6}, {58, 3.3836752827790173*^-6}, 
   {59, 3.347394030261009*^-6}, {60, 3.314740570605773*^-6}, 
   {61, 3.2855064686611426*^-6}, {62, 3.259073594154745*^-6}, 
   {63, 3.235317893592468*^-6}, {64, 3.2137348635225657*^-6}, 
   {65, 3.19426092607182*^-6}, {66, 3.176480733957911*^-6}, 
   {67, 3.1603734715391664*^-6}, {68, 3.145594191832354*^-6}, 
   {69, 3.13215176328519*^-6}, {70, 3.1197572167662086*^-6}, 
   {71, 3.108439492071066*^-6}}, {1.952596434161784*^-15, 
   0.9997917309070152}}}
