{3, 28, {{{0, 0, 0, 0}, {0, 0, 0, 0}, {0, 0, 0, 0}, {0, 0, 0, 0}}, 
  {{0, 0, 0, 0}, {0, 0, 0, 0}, {0, 0, 0, 0}, {0, 0, 0, 0}}, 
  {{0, 0, 0, 0}, {0, 0, 0, 0}, {0, 0, 0, 0}, {0, 0, 0, 0}}}, 
 {{{0., 0.2886751345948123, 0.2886751345948122, 0.28867513459481386}, 
   {-0.2886751345948123, 0., -0.28867513459481275, 0.288675134594813}, 
   {-0.2886751345948122, 0.28867513459481275, 0., -0.288675134594813}, 
   {-0.28867513459481386, -0.288675134594813, 0.288675134594813, 0.}}, 
  {{0., 0.28867513459481264, 0.28867513459481264, 0.28867513459481353}, 
   {-0.28867513459481264, 0., -0.288675134594813, 0.28867513459481287}, 
   {-0.28867513459481264, 0.288675134594813, 0., -0.28867513459481275}, 
   {-0.28867513459481353, -0.28867513459481287, 0.28867513459481275, 0.}}}, 
 {0, 0}, {{-0.19999999999999996, -0.14999999999999994}, 
  {-1.0999999999999832, -0.25, -0.2999999999999916}, 
  {-0.24999999999999997, -0.19999999999999996}, 
  {{2, 2.220446049250313*^-15}}, {{2, 5.736152293896641*^-16}}, 
  {0.0005787037037037037, 0}}}
{3, 28, {{{0, 0, 0, 0}, {0, 0, 0, 0}, {0, 0, 0, 0}, {0, 0, 0, 0}}, 
  {{0, 0, 0, 0}, {0, 0, 0, 0}, {0, 0, 0, 0}, {0, 0, 0, 0}}, 
  {{0, 0, 0, 0}, {0, 0, 0, 0}, {0, 0, 0, 0}, {0, 0, 0, 0}}}, 
 {{{0., 0.28867513459481253, 0.28867513459481264, 0.2886751345948134}, 
   {-0.28867513459481253, 0., -0.2886751345948138, 0.2886751345948124}, 
   {-0.28867513459481264, 0.2886751345948138, 0., -0.2886751345948124}, 
   {-0.2886751345948134, -0.2886751345948124, 0.2886751345948124, 0.}}, 
  {{0., 0.28867513459481264, 0.28867513459481264, 0.28867513459481353}, 
   {-0.28867513459481264, 0., -0.28867513459481364, 0.28867513459481253}, 
   {-0.28867513459481264, 0.28867513459481364, 0., -0.28867513459481253}, 
   {-0.28867513459481353, -0.28867513459481253, 0.28867513459481253, 0.}}}, 
 {0, 0}, {{-0.19999999999999982, -0.1499999999999999}, 
  {-0.40000000000000646, -0.25000000000000006, 0.049999999999996825}, 
  {-0.24999999999999983, -0.19999999999999993}, 
  {{2, 1.1102230246251565*^-15}}, {{2, 1.7578531223231644*^-16}}, 
  {0.0005787037037037038, 0}}}
