{3, 28, {{{0, 0, 0, 0}, {0, 0, 0, 0}, {0, 0, 0, 0}, {0, 0, 0, 0}}, 
  {{0, 0, 0, 0}, {0, 0, 0, 0}, {0, 0, 0, 0}, {0, 0, 0, 0}}, 
  {{0, 0, 0, 0}, {0, 0, 0, 0}, {0, 0, 0, 0}, {0, 0, 0, 0}}}, 
 {{{0., 0.2886751345948131, 0.2886751345948131, 0.2886751345948123}, 
   {-0.2886751345948131, 0., -0.2886751345948133, 0.28867513459481264}, 
   {-0.2886751345948131, 0.2886751345948133, 0., -0.28867513459481253}, 
   {-0.2886751345948123, -0.28867513459481264, 0.28867513459481253, 0.}}, 
  {{0., 0.28867513459481287, 0.28867513459481287, 0.28867513459481275}, 
   {-0.28867513459481287, 0., -0.2886751345948132, 0.28867513459481264}, 
   {-0.28867513459481287, 0.2886751345948132, 0., -0.28867513459481264}, 
   {-0.28867513459481275, -0.28867513459481264, 0.28867513459481264, 0.}}}, 
 {0, 0}, {{-0.21999999999999995, -0.18999999999999995}, 
  {-1.0599999999999927, -0.24999999999999992, -0.2799999999999965}, 
  {-0.24999999999999994, -0.21999999999999995}, 
  {{2, 6.661338147750939*^-16}}, {{2, 4.810966440042345*^-16}}, 
  {0.0005787037037037031, 0}}}
{153, 28, {{{0, 0, 0, 0}, {0, 0, 0, 0}, {0, 0, 0, 0}, {0, 0, 0, 0}}, 
  {{0, 0, 0, 0}, {0, 0, 0, 0}, {0, 0, 0, 0}, {0, 0, 0, 0}}, 
  {{0, 0, 0, 0}, {0, 0, 0, 0}, {0, 0, 0, 0}, {0, 0, 0, 0}}}, 
 {{{0., 0.2886751345948133, 0.2886751345948133, 0.2886751345948122}, 
   {-0.2886751345948133, 0., -0.28867513459481364, 0.2886751345948124}, 
   {-0.2886751345948133, 0.28867513459481364, 0., -0.2886751345948124}, 
   {-0.2886751345948122, -0.2886751345948124, 0.2886751345948124, 0.}}, 
  {{0., 0.2886751345948142, 0.288675134594814, 0.2886751345948105}, 
   {-0.2886751345948142, 0., -0.2886751345948151, 0.2886751345948116}, 
   {-0.288675134594814, 0.2886751345948151, 0., -0.2886751345948117}, 
   {-0.2886751345948105, -0.2886751345948116, 0.2886751345948117, 0.}}}, 
 {0, 0}, {{-0.21999999999999995, -0.19}, {-0.5599999999999902, 
   -0.24999999999999994, -0.02999999999999514}, 
  {-0.24999999999999994, -0.22}, {{2, 0.0011423417204079085}, 
   {3, 0.00032772686565225514}, {4, 0.00032259376810262266}, 
   {5, 0.000315943028368508}, {6, 0.00030918192572388335}, 
   {7, 0.00030281940439430034}, {8, 0.00029673956162802086}, 
   {9, 0.00029109941893266586}, {10, 0.0002857260105532597}, 
   {11, 0.00028074939780099555}, {12, 0.0002760097419881903}, 
   {13, 0.00027162659731654396}, {14, 0.00026745506035617816}, 
   {15, 0.00026360552444678297}, {16, 0.00025994667692838015}, 
   {17, 0.0002565803706264438}, {18, 0.00025338755570089577}, 
   {19, 0.0002504621295913202}, {20, 0.00024769612421611867}, 
   {21, 0.00024517605491616336}, {22, 0.00024280398729362163}, 
   {23, 0.00024065961023987323}, {24, 0.00023865409073948497}, 
   {25, 0.00023686082465300407}, {26, 0.0002351992493976971}, 
   {27, 0.00023373697637125296}, {28, 0.00023240097187612885}, 
   {29, 0.00023125354541085608}, {30, 0.00023022853005582981}, 
   {31, 0.00022938338990517206}, {32, 0.00022865823380838722}, 
   {33, 0.00022810611163262204}, {34, 0.0002276728810860218}, 
   {35, 0.00022740758496136299}, {36, 0.00022726136120184912}, 
   {37, 0.00022727963060287584}, {38, 0.0002274183960267774}, 
   {39, 0.00022771982111540953}, {40, 0.00022814440784039297}, 
   {41, 0.00022873141027674945}, {42, 0.0002294455098128742}, 
   {43, 0.00023032338348344047}, {44, 0.00023133361664623084}, 
   {45, 0.00023251063056486249}, {46, 0.00023382668102799042}, 
   {47, 0.00023531424651708488}, {48, 0.0002369490615144361}, 
   {49, 0.00023876197059168047}, {50, 0.0002407320368019092}, 
   {51, 0.0002428887800567832}, {52, 0.00024521448458656933}, 
   {53, 0.00024773766052971907}, {54, 0.00025044375095020083}, 
   {55, 0.0002533605828452176}, {56, 0.000256476744331359}, 
   {57, 0.0002598197251547571}, {58, 0.0002633812986181684}, 
   {59, 0.00026718899138167274}, {60, 0.0002712378633824841}, 
   {61, 0.00027555589185339346}, {62, 0.0002801415962788781}, 
   {63, 0.0002850238717168607}, {64, 0.00029020495524784487}, 
   {65, 0.0002957151985604825}, {66, 0.0003015609178637288}, 
   {67, 0.00030777455500628423}, {68, 0.0003143669949398041}, 
   {69, 0.00032137352817716847}, {70, 0.00032881025914528045}, 
   {71, 0.00033671625048303094}, {72, 0.0003451136825557283}, 
   {73, 0.0003540465319772611}, {74, 0.0003635441778703438}, 
   {75, 0.0003736569433005141}, {76, 0.0003844228784025648}, 
   {77, 0.00039590047461341565}, {78, 0.00040813838967160634}, 
   {79, 0.00042120563154342955}, {80, 0.00043516402710444893}, 
   {81, 0.00045009616696591384}, {82, 0.0004660804606761819}, 
   {83, 0.0004832171377451913}, {84, 0.000501605780949186}, 
   {85, 0.0005213696967604833}, {86, 0.0005426358802154488}, 
   {87, 0.0005655581062853493}, {88, 0.0005902993634634632}, 
   {89, 0.0006170540872593513}, {90, 0.0006460332193536089}, 
   {91, 0.0006774861234152413}, {92, 0.0007116886062189173}, 
   {93, 0.0007489652553035603}, {94, 0.0007896810380394401}, 
   {95, 0.0008342651337647361}, {96, 0.000883207176935609}, 
   {97, 0.0009370842171358834}, {98, 0.0009965634186925865}, 
   {99, 0.0010624347393927563}, {100, 0.0011356231686137502}, 
   {101, 0.0012172313795343406}, {102, 0.00130856680152424}, 
   {103, 0.001411201448331012}, {104, 0.0017525122477553617}, 
   {105, 0.002214692136350006}, {106, 0.002797482961238224}, 
   {107, 0.0035326354239610122}, {108, 0.004458923826621162}, 
   {109, 0.005626040788700376}, {110, 0.007095179373015677}, 
   {111, 0.008943992697138085}, {112, 0.01126849411116481}, 
   {113, 0.014189632729033506}, {114, 0.0178571126679257}, 
   {115, 0.02245832949065668}, {116, 0.028224872870662734}, 
   {117, 0.0354446787490696}, {118, 0.044471885575517914}, 
   {119, 0.05574257469340709}, {120, 0.06978719981197563}, 
   {121, 0.08725245951323785}, {122, 0.10892832128062072}, 
   {123, 0.1357180300260747}, {124, 0.16864977295550543}, 
   {125, 0.20876705708481036}, {126, 0.25681881217533375}, 
   {127, 0.3123647021773579}, {128, 0.3723308979961075}, 
   {129, 0.4287152157416245}, {130, 0.4709127668287794}, 
   {131, 0.5117664996966442}, {132, 0.5598730798987744}, 
   {133, 0.5884852773601175}, {134, 0.6025009646678986}, 
   {135, 0.6073197076457123}, {136, 0.6070283391143315}, 
   {137, 0.6042219086600327}, {138, 0.600541644468389}, 
   {139, 0.5966998500497027}, {140, 0.5930192578942857}, 
   {141, 0.5930166837576856}, {142, 0.5961115575638825}, 
   {143, 0.5985840047753319}, {144, 0.6004559975999892}, 
   {145, 0.6018533684481294}, {146, 0.6028978364896894}, 
   {147, 0.6036612741363734}, {148, 0.6042176819117067}, 
   {149, 0.6046043605137033}, {150, 0.6048694107661685}, 
   {151, 0.5726976619332917}, {152, 0.}}, {{2, 0.00876858523207806}, 
   {3, 0.00875518334399396}, {4, 0.00875235577900988}, 
   {5, 0.008756654069105817}, {6, 0.008758132707588127}, 
   {7, 0.0087630671577265}, {8, 0.008764762058706107}, 
   {9, 0.008769461151644252}, {10, 0.008771176370632287}, 
   {11, 0.008775624775779487}, {12, 0.008777353369464627}, 
   {13, 0.008781574831826316}, {14, 0.008783318551679662}, 
   {15, 0.008787336325265023}, {16, 0.008789096973185306}, 
   {17, 0.00879293219906368}, {18, 0.008794711331589976}, 
   {19, 0.008798383225920735}, {20, 0.00880018224008202}, 
   {21, 0.008803708334514177}, {22, 0.008805528551913872}, 
   {23, 0.008808924906749324}, {24, 0.008810767641931411}, 
   {25, 0.00881404903331447}, {26, 0.008815915649509787}, 
   {27, 0.00881909573491835}, {28, 0.008820987690316785}, 
   {29, 0.00882407915605098}, {30, 0.008825998043152795}, 
   {31, 0.00882901273691622}, {32, 0.008830960317039942}, 
   {33, 0.008833909368243367}, {34, 0.008835887602904434}, 
   {35, 0.008838781532960839}, {36, 0.008840792613576998}, 
   {37, 0.008843641438180012}, {38, 0.008845687815366526}, 
   {39, 0.008848501140544373}, {40, 0.008850585554143532}, 
   {41, 0.008853372667735499}, {42, 0.008855498178651236}, 
   {43, 0.008858268138767252}, {44, 0.008860438163656637}, 
   {45, 0.008863199885640606}, {46, 0.00886541823553713}, 
   {47, 0.008868180578963682}, {48, 0.008870451502981429}, 
   {49, 0.008873223360276662}, {50, 0.0088755515956587}, 
   {51, 0.008878341984046124}, {52, 0.008880732813998708}, 
   {53, 0.008883550972646925}, {54, 0.008886010293635426}, 
   {55, 0.008888865788127268}, {56, 0.008891400188621524}, 
   {57, 0.008894303025196136}, {58, 0.00889691987826017}, 
   {59, 0.0088998806307166}, {60, 0.008902588203359756}, 
   {61, 0.008905618156081839}, {62, 0.00890842573896285}, 
   {63, 0.00891153705027251}, {64, 0.008914455112215423}, 
   {65, 0.008917661003227963}, {66, 0.008920701376135015}, 
   {67, 0.008924016351557127}, {68, 0.008927192452762843}, 
   {69, 0.0089306325617276}, {70, 0.00893395966275365}, 
   {71, 0.00893754280996854}, {72, 0.008941038363158422}, 
   {73, 0.008944784683532957}, {74, 0.008948468721396914}, 
   {75, 0.008952401035177715}, {76, 0.008956296661765976}, 
   {77, 0.008960441032412697}, {78, 0.008964575032107678}, 
   {79, 0.008968961456220061}, {80, 0.008973365053631627}, 
   {81, 0.008978028321963125}, {82, 0.008982738138063788}, 
   {83, 0.008987718920164702}, {84, 0.008992778185795873}, 
   {85, 0.008998124409808444}, {86, 0.009003584520297151}, 
   {87, 0.009009353146432197}, {88, 0.009015275673437132}, 
   {89, 0.00902153499860093}, {90, 0.00902799432230962}, 
   {91, 0.00903482701029019}, {92, 0.009041913804326307}, 
   {93, 0.00904942092045133}, {94, 0.009057246825386483}, 
   {95, 0.009065553281924191}, {96, 0.009074257260564461}, 
   {97, 0.00908351927415343}, {98, 0.009093276384536948}, 
   {99, 0.009103691850389424}, {100, 0.009114725553241151}, 
   {101, 0.009126548720704616}, {102, 0.00913914844505324}, 
   {103, 0.009152711049999592}, {104, 0.009167257723513574}, 
   {105, 0.009182999991367749}, {106, 0.009200003859693055}, 
   {107, 0.009218520882661424}, {108, 0.00923867865581657}, 
   {109, 0.009260791195951074}, {110, 0.009285074238211021}, 
   {111, 0.009311939249832863}, {112, 0.009341732991593497}, 
   {113, 0.009375020889172837}, {114, 0.009412352405312817}, 
   {115, 0.009454543033142158}, {116, 0.009502472646025472}, 
   {117, 0.00955738610742659}, {118, 0.009620751050333151}, 
   {119, 0.009694636545277665}, {120, 0.009781735043766658}, 
   {121, 0.009886044189537486}, {122, 0.010013500082144682}, 
   {123, 0.010173895556074551}, {124, 0.010383925818448315}, 
   {125, 0.010673458455936724}, {126, 0.011094447118127439}, 
   {127, 0.011726570653286661}, {128, 0.01266070330153814}, 
   {129, 0.013889329252276084}, {130, 0.015070322796317754}, 
   {131, 0.015865323864687537}, {132, 0.016287676649410027}, 
   {133, 0.016487688889810635}, {134, 0.016576626002479042}, 
   {135, 0.016612749082657762}, {136, 0.016623462740277747}, 
   {137, 0.016621849511402446}, {138, 0.016614038407977434}, 
   {139, 0.016603053074178753}, {140, 0.016590305109824822}, 
   {141, 0.016576603638488535}, {142, 0.016562388784918315}, 
   {143, 0.01654800569830582}, {144, 0.016533669288250858}, 
   {145, 0.01651956869380314}, {146, 0.016505812549316882}, 
   {147, 0.0164924945670036}, {148, 0.016479654639290624}, 
   {149, 0.016467325980037337}, {150, 0.01645550886759008}, 
   {151, 2.1186756053263403*^-15}, {152, 2.1186756053263403*^-15}}, 
  {0.0005787037037037029, 0}}}
{153, 28, {{{0, 0, 0, 0}, {0, 0, 0, 0}, {0, 0, 0, 0}, {0, 0, 0, 0}}, 
  {{0, 0, 0, 0}, {0, 0, 0, 0}, {0, 0, 0, 0}, {0, 0, 0, 0}}, 
  {{0, 0, 0, 0}, {0, 0, 0, 0}, {0, 0, 0, 0}, {0, 0, 0, 0}}}, 
 {{{0., 0.288675134594812, 0.2886751345948121, 0.28867513459481453}, 
   {-0.288675134594812, 0., -0.28867513459481126, 0.28867513459481386}, 
   {-0.2886751345948121, 0.28867513459481126, 0., -0.2886751345948138}, 
   {-0.28867513459481453, -0.28867513459481386, 0.2886751345948138, 0.}}, 
  {{0., 0.288675134594812, 0.288675134594812, 0.28867513459481453}, 
   {-0.288675134594812, 0., -0.28867513459481126, 0.28867513459481386}, 
   {-0.288675134594812, 0.28867513459481126, 0., -0.28867513459481386}, 
   {-0.28867513459481453, -0.28867513459481386, 0.28867513459481386, 0.}}}, 
 {0, 0}, {{-0.21999999999999986, -0.18999999999999995}, 
  {-0.4400000000000054, -0.25000000000000006, 0.029999999999997362}, 
  {-0.24999999999999986, -0.21999999999999995}, 
  {{2, 0.0013009745918667326}, {3, 0.000372639959592181}, 
   {4, 0.0003706234768673343}, {5, 0.00036670804236427906}, 
   {6, 0.00036251656839368304}, {7, 0.000358755648109034}, 
   {8, 0.0003552248824909947}, {9, 0.0003522003040183873}, 
   {10, 0.00034941597263340833}, {11, 0.0003471087452263672}, 
   {12, 0.0003450324840182234}, {13, 0.0003434056843719096}, 
   {14, 0.00034200425825698516}, {15, 0.0003410307080499667}, 
   {16, 0.00034028134922705656}, {17, 0.00033994410190599754}, 
   {18, 0.00033983405354064133}, {19, 0.0003401258636664996}, 
   {20, 0.0003406519514472222}, {21, 0.0003415749953917385}, 
   {22, 0.00034274349308911073}, {23, 0.0003443093885977591}, 
   {24, 0.0003461361832373423}, {25, 0.0003483663109355162}, 
   {26, 0.00035087737657217566}, {27, 0.0003538035203449266}, 
   {28, 0.0003570357261735088}, {29, 0.00036070106770909327}, 
   {30, 0.00036470336613594195}, {31, 0.00036916389068753636}, 
   {32, 0.00037399895518547624}, {33, 0.00037932535286943833}, 
   {34, 0.0003850717664705544}, {35, 0.000391351949098024}, 
   {36, 0.0003981070857941478}, {37, 0.00040544948762878327}, 
   {38, 0.00041333328584341675}, {39, 0.0004218711839698644}, 
   {40, 0.00043103109128619227}, {41, 0.0004409282768456195}, 
   {42, 0.00045154575982190095}, {43, 0.0004630040294727987}, 
   {44, 0.0004753032094551024}, {45, 0.0004885723493533653}, 
   {46, 0.0005028315726780114}, {47, 0.0005182228102761505}, 
   {48, 0.0005347903339589892}, {49, 0.0005526946934996946}, 
   {50, 0.000572010239533155}, {51, 0.0005929239514478775}, 
   {52, 0.0006155487809853047}, {53, 0.0006401090330722739}, 
   {54, 0.0006667686455600758}, {55, 0.0006958048408001044}, 
   {56, 0.0007382986284607119}, {57, 0.0009437078080247103}, 
   {58, 0.0012037333091755708}, {59, 0.001538285945663291}, 
   {60, 0.0019635287409517535}, {61, 0.0025093077049804964}, 
   {62, 0.003204869359120709}, {63, 0.004096543907064141}, 
   {64, 0.005235036359583738}, {65, 0.006694013772954841}, 
   {66, 0.008559576661547249}, {67, 0.010950797875701107}, 
   {68, 0.014012458321670251}, {69, 0.017939250941698435}, 
   {70, 0.022973659528612425}, {71, 0.029436604997871242}, 
   {72, 0.037733568146582346}, {73, 0.04839560665413543}, 
   {74, 0.062099741749253146}, {75, 0.07971538665064021}, 
   {76, 0.1023514134699208}, {77, 0.1313963848761206}, 
   {78, 0.1685241331422286}, {79, 0.21563612857362024}, 
   {80, 0.274557553032434}, {81, 0.34633865461737867}, 
   {82, 0.42996717907868476}, {83, 0.5211721347593602}, 
   {84, 0.6113305330561631}, {85, 0.6897781913408632}, 
   {86, 0.7508608826443294}, {87, 0.7934632198667351}, 
   {88, 0.8223100627600134}, {89, 0.8413267044433528}, 
   {90, 0.8546592981953332}, {91, 0.864548875092545}, 
   {92, 0.8726575128764673}, {93, 0.8798718567754216}, 
   {94, 0.8868317374407444}, {95, 0.8936446659473882}, 
   {96, 0.9003995297649136}, {97, 0.9071880238483189}, 
   {98, 0.914000504775498}, {99, 0.9208332573015052}, 
   {100, 0.927625898931699}, {101, 0.9343075304470828}, 
   {102, 0.9402810010599227}, {103, 0.9471294483666743}, 
   {104, 0.9534903483628636}, {105, 0.9598793526866799}, 
   {106, 0.9657203432742267}, {107, 0.9710972931300815}, 
   {108, 0.9757597223037522}, {109, 0.9798399302474393}, 
   {110, 0.983386560062061}, {111, 0.9864997065989727}, 
   {112, 0.989046885118082}, {113, 0.9911000318398183}, 
   {114, 0.9926759600952936}, {115, 0.9938710248702489}, 
   {116, 0.9947467364520328}, {117, 0.9953817864910555}, 
   {118, 0.9958291494517164}, {119, 0.9961400631639631}, 
   {120, 0.9963493680515685}, {121, 0.9964869464275506}, 
   {122, 0.9965731291549167}, {123, 0.9966241786592793}, 
   {124, 0.9966510835912507}, {125, 0.9966622007178856}, 
   {126, 0.9966630943777399}, {127, 0.9966578112072391}, 
   {128, 0.9966489790394983}, {129, 0.9966384156570833}, 
   {130, 0.99662725103246}, {131, 0.996616209528122}, 
   {132, 0.9966057023052717}, {133, 0.9965959495882118}, 
   {134, 0.9965870430495534}, {135, 0.9965789903118423}, 
   {136, 0.996571757506538}, {137, 0.9965652763972009}, 
   {138, 0.9965594759751257}, {139, 0.9965542718685747}, 
   {140, 0.996549592640728}, {141, 0.9965466108148822}, 
   {142, 0.9965454458542297}, {143, 0.9965441670043089}, 
   {144, 0.9965427640913983}, {145, 0.9965412966879269}, 
   {146, 0.9965397435554754}, {147, 0.9965381556821931}, 
   {148, 0.9965365055437262}, {149, 0.9965348390738816}, 
   {150, 0.9965331250809706}, {151, 0.6037262762258115}, {152, 0.}}, 
  {{2, 0.012499815675663287}, {3, 0.01253983521771592}, 
   {4, 0.012547776971286876}, {5, 0.012557978951717945}, 
   {6, 0.012560141015770198}, {7, 0.012568608605651486}, 
   {8, 0.012570722825324204}, {9, 0.012578794011650888}, 
   {10, 0.012581137575215196}, {11, 0.01258892041973036}, 
   {12, 0.012591500774397465}, {13, 0.012599040391803751}, 
   {14, 0.012601853646515651}, {15, 0.01260918996168127}, 
   {16, 0.012612233683341413}, {17, 0.012619404700123177}, 
   {18, 0.01262267860732066}, {19, 0.012629720978126252}, 
   {20, 0.01263322706201768}, {21, 0.012640176522180692}, 
   {22, 0.012643919169859902}, {23, 0.012650810972302078}, 
   {24, 0.012654797127879345}, {25, 0.012661666494450441}, 
   {26, 0.012665905867710658}, {27, 0.012672788469140066}, 
   {28, 0.012677293802268355}, {29, 0.012684226280457983}, 
   {30, 0.012689013685875364}, {31, 0.012696034235119197}, 
   {32, 0.012701123620976135}, {33, 0.012708272648594088}, 
   {34, 0.012713688253162889}, {35, 0.012721009145327736}, 
   {36, 0.012726780207837612}, {37, 0.012734320233559245}, 
   {38, 0.012740481837532508}, {39, 0.01274829323356263}, 
   {40, 0.012754887370299138}, {41, 0.012763028663168714}, 
   {42, 0.012770105578935551}, {43, 0.012778643218938346}, 
   {44, 0.012786263131463478}, {45, 0.012795273539337352}, 
   {46, 0.012803508840019361}, {47, 0.012813081003536073}, 
   {48, 0.012822019105200949}, {49, 0.012832257914460299}, 
   {50, 0.012842004966007564}, {51, 0.012853035549411748}, 
   {52, 0.01286372132581814}, {53, 0.012875694752000403}, 
   {54, 0.012887479150125808}, {55, 0.012900580003798285}, 
   {56, 0.012913661739154685}, {57, 0.012928118264644942}, 
   {58, 0.012942746566173283}, {59, 0.012958844277268879}, 
   {60, 0.012975334557415608}, {61, 0.012993434314083743}, 
   {62, 0.01301218871568766}, {63, 0.013032749834859992}, 
   {64, 0.013054282446149612}, {65, 0.013077889063648488}, 
   {66, 0.013102851017226108}, {67, 0.013130231389952184}, 
   {68, 0.013159415561332573}, {69, 0.013191416217084218}, 
   {70, 0.013225671842181184}, {71, 0.013263060959479885}, 
   {72, 0.013302893642166353}, {73, 0.013345594127437613}, 
   {74, 0.013389742894171486}, {75, 0.013434244895910837}, 
   {76, 0.013475051111795944}, {77, 0.013506262660050936}, 
   {78, 0.013515706655931714}, {79, 0.013484161316934052}, 
   {80, 0.013380146181955918}, {81, 0.013162013947982321}, 
   {82, 0.012790364461970198}, {83, 0.012247469159973077}, 
   {84, 0.011600864425413361}, {85, 0.01093640648055158}, 
   {86, 0.010472511949085774}, {87, 0.010143918527115063}, 
   {88, 0.009963592973229057}, {89, 0.009889187134869217}, 
   {90, 0.009882021061190249}, {91, 0.009912986077175352}, 
   {92, 0.009962760908730512}, {93, 0.010017870522618103}, 
   {94, 0.01007050552389378}, {95, 0.010114998648413025}, 
   {96, 0.010149006408702872}, {97, 0.010170379313570017}, 
   {98, 0.010179024777078185}, {99, 0.010173600422113772}, 
   {100, 0.010151844673924909}, {101, 0.010064113387127097}, 
   {102, 0.010086260900085266}, {103, 0.01004622786708581}, 
   {104, 0.009995650079928201}, {105, 0.009937418584171215}, 
   {106, 0.009882074186725192}, {107, 0.009829935973991427}, 
   {108, 0.009784543853634288}, {109, 0.009730665487188808}, 
   {110, 0.009669621888031072}, {111, 0.00962814442295044}, 
   {112, 0.009606209860251548}, {113, 0.00959848653506252}, 
   {114, 0.009601797385526622}, {115, 0.009611255894386666}, 
   {116, 0.009625257298086779}, {117, 0.009640512112442275}, 
   {118, 0.009656840098329981}, {119, 0.009672080440620791}, 
   {120, 0.00968691482933411}, {121, 0.009699815996246643}, 
   {122, 0.009711902250549468}, {123, 0.009721945175702906}, 
   {124, 0.009731244422788225}, {125, 0.00973868425287977}, 
   {126, 0.00974561633435556}, {127, 0.009750949285332471}, 
   {128, 0.009756031028162006}, {129, 0.009759759226221234}, 
   {130, 0.009763458993432953}, {131, 0.009766006771305728}, 
   {132, 0.009768701876891906}, {133, 0.009770399639518722}, 
   {134, 0.009772376560979033}, {135, 0.009773470465196627}, 
   {136, 0.009774939530098253}, {137, 0.009775608264423882}, 
   {138, 0.009776720781745234}, {139, 0.009777091982294555}, 
   {140, 0.009777955406586603}, {141, 0.009778119296034126}, 
   {142, 0.009778809291364947}, {143, 0.009778829200779599}, 
   {144, 0.009779398737645155}, {145, 0.009779318906239414}, 
   {146, 0.009779804916331939}, {147, 0.00977965613921658}, 
   {148, 0.00978008429482175}, {149, 0.009779887953034205}, 
   {150, 0.009780276059381416}, {151, 2.3222164931742855*^-15}, 
   {152, 2.3222164931742855*^-15}}, {0.000578703703703705, 0}}}
