{3, 28, {{{0, 0, 0, 0}, {0, 0, 0, 0}, {0, 0, 0, 0}, {0, 0, 0, 0}}, 
  {{0, 0, 0, 0}, {0, 0, 0, 0}, {0, 0, 0, 0}, {0, 0, 0, 0}}, 
  {{0, 0, 0, 0}, {0, 0, 0, 0}, {0, 0, 0, 0}, {0, 0, 0, 0}}}, 
 {{{0., 0.2886751345946885, 0.28867513459471206, 0.288675134595038}, 
   {-0.2886751345946885, 0., -0.28867513459503813, 0.28867513459471206}, 
   {-0.28867513459471206, 0.28867513459503813, 0., -0.2886751345946885}, 
   {-0.288675134595038, -0.28867513459471206, 0.2886751345946885, 0.}}, 
  {{0., 0.2886751345947018, 0.2886751345947105, 0.2886751345950265}, 
   {-0.2886751345947018, 0., -0.2886751345950266, 0.2886751345947103}, 
   {-0.2886751345947105, 0.2886751345950266, 0., -0.2886751345947016}, 
   {-0.2886751345950265, -0.2886751345947103, 0.2886751345947016, 0.}}}, 
 {0, 0}, {{-0.13999999999999999, -0.029999999999999964}, 
  {-0.28000000000000297, -0.25, 0.10999999999999852}, 
  {-0.24999999999999994, -0.1399999999999999}, 
  {{2, 2.1183055309847987*^-13}}, {{2, 1.0177044392397268*^-16}}, 
  {0.0005787037037037035, 0}}}
