{147, 28, {{{-0.524675199752642, -1.9709049447624652*^-7, 
    -0.00010527948365559453, 0.00010509622047339106}, 
   {1.9709049658713192*^-7, 0.9992212010315555, 0.000022685951944538324, 
    0.00002295679416630149}, {-0.00010490885849420736, 
    0.00002267924490445615, -2.042235432044362*^-6, 0.008380269767020176}, 
   {0.00010509212165179941, 0.000022408402771558963, 0.008380268568365526, 
    -2.0422355992179286*^-6}}, {{-0.5246751997526322, 0.0001053050703786778, 
    1.7296672844928352*^-7, -0.0001050944323282569}, 
   {0.00010488327177104125, -2.0422354078397653*^-6, 0.00002268125945919814, 
    0.008380269701411442}, {-1.7296673047351608*^-7, 0.000022683937389074036, 
    0.9992212010315524, 0.00002299457179905154}, {-0.00010509390979708449, 
    0.008380268633976597, 0.000022370625137594472, -2.0422356238614103*^-6}}, 
  {{-0.5246751997525984, -0.00010488218471007119, 0.00010490763487860478, 
    -1.0092895811338422*^-9}, {-0.00010530615743875851, 
    -2.042235493450971*^-6, 0.008380269166239568, 0.00002295928247238459}, 
   {0.0001052807072706491, 0.008380269168739338, -2.04223554331473*^-6, 
    0.00002299677597977432}, {1.00928944682491*^-9, 0.000022405914466709035, 
    0.00002236842095902753, 0.9992212010315413}}}, 
 {{{0., 0.015181376123049366, 0.015181376942979337, 0.015181356050225596}, 
   {-0.015181376123049366, 0., -0.015332365384897746, 0.01533239042172004}, 
   {-0.015181376942979337, 0.015332365384897746, 0., -0.01533238943804393}, 
   {-0.015181356050225596, -0.01533239042172004, 0.01533238943804393, 0.}}, 
  {{0., 0.015181363287786315, 0.015181362467855408, 0.015181383360610952}, 
   {-0.015181363287786315, 0., -0.015332398111536425, 0.015332373074720658}, 
   {-0.015181362467855408, 0.015332398111536425, 0., -0.01533237405839945}, 
   {-0.015181383360610952, -0.015332373074720658, 0.01533237405839945, 0.}}}, 
 {0, 0}, {{-1.5733859920885516, -1.5732808124739188}, 
  {-0.7873088573295852, -0.39395091873584664, 0.00029649007105403413}, 
  {-1.5734916948242461, -1.5733865152096134}, {{2, 0.0008938668263574418}, 
   {3, 0.0007774239929235049}, {4, 0.0006770290701808169}, 
   {5, 0.0005896556728382484}, {6, 0.0005142306571296485}, 
   {7, 0.000448574397043891}, {8, 0.0003919612060998244}, 
   {9, 0.00034260070907104166}, {10, 0.00030008576489337635}, 
   {11, 0.000262939103548061}, {12, 0.00023098051531156294}, 
   {13, 0.00020298362812400106}, {14, 0.00017892670433231062}, 
   {15, 0.000157784297175681}, {16, 0.00013964258440053376}, 
   {17, 0.00012363738787776225}, {18, 0.00012183463235327036}, 
   {19, 0.0001204096994330676}, {20, 0.00011876145758876961}, 
   {21, 0.0001169359501755284}, {22, 0.00011496858425822949}, 
   {23, 0.0001128937433785347}, {24, 0.00011073688515130572}, 
   {25, 0.00010852337164761559}, {26, 0.00010627109319962186}, 
   {27, 0.00010399853944921024}, {28, 0.00010171793411445536}, 
   {29, 0.00009944259170128686}, {30, 0.00009718054798327647}, 
   {31, 0.00009494125593505903}, {32, 0.00009272969386397642}, 
   {33, 0.00009055245572889541}, {34, 0.00008841231564778694}, 
   {35, 0.00008631376595962491}, {36, 0.00008425801423879529}, 
   {37, 0.00008224801904051834}, {38, 0.00008028389389241886}, 
   {39, 0.00007836748670382847}, {40, 0.0000764981643934055}, 
   {41, 0.00007467697789774116}, {42, 0.00007290280104872444}, 
   {43, 0.00007117611924208934}, {44, 0.00006949549667357568}, 
   {45, 0.00006786102316015327}, {46, 0.00006627108472786157}, 
   {47, 0.00006472549981681452}, {48, 0.00006322256937525694}, 
   {49, 0.00006176193072594816}, {50, 0.00006034186464308738}, 
   {51, 0.00005896189249865458}, {52, 0.00005762031919771468}, 
   {53, 0.000056316596830755655}, {54, 0.000055049083775429025}, 
   {55, 0.00005381719592712896}, {56, 0.000052619363684444816}, 
   {57, 0.000051454989885638125}, {58, 0.00005032258777940869}, 
   {59, 0.000049221563049389565}, {60, 0.00004815051716498299}, 
   {61, 0.00004710886929548772}, {62, 0.000046095310703187474}, 
   {63, 0.000045109280903675095}, {64, 0.000044149559925894116}, 
   {65, 0.000043215611788272046}, {66, 0.00004230630254154193}, 
   {67, 0.00004142112295323595}, {68, 0.00004055902125799614}, 
   {69, 0.000039719515883085074}, {70, 0.00003890163277567044}, 
   {71, 0.00003810491801766597}, {72, 0.00003732847047240723}, 
   {73, 0.00003657186326372613}, {74, 0.000035834263277965614}, 
   {75, 0.00003511526967447422}, {76, 0.00003441411251899323}, 
   {77, 0.00003373041576662777}, {78, 0.000033063467969773885}, 
   {79, 0.00003241291651220803}, {80, 0.00003177810395749332}, 
   {81, 0.000031158699697561056}, {82, 0.00003055409608069236}, 
   {83, 0.000029963983094511218}, {84, 0.000029387798914809818}, 
   {85, 0.00002882525274304059}, {86, 0.000028275824903355173}, 
   {87, 0.0000277392424897719}, {88, 0.000027215024563985966}, 
   {89, 0.000026702914860657692}, {90, 0.000026202468037232578}, 
   {91, 0.000025713443292194743}, {92, 0.000025235427982902778}, 
   {93, 0.000024768195678233698}, {94, 0.0000243113637781317}, 
   {95, 0.000023864719204344693}, {96, 0.000023427906962385746}, 
   {97, 0.000023000726384596153}, {98, 0.00002258284785232323}, 
   {99, 0.000022174082239766885}, {100, 0.00002177412325896598}, 
   {101, 0.000021382792526150086}, {102, 0.00002099980521747674}, 
   {103, 0.000020624992951100152}, {104, 0.000020258090657894814}, 
   {105, 0.000019898939281216138}, {106, 0.000019547291944791226}, 
   {107, 0.000019202998290453188}, {108, 0.000018865828205434643}, 
   {109, 0.00001853563945369667}, {110, 0.000018212217381127077}, 
   {111, 0.000017895427341502873}, {112, 0.0000175850689338123}, 
   {113, 0.000017281014635904535}, {114, 0.000016983077246861614}, 
   {115, 0.00001669113585835852}, {116, 0.000016405015408256854}, 
   {117, 0.000016124601250971926}, {118, 0.000015849729569946194}, 
   {119, 0.000015580291620458098}, {120, 0.000015316133960167205}, 
   {121, 0.000015057153327339284}, {122, 0.000014803205949688591}, 
   {123, 0.000014554193740851443}, {124, 0.000014309981869456076}, 
   {125, 0.000014070477130815467}, {126, 0.000013835552997748524}, 
   {127, 0.000013605120877363541}, {128, 0.000013379061970670778}, 
   {129, 0.000013157292057249664}, {130, 0.000012939699550747197}, 
   {131, 0.000012726204397876459}, {132, 0.000012516701773043065}, 
   {133, 0.000012311115629421929}, {134, 0.000012109347529119796}, 
   {135, 0.000011911325328840122}, {136, 0.000011716956695165953}, 
   {137, 0.000011526173374042104}, {138, 0.000011338888982552128}, 
   {139, 0.000011155039286813925}, {140, 0.000010974543858906227}, 
   {141, 0.000010797342816216277}, {142, 0.000010623362010690057}, 
   {143, 0.000010452546577107563}, {144, 0.000010284829404636278}, 
   {145, 0.000010120161826531957}, {146, 9.958485231106179*^-6}}, 
  {{2, 0.0010488244056740608}, {3, 0.0009111972185715678}, 
   {4, 0.0007910882289865562}, {5, 0.0006868739006381374}, 
   {6, 0.0005958713979539069}, {7, 0.0005168737727647146}, 
   {8, 0.00044772215510695295}, {9, 0.0003876470315644905}, 
   {10, 0.00033490131525659944}, {11, 0.00028903044115928387}, 
   {12, 0.0002486106496318374}, {13, 0.00021341125163217646}, 
   {14, 0.00018226267444218774}, {15, 0.00015509095880281702}, 
   {16, 0.00013092702972118268}, {17, 0.00010980450448485387}, 
   {18, 0.00009091325765081826}, {19, 0.00007435874678636111}, 
   {20, 0.000059457673607899234}, {21, 0.000046361538974810934}, 
   {22, 0.00003448900989408999}, {23, 0.00002401915826512364}, 
   {24, 0.000014453320608800712}, {25, 5.985042140013429*^-6}, 
   {26, 1.8167100651261697*^-6}, {27, 8.753087078228541*^-6}, 
   {28, 0.000015199276578063576}, {29, 0.000020957435725479402}, 
   {30, 0.0000263562030825594}, {31, 0.000031202978557161074}, 
   {32, 0.000035787239227454484}, {33, 0.000039924369134847607}, 
   {34, 0.00004387060340069077}, {35, 0.000047450979967679725}, 
   {36, 0.00005089327731939956}, {37, 0.00005403309544327155}, 
   {38, 0.000057073660648742385}, {39, 0.000059861507845721085}, 
   {40, 0.00006257852733955257}, {41, 0.00006508219145384656}, 
   {42, 0.00006753572908756889}, {43, 0.00006980730180264927}, 
   {44, 0.00007204372227664583}, {45, 0.00007412342903811292}, 
   {46, 0.0000761787203960888}, {47, 0.0000780977977341476}, 
   {48, 0.00008000006989366514}, {49, 0.00008178292959904257}, 
   {50, 0.00008355429564015833}, {51, 0.0000852201545644956}, 
   {52, 0.0000868781491963347}, {53, 0.00008844225825828562}, 
   {54, 0.00009000090890836764}, {55, 0.00009147548120228433}, 
   {56, 0.00009294611811381849}, {57, 0.00009434103089554201}, 
   {58, 0.00009573290092903246}, {59, 0.00009705622749535403}, 
   {60, 0.00009837696013001642}, {61, 0.0000996353735949988}, 
   {62, 0.00010089133551436623}, {63, 0.00010209041600381848}, 
   {64, 0.000103286981589698}, {65, 0.00010443145053203214}, 
   {66, 0.00010557320880326201}, {67, 0.00010666710811736065}, 
   {68, 0.00010775802156461645}, {69, 0.00010880485114212288}, 
   {70, 0.00010984837809583624}, {71, 0.00011085120166611992}, 
   {72, 0.00011185039096818158}, {73, 0.0001128119179560098}, 
   {74, 0.00011376948255706833}, {75, 0.00011469213167376318}, 
   {76, 0.0001156105061556756}, {77, 0.00011649645506351559}, 
   {78, 0.00011737784087198643}, {79, 0.00011822906520359954}, 
   {80, 0.00011907546645657883}, {81, 0.00011989377067590616}, 
   {82, 0.00012070702272132799}, {83, 0.0001214940647125444}, 
   {84, 0.0001222758570879947}, {85, 0.0001230331679042083}, 
   {86, 0.0001237850629555841}, {87, 0.00012451406281859873}, 
   {88, 0.00012523751093720427}, {89, 0.00012593952231995838}, 
   {90, 0.0001266358745307319}, {91, 0.00012731213295714942}, 
   {92, 0.00012798265142114056}, {93, 0.0001286343144704588}, 
   {94, 0.0001292801813321855}, {95, 0.00012990833622232722}, 
   {96, 0.0001305306611364349}, {97, 0.00013113633117372835}, 
   {98, 0.00013173615776892818}, {99, 0.00013232030788749616}, 
   {100, 0.0001328986193673487}, {101, 0.00013346216093162565}, 
   {102, 0.00013401988496965683}, {103, 0.0001345636799741281}, 
   {104, 0.00013510169302671503}, {105, 0.0001356265577996763}, 
   {106, 0.0001361456889326492}, {107, 0.00013665239742701474}, 
   {108, 0.00013715343173404906}, {109, 0.00013764271847135651}, 
   {110, 0.00013812640014636713}, {111, 0.00013859896286704584}, 
   {112, 0.00013906599797934598}, {113, 0.00013952250004148405}, 
   {114, 0.00013997355905497633}, {115, 0.0001404146316168692}, 
   {116, 0.00014085035168653112}, {117, 0.00014127659570004723}, 
   {118, 0.00014169758277268507}, {119, 0.00014210957081177392}, 
   {120, 0.00014251640155422962}, {121, 0.00014291467949726348}, 
   {122, 0.00014330790307145}, {123, 0.00014369299165371366}, 
   {124, 0.000144073131354722}, {125, 0.0001444455276047842}, 
   {126, 0.000144813082375615}, {127, 0.0001451732609477679}, 
   {128, 0.0001455287067830338}, {129, 0.0001458771211951569}, 
   {130, 0.000146220912444668}, {131, 0.0001465579962305237}, 
   {132, 0.00014689056681088113}, {133, 0.00014721673459481443}, 
   {134, 0.0001475384991179261}, {135, 0.00014785414761785652}, 
   {136, 0.00014816550244321162}, {137, 0.00014847101140920242}, 
   {138, 0.00014877233562563273}, {139, 0.00014906806871767118}, 
   {140, 0.00014935972506168742}, {141, 0.00014964603067280235}, 
   {142, 0.0001499283663870049}, {143, 0.00015020557841510362}, 
   {144, 0.0001504789260523377}, {145, 0.00015074736462483349}, 
   {146, 0.00015101204280187908}}, {1.2991453497733847*^-11, 
   0.995336294665049}}}
{3, 28, {{{-1.6347456507736507*^-6, 0, 0, 0}, {0, 1.636905117662277*^-6, 
    -1.0796481088574557*^-9, -1.0796481069794711*^-9}, 
   {0, -1.0796481078686986*^-9, -1.0795953255664277*^-9, 
    1.6369052232382688*^-6}, {0, -1.079648108251607*^-9, 
    1.6369052232374347*^-6, -1.0795953282410318*^-9}}, 
  {{-1.6347456507697168*^-6, 0, 0, 0}, {0, -1.0795953223109723*^-9, 
    -1.0796481048546592*^-9, 1.6369052232398894*^-6}, 
   {0, -1.079648107126825*^-9, 1.6369051176605034*^-6, 
    -1.0796481084859341*^-9}, {0, 1.6369052232372615*^-6, 
    -1.079648108488654*^-9, -1.0795953288081518*^-9}}, 
  {{-1.6347456507688726*^-6, 0, 0, 0}, {0, -1.079595323842001*^-9, 
    1.6369052232414746*^-6, -1.0796481074097076*^-9}, 
   {0, 1.6369052232403222*^-6, -1.0795953256046203*^-9, 
    -1.079648104975277*^-9}, {0, -1.0796481062191234*^-9, 
    -1.0796481072671613*^-9, 1.6369051176607877*^-6}}}, 
 {{{0., 0.5773502691873857, 0.5773502691873758, 0.5773502691871728}, 
   {-0.5773502691873857, 0., -0.5773502691871631, 0.5773502691873668}, 
   {-0.5773502691873758, 0.5773502691871631, 0., -0.5773502691873769}, 
   {-0.5773502691871728, -0.5773502691873668, 0.5773502691873769, 0.}}, 
  {{0., 0.5773502691873849, 0.5773502691873705, 0.5773502691871786}, 
   {-0.5773502691873849, 0., -0.5773502691871686, 0.5773502691873618}, 
   {-0.5773502691873705, 0.5773502691871686, 0., -0.5773502691873761}, 
   {-0.5773502691871786, -0.5773502691873618, 0.5773502691873761, 0.}}}, 
 {0, 0}, {{-0.9960000000000265, -0.9920000000000426}, 
  {-2.0039999999939697, -0.9999999999959833, -0.002000000001001534}, 
  {-1.0000000000000104, -0.9960000000000265}, {{2, 1.6437025355779308*^-6}}, 
  {{2, 9.177843670234626*^-15}}, {0.037037037036142695, 
   1.9237163624167744*^-35}}}
{3, 28, {{{-1.6347456507736507*^-6, 0, 0, 0}, {0, 1.636905117662277*^-6, 
    -1.0796481088574557*^-9, -1.0796481069794711*^-9}, 
   {0, -1.0796481078686986*^-9, -1.0795953255664277*^-9, 
    1.6369052232382688*^-6}, {0, -1.079648108251607*^-9, 
    1.6369052232374347*^-6, -1.0795953282410318*^-9}}, 
  {{-1.6347456507697168*^-6, 0, 0, 0}, {0, -1.0795953223109723*^-9, 
    -1.0796481048546592*^-9, 1.6369052232398894*^-6}, 
   {0, -1.079648107126825*^-9, 1.6369051176605034*^-6, 
    -1.0796481084859341*^-9}, {0, 1.6369052232372615*^-6, 
    -1.079648108488654*^-9, -1.0795953288081518*^-9}}, 
  {{-1.6347456507688726*^-6, 0, 0, 0}, {0, -1.079595323842001*^-9, 
    1.6369052232414746*^-6, -1.0796481074097076*^-9}, 
   {0, 1.6369052232403222*^-6, -1.0795953256046203*^-9, 
    -1.079648104975277*^-9}, {0, -1.0796481062191234*^-9, 
    -1.0796481072671613*^-9, 1.6369051176607877*^-6}}}, 
 {{{0., 0.5773502691873857, 0.5773502691873758, 0.5773502691871728}, 
   {-0.5773502691873857, 0., -0.5773502691871631, 0.5773502691873668}, 
   {-0.5773502691873758, 0.5773502691871631, 0., -0.5773502691873769}, 
   {-0.5773502691871728, -0.5773502691873668, 0.5773502691873769, 0.}}, 
  {{0., 0.5773502691873849, 0.5773502691873705, 0.5773502691871786}, 
   {-0.5773502691873849, 0., -0.5773502691871686, 0.5773502691873618}, 
   {-0.5773502691873705, 0.5773502691871686, 0., -0.5773502691873761}, 
   {-0.5773502691871786, -0.5773502691873618, 0.5773502691873761, 0.}}}, 
 {0, 0}, {{-0.9960000000000265, -0.9920000000000426}, 
  {-2.0039999999939697, -0.9999999999959833, -0.002000000001001534}, 
  {-1.0000000000000104, -0.9960000000000265}, {{2, 1.6437025355779308*^-6}}, 
  {{2, 9.177843670234626*^-15}}, {0.037037037036142695, 
   1.9237163624167744*^-35}}}
{147, 28, {{{-0.524675199752642, -1.9709049447624652*^-7, 
    -0.00010527948365559453, 0.00010509622047339106}, 
   {1.9709049658713192*^-7, 0.9992212010315555, 0.000022685951944538324, 
    0.00002295679416630149}, {-0.00010490885849420736, 
    0.00002267924490445615, -2.042235432044362*^-6, 0.008380269767020176}, 
   {0.00010509212165179941, 0.000022408402771558963, 0.008380268568365526, 
    -2.0422355992179286*^-6}}, {{-0.5246751997526322, 0.0001053050703786778, 
    1.7296672844928352*^-7, -0.0001050944323282569}, 
   {0.00010488327177104125, -2.0422354078397653*^-6, 0.00002268125945919814, 
    0.008380269701411442}, {-1.7296673047351608*^-7, 0.000022683937389074036, 
    0.9992212010315524, 0.00002299457179905154}, {-0.00010509390979708449, 
    0.008380268633976597, 0.000022370625137594472, -2.0422356238614103*^-6}}, 
  {{-0.5246751997525984, -0.00010488218471007119, 0.00010490763487860478, 
    -1.0092895811338422*^-9}, {-0.00010530615743875851, 
    -2.042235493450971*^-6, 0.008380269166239568, 0.00002295928247238459}, 
   {0.0001052807072706491, 0.008380269168739338, -2.04223554331473*^-6, 
    0.00002299677597977432}, {1.00928944682491*^-9, 0.000022405914466709035, 
    0.00002236842095902753, 0.9992212010315413}}}, 
 {{{0., 0.007590688061524683, 0.0075906884714896684, 0.007590678025112798}, 
   {-0.007590688061524683, 0., -0.007666182692448873, 0.00766619521086002}, 
   {-0.0075906884714896684, 0.007666182692448873, 0., -0.007666194719021965}, 
   {-0.007590678025112798, -0.00766619521086002, 0.007666194719021965, 0.}}, 
  {{0., 0.007590681643893158, 0.007590681233927704, 0.007590691680305476}, 
   {-0.007590681643893158, 0., -0.007666199055768212, 0.007666186537360329}, 
   {-0.007590681233927704, 0.007666199055768212, 0., -0.007666187029199725}, 
   {-0.007590691680305476, -0.007666186537360329, 0.007666187029199725, 
    0.}}}, {0, 0}, {{-1.5729200154270704, -1.5728674256197537}, 
  {-0.7873088573295852, -0.39342718115772374, -0.00022724750706887287}, 
  {-1.5729728667949177, -1.572920276987601}, {{2, 0.0008938668263574418}, 
   {3, 0.0007774239929235049}, {4, 0.0006770290701808169}, 
   {5, 0.0005896556728382484}, {6, 0.0005142306571296485}, 
   {7, 0.000448574397043891}, {8, 0.0003919612060998244}, 
   {9, 0.00034260070907104166}, {10, 0.00030008576489337635}, 
   {11, 0.000262939103548061}, {12, 0.00023098051531156294}, 
   {13, 0.00020298362812400106}, {14, 0.00017892670433231062}, 
   {15, 0.000157784297175681}, {16, 0.00013964258440053376}, 
   {17, 0.00012363738787776225}, {18, 0.00012183463235327036}, 
   {19, 0.0001204096994330676}, {20, 0.00011876145758876961}, 
   {21, 0.0001169359501755284}, {22, 0.00011496858425822949}, 
   {23, 0.0001128937433785347}, {24, 0.00011073688515130572}, 
   {25, 0.00010852337164761559}, {26, 0.00010627109319962186}, 
   {27, 0.00010399853944921024}, {28, 0.00010171793411445536}, 
   {29, 0.00009944259170128686}, {30, 0.00009718054798327647}, 
   {31, 0.00009494125593505903}, {32, 0.00009272969386397642}, 
   {33, 0.00009055245572889541}, {34, 0.00008841231564778694}, 
   {35, 0.00008631376595962491}, {36, 0.00008425801423879529}, 
   {37, 0.00008224801904051834}, {38, 0.00008028389389241886}, 
   {39, 0.00007836748670382847}, {40, 0.0000764981643934055}, 
   {41, 0.00007467697789774116}, {42, 0.00007290280104872444}, 
   {43, 0.00007117611924208934}, {44, 0.00006949549667357568}, 
   {45, 0.00006786102316015327}, {46, 0.00006627108472786157}, 
   {47, 0.00006472549981681452}, {48, 0.00006322256937525694}, 
   {49, 0.00006176193072594816}, {50, 0.00006034186464308738}, 
   {51, 0.00005896189249865458}, {52, 0.00005762031919771468}, 
   {53, 0.000056316596830755655}, {54, 0.000055049083775429025}, 
   {55, 0.00005381719592712896}, {56, 0.000052619363684444816}, 
   {57, 0.000051454989885638125}, {58, 0.00005032258777940869}, 
   {59, 0.000049221563049389565}, {60, 0.00004815051716498299}, 
   {61, 0.00004710886929548772}, {62, 0.000046095310703187474}, 
   {63, 0.000045109280903675095}, {64, 0.000044149559925894116}, 
   {65, 0.000043215611788272046}, {66, 0.00004230630254154193}, 
   {67, 0.00004142112295323595}, {68, 0.00004055902125799614}, 
   {69, 0.000039719515883085074}, {70, 0.00003890163277567044}, 
   {71, 0.00003810491801766597}, {72, 0.00003732847047240723}, 
   {73, 0.00003657186326372613}, {74, 0.000035834263277965614}, 
   {75, 0.00003511526967447422}, {76, 0.00003441411251899323}, 
   {77, 0.00003373041576662777}, {78, 0.000033063467969773885}, 
   {79, 0.00003241291651220803}, {80, 0.00003177810395749332}, 
   {81, 0.000031158699697561056}, {82, 0.00003055409608069236}, 
   {83, 0.000029963983094511218}, {84, 0.000029387798914809818}, 
   {85, 0.00002882525274304059}, {86, 0.000028275824903355173}, 
   {87, 0.0000277392424897719}, {88, 0.000027215024563985966}, 
   {89, 0.000026702914860657692}, {90, 0.000026202468037232578}, 
   {91, 0.000025713443292194743}, {92, 0.000025235427982902778}, 
   {93, 0.000024768195678233698}, {94, 0.0000243113637781317}, 
   {95, 0.000023864719204344693}, {96, 0.000023427906962385746}, 
   {97, 0.000023000726384596153}, {98, 0.00002258284785232323}, 
   {99, 0.000022174082239766885}, {100, 0.00002177412325896598}, 
   {101, 0.000021382792526150086}, {102, 0.00002099980521747674}, 
   {103, 0.000020624992951100152}, {104, 0.000020258090657894814}, 
   {105, 0.000019898939281216138}, {106, 0.000019547291944791226}, 
   {107, 0.000019202998290453188}, {108, 0.000018865828205434643}, 
   {109, 0.00001853563945369667}, {110, 0.000018212217381127077}, 
   {111, 0.000017895427341502873}, {112, 0.0000175850689338123}, 
   {113, 0.000017281014635904535}, {114, 0.000016983077246861614}, 
   {115, 0.00001669113585835852}, {116, 0.000016405015408256854}, 
   {117, 0.000016124601250971926}, {118, 0.000015849729569946194}, 
   {119, 0.000015580291620458098}, {120, 0.000015316133960167205}, 
   {121, 0.000015057153327339284}, {122, 0.000014803205949688591}, 
   {123, 0.000014554193740851443}, {124, 0.000014309981869456076}, 
   {125, 0.000014070477130815467}, {126, 0.000013835552997748524}, 
   {127, 0.000013605120877363541}, {128, 0.000013379061970670778}, 
   {129, 0.000013157292057249664}, {130, 0.000012939699550747197}, 
   {131, 0.000012726204397876459}, {132, 0.000012516701773043065}, 
   {133, 0.000012311115629421929}, {134, 0.000012109347529119796}, 
   {135, 0.000011911325328840122}, {136, 0.000011716956695165953}, 
   {137, 0.000011526173374042104}, {138, 0.000011338888982552128}, 
   {139, 0.000011155039286813925}, {140, 0.000010974543858906227}, 
   {141, 0.000010797342816216277}, {142, 0.000010623362010690057}, 
   {143, 0.000010452546577107563}, {144, 0.000010284829404636278}, 
   {145, 0.000010120161826531957}, {146, 9.958485231106179*^-6}}, 
  {{2, 0.0005244122028370304}, {3, 0.0004555986092857839}, 
   {4, 0.0003955441144932781}, {5, 0.0003434369503190687}, 
   {6, 0.00029793569897695345}, {7, 0.0002584368863823573}, 
   {8, 0.00022386107755347648}, {9, 0.00019382351578224526}, 
   {10, 0.00016745065762829972}, {11, 0.00014451522057964194}, 
   {12, 0.0001243053248159187}, {13, 0.00010670562581608823}, 
   {14, 0.00009113133722109387}, {15, 0.00007754547940140851}, 
   {16, 0.00006546351486059134}, {17, 0.000054902252242426935}, 
   {18, 0.00004545662882540913}, {19, 0.000037179373393180556}, 
   {20, 0.000029728836803949617}, {21, 0.000023180769487405467}, 
   {22, 0.000017244504947044995}, {23, 0.00001200957913256182}, 
   {24, 7.226660304400356*^-6}, {25, 2.9925210700067146*^-6}, 
   {26, 9.083550325630848*^-7}, {27, 4.376543539114271*^-6}, 
   {28, 7.599638289031788*^-6}, {29, 0.000010478717862739701}, 
   {30, 0.0000131781015412797}, {31, 0.000015601489278580537}, 
   {32, 0.000017893619613727242}, {33, 0.000019962184567423803}, 
   {34, 0.000021935301700345387}, {35, 0.000023725489983839863}, 
   {36, 0.00002544663865969978}, {37, 0.000027016547721635774}, 
   {38, 0.000028536830324371192}, {39, 0.000029930753922860542}, 
   {40, 0.000031289263669776284}, {41, 0.00003254109572692328}, 
   {42, 0.000033767864543784446}, {43, 0.000034903650901324634}, 
   {44, 0.000036021861138322914}, {45, 0.00003706171451905646}, 
   {46, 0.0000380893601980444}, {47, 0.0000390488988670738}, 
   {48, 0.00004000003494683257}, {49, 0.000040891464799521285}, 
   {50, 0.000041777147820079165}, {51, 0.0000426100772822478}, 
   {52, 0.00004343907459816735}, {53, 0.00004422112912914281}, 
   {54, 0.00004500045445418382}, {55, 0.000045737740601142166}, 
   {56, 0.000046473059056909245}, {57, 0.000047170515447771004}, 
   {58, 0.00004786645046451623}, {59, 0.000048528113747677015}, 
   {60, 0.00004918848006500821}, {61, 0.0000498176867974994}, 
   {62, 0.000050445667757183114}, {63, 0.00005104520800190924}, 
   {64, 0.000051643490794849}, {65, 0.00005221572526601607}, 
   {66, 0.000052786604401631004}, {67, 0.00005333355405868032}, 
   {68, 0.00005387901078230822}, {69, 0.00005440242557106144}, 
   {70, 0.00005492418904791812}, {71, 0.00005542560083305996}, 
   {72, 0.00005592519548409079}, {73, 0.0000564059589780049}, 
   {74, 0.00005688474127853417}, {75, 0.00005734606583688159}, 
   {76, 0.0000578052530778378}, {77, 0.000058248227531757794}, 
   {78, 0.000058688920435993216}, {79, 0.00005911453260179977}, 
   {80, 0.000059537733228289414}, {81, 0.00005994688533795308}, 
   {82, 0.000060353511360663994}, {83, 0.0000607470323562722}, 
   {84, 0.00006113792854399736}, {85, 0.00006151658395210415}, 
   {86, 0.00006189253147779206}, {87, 0.00006225703140929937}, 
   {88, 0.00006261875546860213}, {89, 0.00006296976115997919}, 
   {90, 0.00006331793726536595}, {91, 0.00006365606647857471}, 
   {92, 0.00006399132571057028}, {93, 0.0000643171572352294}, 
   {94, 0.00006464009066609275}, {95, 0.00006495416811116361}, 
   {96, 0.00006526533056821745}, {97, 0.00006556816558686417}, 
   {98, 0.00006586807888446409}, {99, 0.00006616015394374808}, 
   {100, 0.00006644930968367435}, {101, 0.00006673108046581283}, 
   {102, 0.00006700994248482842}, {103, 0.00006728183998706404}, 
   {104, 0.00006755084651335751}, {105, 0.00006781327889983816}, 
   {106, 0.0000680728444663246}, {107, 0.00006832619871350737}, 
   {108, 0.00006857671586702453}, {109, 0.00006882135923567826}, 
   {110, 0.00006906320007318357}, {111, 0.00006929948143352292}, 
   {112, 0.00006953299898967299}, {113, 0.00006976125002074202}, 
   {114, 0.00006998677952748816}, {115, 0.0000702073158084346}, 
   {116, 0.00007042517584326556}, {117, 0.00007063829785002361}, 
   {118, 0.00007084879138634254}, {119, 0.00007105478540588696}, 
   {120, 0.00007125820077711481}, {121, 0.00007145733974863174}, 
   {122, 0.000071653951535725}, {123, 0.00007184649582685683}, 
   {124, 0.000072036565677361}, {125, 0.0000722227638023921}, 
   {126, 0.0000724065411878075}, {127, 0.00007258663047388396}, 
   {128, 0.0000727643533915169}, {129, 0.00007293856059757845}, 
   {130, 0.000073110456222334}, {131, 0.00007327899811526185}, 
   {132, 0.00007344528340544057}, {133, 0.00007360836729740721}, 
   {134, 0.00007376924955896304}, {135, 0.00007392707380892826}, 
   {136, 0.00007408275122160581}, {137, 0.00007423550570460121}, 
   {138, 0.00007438616781281637}, {139, 0.00007453403435883559}, 
   {140, 0.00007467986253084371}, {141, 0.00007482301533640117}, 
   {142, 0.00007496418319350245}, {143, 0.00007510278920755181}, 
   {144, 0.00007523946302616885}, {145, 0.00007537368231241674}, 
   {146, 0.00007550602140093954}}, {2.0299146090209137*^-13, 
   0.995336294665049}}}
{7, 28, {{{-0.5248713424213717, 0, -2.230013452133848*^-6, 
    2.2300134513367985*^-6}, {0, 0.9999939295523759, -1.3271523081818008*^-6, 
    -1.3271523076538786*^-6}, {-2.230013451709058*^-6, 
    -1.3271523072224165*^-6, 4.760211017394017*^-7, 0.000024275855447248405}, 
   {2.230013451515242*^-6, -1.3271523073711504*^-6, 0.000024275855448899936, 
    4.760210992006339*^-7}}, {{-0.5248713424213719, 2.230013451848937*^-6, 0, 
    -2.2300134513446014*^-6}, {2.230013451993854*^-6, 4.76021101493071*^-7, 
    -1.3271523072389756*^-6, 0.00002427585544810053}, 
   {0, -1.3271523081777558*^-6, 0.9999939295523756, -1.3271523075750855*^-6}, 
   {-2.230013451503819*^-6, 0.00002427585544719086, -1.3271523074592393*^-6, 
    4.760211017307281*^-7}}, {{-0.5248713424213713, -2.230013451834039*^-6, 
    2.2300134521362045*^-6, 0}, {-2.2300134519430014*^-6, 
    4.7602110079050797*^-7, 0.000024275855445851448, 
    -1.3271523072951483*^-6}, {2.2300134516822812*^-6, 
    0.00002427585545077919, 4.760211000098824*^-7, -1.3271523073716515*^-6}, 
   {0, -1.3271523076297047*^-6, -1.3271523075462711*^-6, 
    0.999993929552377}}}, 
 {{{0., 0.001088624924810483, 0.0010886249248105147, 0.0010886249248104386}, 
   {-0.001088624924810483, 0., -0.000554638930823775, 0.0005546389308237897}, 
   {-0.0010886249248105147, 0.000554638930823775, 0., 
    -0.0005546389308237105}, {-0.0010886249248104386, -0.0005546389308237897, 
    0.0005546389308237105, 0.}}, {{0., 0.0010886249248104921, 
    0.0010886249248105175, 0.0010886249248103779}, 
   {-0.0010886249248104921, 0., -0.00055463893082375, 0.0005546389308235463}, 
   {-0.0010886249248105175, 0.00055463893082375, 0., -0.0005546389308236476}, 
   {-0.0010886249248103779, -0.0005546389308235463, 0.0005546389308236476, 
    0.}}}, {0, 0}, {{-1.5746004817500936, -1.5745929395353748}, 
  {-1.5746265460138098, -0.39365314285080466, -0.39366013015610024}, 
  {-1.57460617418307, -1.5745986319683511}, {{2, 0.0002237841382311639}, 
   {3, 0.00009709860450522962}, {4, 0.000042137168495859226}, 
   {5, 0.000018286724918453777}, {6, 7.94099704539016*^-6}}, 
  {{2, 0.0005487117457207832}, {3, 0.0005400675324173841}, 
   {4, 0.000536316136201654}, {5, 0.0005346914447491376}, 
   {6, 0.0005339859939867674}}, {2.9111333529398243*^-20, 
   0.9999635778670074}}}
