{3, 28, {{{0, 0, 0, 0}, {0, 0, 0, 0}, {0, 0, 0, 0}, {0, 0, 0, 0}}, 
  {{0, 0, 0, 0}, {0, 0, 0, 0}, {0, 0, 0, 0}, {0, 0, 0, 0}}, 
  {{0, 0, 0, 0}, {0, 0, 0, 0}, {0, 0, 0, 0}, {0, 0, 0, 0}}}, 
 {{{0., 0.288675134594812, 0.2886751345948117, 0.28867513459481464}, 
   {-0.288675134594812, 0., -0.2886751345948113, 0.28867513459481353}, 
   {-0.2886751345948117, 0.2886751345948113, 0., -0.28867513459481364}, 
   {-0.28867513459481464, -0.28867513459481353, 0.28867513459481364, 0.}}, 
  {{0., 0.2886751345948124, 0.28867513459481253, 0.2886751345948134}, 
   {-0.2886751345948124, 0., -0.28867513459481275, 0.28867513459481287}, 
   {-0.28867513459481253, 0.28867513459481275, 0., -0.28867513459481275}, 
   {-0.2886751345948134, -0.28867513459481287, 0.28867513459481275, 0.}}}, 
 {0, 0}, {{-0.20999999999999971, -0.16999999999999987}, 
  {-1.0799999999999965, -0.2499999999999999, -0.28999999999999837}, 
  {-0.24999999999999972, -0.2099999999999999}, 
  {{2, 3.3306690738754696*^-15}}, {{2, 1.3600232051658168*^-15}}, 
  {0.0005787037037037028, 0}}}
{3, 28, {{{0, 0, 0, 0}, {0, 0, 0, 0}, {0, 0, 0, 0}, {0, 0, 0, 0}}, 
  {{0, 0, 0, 0}, {0, 0, 0, 0}, {0, 0, 0, 0}, {0, 0, 0, 0}}, 
  {{0, 0, 0, 0}, {0, 0, 0, 0}, {0, 0, 0, 0}, {0, 0, 0, 0}}}, 
 {{{0., 0.28867513459481264, 0.28867513459481275, 0.2886751345948133}, 
   {-0.28867513459481264, 0., -0.2886751345948131, 0.28867513459481287}, 
   {-0.28867513459481275, 0.2886751345948131, 0., -0.28867513459481275}, 
   {-0.2886751345948133, -0.28867513459481287, 0.28867513459481275, 0.}}, 
  {{0., 0.28867513459481253, 0.28867513459481253, 0.28867513459481353}, 
   {-0.28867513459481253, 0., -0.28867513459481275, 0.288675134594813}, 
   {-0.28867513459481253, 0.28867513459481275, 0., -0.28867513459481287}, 
   {-0.28867513459481353, -0.288675134594813, 0.28867513459481287, 0.}}}, 
 {0, 0}, {{-0.20999999999999988, -0.16999999999999998}, 
  {-0.41999999999999965, -0.25, 0.040000000000000174}, 
  {-0.24999999999999992, -0.21000000000000002}, 
  {{2, 8.881784197001252*^-16}}, {{2, 3.3306690738754696*^-16}}, 
  {0.0005787037037037037, 0}}}
