{3, 28, {{{0, 0, 0, 0}, {0, 0, 0, 0}, {0, 0, 0, 0}, {0, 0, 0, 0}}, 
  {{0, 0, 0, 0}, {0, 0, 0, 0}, {0, 0, 0, 0}, {0, 0, 0, 0}}, 
  {{0, 0, 0, 0}, {0, 0, 0, 0}, {0, 0, 0, 0}, {0, 0, 0, 0}}}, 
 {{{0., -0.288675134594813, -0.2886751345948132, -0.2886751345948124}, 
   {0.288675134594813, 0., 0.2886751345948123, -0.2886751345948131}, 
   {0.2886751345948132, -0.2886751345948123, 0., 0.2886751345948131}, 
   {0.2886751345948124, 0.2886751345948131, -0.2886751345948131, 0.}}, 
  {{0., -0.2886751345948132, -0.2886751345948132, -0.2886751345948123}, 
   {0.2886751345948132, 0., 0.2886751345948123, -0.2886751345948132}, 
   {0.2886751345948132, -0.2886751345948123, 0., 0.2886751345948131}, 
   {0.2886751345948123, 0.2886751345948132, -0.2886751345948131, 0.}}}, 
 {0, 0}, {{-0.4299999999999998, -0.6100000000000002}, 
  {-0.8599999999999977, -0.25, -0.17999999999999883}, 
  {-0.24999999999999975, -0.43000000000000016}, 
  {{2, 2.220446049250313*^-16}}, {{2, 7.401486830834377*^-17}}, 
  {0.0005787037037037033, 0}}}
