{43, 28, {{{0, 0, 0, 0}, {0, 0, 0, 0}, {0, 0, 0, 0}, {0, 0, 0, 0}}, 
  {{0, 0, 0, 0}, {0, 0, 0, 0}, {0, 0, 0, 0}, {0, 0, 0, 0}}, 
  {{0, 0, 0, 0}, {0, 0, 0, 0}, {0, 0, 0, 0}, {0, 0, 0, 0}}}, 
 {{{0., 0.5773502691896211, 0.5773502691896211, 0.5773502691896351}, 
   {-0.5773502691896211, 0., -0.5773502691896164, 0.5773502691896304}, 
   {-0.5773502691896211, 0.5773502691896164, 0., -0.5773502691896304}, 
   {-0.5773502691896351, -0.5773502691896304, 0.5773502691896304, 0.}}, 
  {{0., 0.5773502691896073, 0.5773502691896073, 0.5773502691896626}, 
   {-0.5773502691896073, 0., -0.5773502691895889, 0.5773502691896443}, 
   {-0.5773502691896073, 0.5773502691895889, 0., -0.577350269189644}, 
   {-0.5773502691896626, -0.5773502691896443, 0.577350269189644, 0.}}}, 
 {0, 0}, {{-0.9939999999999997, -0.9879999999999998}, 
  {-1.0060000000000102, -0.9999999999999998, 0.49699999999999467}, 
  {-0.9999999999999997, -0.9939999999999998}, {{2, 0.000912404006552979}, 
   {3, 0.0008020372544878841}, {4, 0.0007082956523707974}, 
   {5, 0.0006255010415585557}, {6, 0.0005547637945639353}, 
   {7, 0.0004923788911376896}, {8, 0.0004393666768229554}, 
   {9, 0.00039245479803335856}, {10, 0.0003528534281014087}, 
   {11, 0.0003176707437897233}, {12, 0.00028822627555246533}, 
   {13, 0.0002957674004893697}, {14, 0.00030457829965067733}, 
   {15, 0.00031264711314001915}, {16, 0.0003201066951315206}, 
   {17, 0.0003271044924097362}, {18, 0.0003337461916017338}, 
   {19, 0.0003401538309945641}, {20, 0.00034641301068242397}, 
   {21, 0.0003526273227974358}, {22, 0.0003588690808016548}, 
   {23, 0.00036523013458304374}, {24, 0.00037177609378401776}, 
   {25, 0.00037859375731817344}, {26, 0.00038574882679936334}, 
   {27, 0.0004420300742960492}, {28, 0.0005649659211505718}, 
   {29, 0.00072159941816433}, {30, 0.0009220903499070855}, 
   {31, 0.0011777486416628075}, {32, 0.0015046236528312423}, 
   {33, 0.001921599714592541}, {34, 0.0024543191580872043}, 
   {35, 0.00313395265451974}, {36, 0.004001741866821229}, 
   {37, 0.005108782813809715}, {38, 0.006521643456605702}, 
   {39, 0.008323703632151198}, {40, 0.010622564416549733}, 
   {41, 0.997250907681047}, {42, 0.}}, {{2, 0.0009062021979665396}, 
   {3, 0.0007668648600744465}, {4, 0.0006425975932225717}, 
   {5, 0.0005341553427638604}, {6, 0.00043739525765871276}, 
   {7, 0.0003527665965682066}, {8, 0.00027669112220388435}, 
   {9, 0.00020993004948722618}, {10, 0.0001493774894301917}, 
   {11, 0.0000959924096504642}, {12, 0.00004706474760625412}, 
   {13, 3.667400578244208*^-6}, {14, 0.00003657777053922909}, 
   {15, 0.00007254394814377023}, {16, 0.00010633000607410993}, 
   {17, 0.00013679737544785724}, {18, 0.00016580879166549754}, 
   {19, 0.0001922429227534054}, {20, 0.00021776165147278925}, 
   {21, 0.00024128024947741786}, {22, 0.0002642886984067083}, 
   {23, 0.0002857512969355764}, {24, 0.0003070100142092488}, 
   {25, 0.00032708564642008653}, {26, 0.00034719201050306274}, 
   {27, 0.00036641037548445533}, {28, 0.0003858430479683252}, 
   {29, 0.0004046332816124987}, {30, 0.0004237858757960526}, 
   {31, 0.00044250575909058075}, {32, 0.00046171186379482566}, 
   {33, 0.0004806688168799046}, {34, 0.0005002186753900126}, 
   {35, 0.0005196813783877607}, {36, 0.0005398268619806502}, 
   {37, 0.0005600207324933653}, {38, 0.0005809564027334662}, 
   {39, 0.0006020219896351915}, {40, 0.0006238071556152943}, 
   {41, 3.0790185216271006*^-14}, {42, 3.0790185216271006*^-14}}, 
  {0.03703703703703702, 0}}}
{3, 28, {{{-4.060381325802278*^-7, 0, 0, 0}, {0, 4.068545745413296*^-7, 
    -4.076073241477554*^-10, -4.0760731524579934*^-10}, 
   {0, -4.076073199040558*^-10, -4.0750810724423665*^-10, 
    4.0685477330727393*^-7}, {0, -4.07607322131149*^-10, 
    4.0685477330660483*^-7, -4.0750812007002857*^-10}}, 
  {{-4.060381325835863*^-7, 0, 0, 0}, {0, -4.075081081084059*^-10, 
    -4.07607316942262*^-10, 4.0685477330837*^-7}, 
   {0, -4.0760732172982456*^-10, 4.0685457453802113*^-7, 
    -4.0760731587678843*^-10}, {0, 4.0685477330281557*^-7, 
    -4.076073226765799*^-10, -4.07508118145798*^-10}}, 
  {{-4.0603813258321316*^-7, 0, 0, 0}, {0, -4.0750810516199475*^-10, 
    4.068547733052361*^-7, -4.0760731334571377*^-10}, 
   {0, 4.068547733043632*^-7, -4.0750810777136494*^-10, 
    -4.076073189636788*^-10}, {0, -4.0760732281592594*^-10, 
    -4.0760731730753626*^-10, 4.068545745357498*^-7}}}, 
 {{{0., 0.5773502691895568, 0.5773502691895469, 0.5773502691893452}, 
   {-0.5773502691895568, 0., -0.5773502691893437, 0.5773502691895464}, 
   {-0.5773502691895469, 0.5773502691893437, 0., -0.5773502691895562}, 
   {-0.5773502691893452, -0.5773502691895464, 0.5773502691895562, 0.}}, 
  {{0., 0.5773502691895563, 0.5773502691895422, 0.5773502691893503}, 
   {-0.5773502691895563, 0., -0.5773502691893501, 0.5773502691895411}, 
   {-0.5773502691895422, 0.5773502691893501, 0., -0.5773502691895552}, 
   {-0.5773502691893503, -0.5773502691895411, 0.5773502691895552, 0.}}}, 
 {0, 0}, {{-0.9940000000000023, -0.9880000000000038}, 
  {-2.0059999999996374, -0.9999999999997519, -0.003000000000066838}, 
  {-1.0000000000000009, -0.9940000000000023}, {{2, 4.0936346965524853*^-7}}, 
  {{2, 8.326672684688674*^-16}}, {0.03703703703698175, 
   4.535604949367215*^-39}}}
{103, 28, {{{0, 0, 0, 0}, {0, 0, 0, 0}, {0, 0, 0, 0}, {0, 0, 0, 0}}, 
  {{0, 0, 0, 0}, {0, 0, 0, 0}, {0, 0, 0, 0}, {0, 0, 0, 0}}, 
  {{0, 0, 0, 0}, {0, 0, 0, 0}, {0, 0, 0, 0}, {0, 0, 0, 0}}}, 
 {{{0., 0.28867513459481875, 0.28867513459481875, 0.2886751345948011}, 
   {-0.28867513459481875, 0., -0.2886751345948245, 0.288675134594807}, 
   {-0.28867513459481875, 0.2886751345948245, 0., -0.288675134594807}, 
   {-0.2886751345948011, -0.288675134594807, 0.288675134594807, 0.}}, 
  {{0., 0.28867513459483407, 0.28867513459483407, 0.28867513459477034}, 
   {-0.28867513459483407, 0., -0.28867513459485533, 0.28867513459479155}, 
   {-0.28867513459483407, 0.28867513459485533, 0., -0.28867513459479155}, 
   {-0.28867513459477034, -0.28867513459479155, 0.28867513459479155, 0.}}}, 
 {0, 0}, {{-0.24699999999999994, -0.24400000000000005}, 
  {-1.0060000000000102, -0.2499999999999999, -0.2530000000000052}, 
  {-0.24999999999999994, -0.24700000000000005}, 
  {{2, 0.000912404006552979}, {3, 0.0008020372544878841}, 
   {4, 0.0007082956523707974}, {5, 0.0006255010415585557}, 
   {6, 0.0005547637945639353}, {7, 0.0004923788911376896}, 
   {8, 0.0004393666768229554}, {9, 0.00039245479803335856}, 
   {10, 0.0003528534281014087}, {11, 0.0003176707437897233}, 
   {12, 0.00028822627555246533}, {13, 0.0002957674004893697}, 
   {14, 0.00030457829965067733}, {15, 0.00031264711314001915}, 
   {16, 0.0003201066951315206}, {17, 0.0003271044924097362}, 
   {18, 0.0003337461916017338}, {19, 0.0003401538309945641}, 
   {20, 0.00034641301068242397}, {21, 0.0003526273227974358}, 
   {22, 0.0003588690808016548}, {23, 0.00036523013458304374}, 
   {24, 0.00037177609378401776}, {25, 0.00037859375731817344}, 
   {26, 0.00038574882679936334}, {27, 0.0004420300742960492}, 
   {28, 0.0005649659211505718}, {29, 0.00072159941816433}, 
   {30, 0.0009220903499070855}, {31, 0.0011777486416628075}, 
   {32, 0.0015046236528312423}, {33, 0.001921599714592541}, 
   {34, 0.0024543191580872043}, {35, 0.00313395265451974}, 
   {36, 0.004001741866821229}, {37, 0.005108782813809715}, 
   {38, 0.006521643456605702}, {39, 0.008323703632151198}, 
   {40, 0.010622564416549733}, {41, 0.013553796989811975}, 
   {42, 0.01729123434250868}, {43, 0.022054840214785335}, 
   {44, 0.028125111378634587}, {45, 0.03585553535091689}, 
   {46, 0.04569203135252718}, {47, 0.05819449385850223}, 
   {48, 0.07405709259580134}, {49, 0.09412843508106163}, 
   {50, 0.11941667995483374}, {51, 0.15106549869136934}, 
   {52, 0.19026202253717378}, {53, 0.2380242304336811}, 
   {54, 0.29479866387881615}, {55, 0.36251817822935306}, 
   {56, 0.43948290627838227}, {57, 0.5209011590830847}, 
   {58, 0.6006207079540243}, {59, 0.6719279407274137}, 
   {60, 0.7299796744530134}, {61, 0.7738485942400632}, 
   {62, 0.8059182320192346}, {63, 0.8294330307486697}, 
   {64, 0.847204021141083}, {65, 0.8610142026030728}, 
   {66, 0.872715827724069}, {67, 0.8833308297814317}, 
   {68, 0.893193290947506}, {69, 0.9026884426471303}, 
   {70, 0.9115967983620701}, {71, 0.9199699604219884}, 
   {72, 0.9281044422285383}, {73, 0.9360167348351346}, 
   {74, 0.9431831511128669}, {75, 0.9499336420425772}, 
   {76, 0.9561517677844356}, {77, 0.9619934798500431}, 
   {78, 0.9674006493129217}, {79, 0.9724147108026719}, 
   {80, 0.9769756333789209}, {81, 0.9810740834209377}, 
   {82, 0.9846667500919218}, {83, 0.9877471078765303}, 
   {84, 0.990293220972714}, {85, 0.9922611510362395}, 
   {86, 0.9935937314752495}, {87, 0.994656542903988}, 
   {88, 0.9956270749826346}, {89, 0.9964326545280142}, 
   {90, 0.9970758492659129}, {91, 0.9975437055839286}, 
   {92, 0.997866994343284}, {93, 0.9980699742994439}, 
   {94, 0.9981856621870916}, {95, 0.9982377916547794}, 
   {96, 0.9982481847402831}, {97, 0.9982315143992583}, 
   {98, 0.9981994055178801}, {99, 0.9981592363337146}, 
   {100, 0.9981163247668472}, {101, 0.5771311846832392}, {102, 0.}}, 
  {{2, 0.0004531010989832698}, {3, 0.00038343243003722324}, 
   {4, 0.00032129879661128586}, {5, 0.0002670776713819302}, 
   {6, 0.00021869762882935638}, {7, 0.0001763832982841033}, 
   {8, 0.00013834556110194218}, {9, 0.00010496502474361309}, 
   {10, 0.00007468874471509585}, {11, 0.0000479962048252321}, 
   {12, 0.00002353237380312706}, {13, 1.833700289122104*^-6}, 
   {14, 0.000018288885269614544}, {15, 0.000036271974071885115}, 
   {16, 0.000053165003037054966}, {17, 0.00006839868772392862}, 
   {18, 0.00008290439583274877}, {19, 0.0000961214613767027}, 
   {20, 0.00010888082573639463}, {21, 0.00012064012473870893}, 
   {22, 0.00013214434920335414}, {23, 0.0001428756484677882}, 
   {24, 0.0001535050071046244}, {25, 0.00016354282321004326}, 
   {26, 0.00017359600525153137}, {27, 0.00018320518774222767}, 
   {28, 0.0001929215239841626}, {29, 0.00020231664080624934}, 
   {30, 0.0002118929378980263}, {31, 0.00022125287954529038}, 
   {32, 0.00023085593189741283}, {33, 0.0002403344084399523}, 
   {34, 0.0002501093376950063}, {35, 0.00025984068919388036}, 
   {36, 0.0002699134309903251}, {37, 0.00028001036624668264}, 
   {38, 0.0002904782013667331}, {39, 0.00030101099481759575}, 
   {40, 0.00031190357780764715}, {41, 0.00032283170150408625}, 
   {42, 0.00033399492775819785}, {43, 0.0003449732748172718}, 
   {44, 0.0003557493882116536}, {45, 0.0003656042994224483}, 
   {46, 0.00037397930986113066}, {47, 0.00037933206351474947}, 
   {48, 0.00037973601671558436}, {49, 0.0004102307838157295}, 
   {50, 0.0004442362702693269}, {51, 0.0004913380905421134}, 
   {52, 0.0005903894737709069}, {53, 0.0007264481598667904}, 
   {54, 0.0008726640565252643}, {55, 0.0010415853573267245}, 
   {56, 0.001439150818839708}, {57, 0.0018782383435597826}, 
   {58, 0.002313113751008206}, {59, 0.002698498377456659}, 
   {60, 0.003000420158678658}, {61, 0.0031757614282157468}, 
   {62, 0.0032323692876010147}, {63, 0.0032252668555830884}, 
   {64, 0.00322693908635334}, {65, 0.0031368194403951816}, 
   {66, 0.0029541118676927104}, {67, 0.002799049764066981}, 
   {68, 0.0026737698861445084}, {69, 0.002560685704673222}, 
   {70, 0.0024411625169916355}, {71, 0.00230171635411304}, 
   {72, 0.0021756848317027325}, {73, 0.0020665865993315267}, 
   {74, 0.001959609858188897}, {75, 0.0018621045650532232}, 
   {76, 0.0017728399237107444}, {77, 0.0016924511627525358}, 
   {78, 0.001620591259014922}, {79, 0.0015574651555527758}, 
   {80, 0.0015029576625371149}, {81, 0.0014571488782460413}, 
   {82, 0.0014242529033670836}, {83, 0.0014218483302098762}, 
   {84, 0.001424308504370341}, {85, 0.0014319658377680256}, 
   {86, 0.0014444940990226804}, {87, 0.001457299881795305}, 
   {88, 0.0014708763431113864}, {89, 0.001483718509733439}, 
   {90, 0.0014956002194087194}, {91, 0.0015064233926035662}, 
   {92, 0.0015158385956291342}, {93, 0.001524181127775144}, 
   {94, 0.0015312182133947055}, {95, 0.0015373855581634105}, 
   {96, 0.0015424798898502207}, {97, 0.0015469429234185156}, 
   {98, 0.0015505586526666957}, {99, 0.001553751581091022}, 
   {100, 0.0015562821034581374}, {101, 3.6165515027164474*^-14}, 
   {102, 3.6165515027164474*^-14}}, {0.0005787037037037031, 0}}}
{7, 28, {{{-0.5248661257428987, 0, -5.029069828478664*^-6, 
    5.029069829540588*^-6}, {0, 0.9999863008498454, -2.988091152312194*^-6, 
    -2.9880911534000382*^-6}, {-5.029069828657716*^-6, 
    -2.9880911543627437*^-6, 1.0707159386353499*^-6, 0.00006622523487251915}, 
   {5.029069828195752*^-6, -2.9880911523649318*^-6, 0.00006622523487654695, 
    1.070715935962141*^-6}}, {{-0.524866125742897, 5.0290698280938556*^-6, 0, 
    -5.029069829549216*^-6}, {5.029069829017542*^-6, 1.0707159385850429*^-6, 
    -2.988091154389061*^-6, 0.0000662252348735149}, 
   {0, -2.988091152317076*^-6, 0.9999863008498433, -2.9880911521014647*^-6}, 
   {-5.029069828159045*^-6, 0.00006622523487587233, -2.9880911537350093*^-6, 
    1.0707159355249907*^-6}}, {{-0.5248661257428973, -5.029069828057587*^-6, 
    5.02906982841294*^-6, 0}, {-5.029069828892444*^-6, 1.070715933123266*^-6, 
    0.00006622523487322803, -2.988091152205461*^-6}, 
   {5.029069828520674*^-6, 0.00006622523487823109, 1.0707159372180808*^-6, 
    -2.9880911535297427*^-6}, {0, -2.9880911535227818*^-6, 
    -2.9880911522163893*^-6, 0.9999863008498475}}}, 
 {{{0., 0.001634313308235844, 0.0016343133082359234, 0.0016343133082358174}, 
   {-0.001634313308235844, 0., -0.0008335723768236095, 
    0.0008335723768240634}, {-0.0016343133082359234, 0.0008335723768236095, 
    0., -0.0008335723768238001}, {-0.0016343133082358174, 
    -0.0008335723768240634, 0.0008335723768238001, 0.}}, 
  {{0., 0.0016343133082358534, 0.0016343133082358644, 0.00163431330823585}, 
   {-0.0016343133082358534, 0., -0.0008335723768242355, 
    0.0008335723768238587}, {-0.0016343133082358644, 0.0008335723768242355, 
    0., -0.0008335723768240087}, {-0.00163431330823585, 
    -0.0008335723768238587, 0.0008335723768240087, 0.}}}, {0, 0}, 
 {{-1.5745678352269463, -1.574550850944835}, {-1.574626563488284, 
   -0.3936487728206469, -0.393664508923495}, {-1.5745806587371276, 
   -1.5745636744550162}, {{2, 0.00022383092013329936}, 
   {3, 0.00009713011529481922}, {4, 0.00004216977870058242}, 
   {5, 0.00001830992009777834}, {6, 7.965909751879918*^-6}}, 
  {{2, 0.0008154456303955182}, {3, 0.0008068115426258964}, 
   {4, 0.000803061948091427}, {5, 0.000801444742520132}, 
   {6, 0.0008007409314119293}}, {3.3547478749622684*^-19, 
   0.9999178079140215}}}
