{3, 28, {{{0, 0, 0, 0}, {0, 0, 0, 0}, {0, 0, 0, 0}, {0, 0, 0, 0}}, 
  {{0, 0, 0, 0}, {0, 0, 0, 0}, {0, 0, 0, 0}, {0, 0, 0, 0}}, 
  {{0, 0, 0, 0}, {0, 0, 0, 0}, {0, 0, 0, 0}, {0, 0, 0, 0}}}, 
 {{{0., 0.28867513459481287, 0.28867513459481287, 0.288675134594813}, 
   {-0.28867513459481287, 0., -0.28867513459481353, 0.2886751345948124}, 
   {-0.28867513459481287, 0.28867513459481353, 0., -0.2886751345948124}, 
   {-0.288675134594813, -0.2886751345948124, 0.2886751345948124, 0.}}, 
  {{0., 0.28867513459481253, 0.28867513459481253, 0.28867513459481364}, 
   {-0.28867513459481253, 0., -0.28867513459481275, 0.288675134594813}, 
   {-0.28867513459481253, 0.28867513459481275, 0., -0.28867513459481287}, 
   {-0.28867513459481364, -0.288675134594813, 0.28867513459481287, 0.}}}, 
 {0, 0}, {{-0.19000000000000003, -0.13}, {-1.1199999999999803, -0.25, 
   -0.3099999999999902}, {-0.25000000000000006, -0.19}, 
  {{2, 2.6645352591003757*^-15}}, {{2, 5.181040781584063*^-16}}, 
  {0.0005787037037037031, 0}}}
{3, 28, {{{0, 0, 0, 0}, {0, 0, 0, 0}, {0, 0, 0, 0}, {0, 0, 0, 0}}, 
  {{0, 0, 0, 0}, {0, 0, 0, 0}, {0, 0, 0, 0}, {0, 0, 0, 0}}, 
  {{0, 0, 0, 0}, {0, 0, 0, 0}, {0, 0, 0, 0}, {0, 0, 0, 0}}}, 
 {{{0., 0.288675134594812, 0.2886751345948122, 0.28867513459481453}, 
   {-0.288675134594812, 0., -0.28867513459481486, 0.288675134594812}, 
   {-0.2886751345948122, 0.28867513459481486, 0., -0.2886751345948118}, 
   {-0.28867513459481453, -0.288675134594812, 0.2886751345948118, 0.}}, 
  {{0., 0.288675134594812, 0.2886751345948121, 0.2886751345948144}, 
   {-0.288675134594812, 0., -0.28867513459481486, 0.288675134594812}, 
   {-0.2886751345948121, 0.28867513459481486, 0., -0.288675134594812}, 
   {-0.2886751345948144, -0.288675134594812, 0.288675134594812, 0.}}}, 
 {0, 0}, {{-0.18999999999999995, -0.12999999999999995}, 
  {-0.3799999999999984, -0.25, 0.0600000000000008}, 
  {-0.24999999999999994, -0.18999999999999995}, 
  {{2, 2.3314683517128287*^-15}}, {{2, 2.1279274638648832*^-16}}, 
  {0.0005787037037037041, 0}}}
