{3, 20, {{{0, 0, 0, 0}, {0, 0, 0, 0}, {0, 0, 0, 0}, {0, 0, 0, 0}}, 
  {{0, 0, 0, 0}, {0, 0, 0, 0}, {0, 0, 0, 0}, {0, 0, 0, 0}}, 
  {{0, 0, 0, 0}, {0, 0, 0, 0}, {0, 0, 0, 0}, {0, 0, 0, 0}}}, 
 {{{0., 0.5773502691896156, 0.5773502691896155, 0.5773502691896462}, 
   {-0.5773502691896156, 0., -0.577350269189605, 0.5773502691896364}, 
   {-0.5773502691896155, 0.577350269189605, 0., -0.5773502691896362}, 
   {-0.5773502691896462, -0.5773502691896364, 0.5773502691896362, 0.}}, 
  {{0., 0.5773502691896086, 0.5773502691896089, 0.5773502691896599}, 
   {-0.5773502691896086, 0., -0.5773502691895931, 0.5773502691896424}, 
   {-0.5773502691896089, 0.5773502691895931, 0., -0.5773502691896422}, 
   {-0.5773502691896599, -0.5773502691896424, 0.5773502691896422, 0.}}}, 
 {0, 0}, {{-0.9899999999999995, -0.98}, {-1.0050000000000066, -1., 
   0.4974999999999967}, {-0.9999999999999996, -0.99}, 
  {{2, 1.199040866595169*^-14}}, {{2, 3.608224830031759*^-14}}, 
  {0.03703703703703708, 0}}}
