{3, 28, {{{0, 0, 0, 0}, {0, 0, 0, 0}, {0, 0, 0, 0}, {0, 0, 0, 0}}, 
  {{0, 0, 0, 0}, {0, 0, 0, 0}, {0, 0, 0, 0}, {0, 0, 0, 0}}, 
  {{0, 0, 0, 0}, {0, 0, 0, 0}, {0, 0, 0, 0}, {0, 0, 0, 0}}}, 
 {{{0., 0.2886751345947741, 0.28867513459478156, 0.28867513459488314}, 
   {-0.2886751345947741, 0., -0.28867513459488314, 0.28867513459478156}, 
   {-0.28867513459478156, 0.28867513459488314, 0., -0.28867513459477423}, 
   {-0.28867513459488314, -0.28867513459478156, 0.28867513459477423, 0.}}, 
  {{0., 0.2886751345947783, 0.288675134594781, 0.28867513459487926}, 
   {-0.2886751345947783, 0., -0.2886751345948795, 0.288675134594781}, 
   {-0.288675134594781, 0.2886751345948795, 0., -0.2886751345947783}, 
   {-0.28867513459487926, -0.288675134594781, 0.2886751345947783, 0.}}}, 
 {0, 0}, {{-0.15, -0.04999999999999996}, {-0.2999999999999977, 
   -0.2500000000000001, 0.10000000000000125}, {-0.25000000000000006, 
   -0.15000000000000002}, {{2, 6.150635556423367*^-14}}, 
  {{2, 5.551115123125783*^-17}}, {0.0005787037037037045, 0}}}
{157, 28, {{{-0.00020160240617877274, 0, 0, 0}, {0, 0.00019504489789013194, 
    3.2787543050050953*^-6, 3.2787543050044702*^-6}, 
   {0, 3.278754305003752*^-6, 3.27875414431804*^-6, 0.00019504489756876526}, 
   {0, 3.278754305003613*^-6, 0.00019504489756876482, 
    3.2787541443179672*^-6}}, {{-0.00020160240617877147, 0, 0, 0}, 
   {0, 3.278754144318428*^-6, 3.2787543050028193*^-6, 
    0.00019504489756876469}, {0, 3.278754305004266*^-6, 
    0.0001950448978901309, 3.2787543050037867*^-6}, 
   {0, 0.00019504489756876168, 3.278754305004085*^-6, 
    3.278754144316739*^-6}}, {{-0.00020160240617877323, 0, 0, 0}, 
   {0, 3.278754144317936*^-6, 0.00019504489756876455, 3.278754305003138*^-6}, 
   {0, 0.00019504489756876447, 3.2787541443145367*^-6, 
    3.2787543050042813*^-6}, {0, 3.2787543050038053*^-6, 
    3.278754305003785*^-6, 0.00019504489789013584}}}, 
 {{{0., -0.2886751169956472, -0.2886751169956473, -0.2886751169956469}, 
   {0.2886751169956472, 0., 0.28867511867109297, -0.28867511867109336}, 
   {0.2886751169956473, -0.28867511867109297, 0., 0.28867511867109324}, 
   {0.2886751169956469, 0.28867511867109336, -0.28867511867109324, 0.}}, 
  {{0., -0.28867511699564724, -0.28867511699564735, -0.28867511699564685}, 
   {0.28867511699564724, 0., 0.28867511867109275, -0.2886751186710933}, 
   {0.28867511699564735, -0.28867511867109275, 0., 0.2886751186710932}, 
   {0.28867511699564685, 0.2886751186710933, -0.2886751186710932, 0.}}}, 
 {0, 0}, {{-0.3500000813853839, -0.4500000752888542}, 
  {-16.799999955761525, -4.000000463732677, -4.399999514148085}, 
  {-0.25000008719171796, -0.35000008109518826}, 
  {{2, 0.02573680246409059}, {3, 0.023284124666217418}, 
   {4, 0.02220438155112156}, {5, 0.023592954948399747}, 
   {6, 0.031783799368966324}, {7, 0.054557546376174326}, 
   {8, 0.11026163394022082}, {9, 0.18881450860669968}, 
   {10, 0.14596879893867892}, {11, 0.07133670548064613}, 
   {12, 0.0452383689256729}, {13, 0.0336352179055176}, 
   {14, 0.027736938725691163}, {15, 0.023479964404583553}, 
   {16, 0.02012290540374806}, {17, 0.017471359012714016}, 
   {18, 0.015314549806830474}, {19, 0.013549025784808294}, 
   {20, 0.012083322241763783}, {21, 0.010854780710533779}, 
   {22, 0.009813708873136567}, {23, 0.008923041519677793}, 
   {24, 0.00815400986914594}, {25, 0.007484424022851877}, 
   {26, 0.006896888044014435}, {27, 0.006377677914659652}, 
   {28, 0.005915850964666652}, {29, 0.005502609480957543}, 
   {30, 0.005130818108444651}, {31, 0.0047946435257470305}, 
   {32, 0.004489280096697398}, {33, 0.0042107401961243435}, 
   {34, 0.003955692251749965}, {35, 0.0037213347337348296}, 
   {36, 0.0035052972999084914}, {37, 0.0033055626744149524}, 
   {38, 0.0031204044650292306}, {39, 0.0029483373328810583}, 
   {40, 0.002788076803735884}, {41, 0.0026385066584836067}, 
   {42, 0.0024986523213858525}, {43, 0.00236765902501742}, 
   {44, 0.002244773802516621}, {45, 0.002129330564151849}, 
   {46, 0.0020207376730550647}, {47, 0.001918467556493067}, 
   {48, 0.0018220479832080777}, {49, 0.001731054710767635}, 
   {50, 0.0016451052644418443}, {51, 0.0015638536545331955}, 
   {52, 0.0014869858751091238}, {53, 0.0014142160557990106}, 
   {54, 0.0013452831613337789}, {55, 0.0012799481520377604}, 
   {56, 0.0012179915334744364}, {57, 0.001159211235632028}, 
   {58, 0.0011034207719776076}, {59, 0.0010504476368566606}, 
   {60, 0.0010001319064167}, {61, 0.0009523250137683688}, 
   {62, 0.0009068886738116573}, {63, 0.0008636939358599785}, 
   {64, 0.0008226203495652201}, {65, 0.0007835552232207318}, 
   {66, 0.0007463929675490845}, {67, 0.0007110345123559625}, 
   {68, 0.0006773867825065512}, {69, 0.0006453622322902947}, 
   {70, 0.0006148784254111257}, {71, 0.0005858576577632713}, 
   {72, 0.0005582266167205013}, {73, 0.0005319160728923071}, 
   {74, 0.0005068606004105178}, {75, 0.0004829983226295378}, 
   {76, 0.00046027067919979237}, {77, 0.0004386222156037532}, 
   {78, 0.00041800038720998973}, {79, 0.00039835538030108357}, 
   {80, 0.0003796399488794023}, {81, 0.00036180926261792333}, 
   {82, 0.00034482076315575216}, {83, 0.0003286340413405477}, 
   {84, 0.00031321070636512044}, {85, 0.00029851428337354484}, 
   {86, 0.0002845100992330523}, {87, 0.00027116519381728196}, 
   {88, 0.0002584482201762068}, {89, 0.0002463293667991544}, 
   {90, 0.00023478026910773216}, {91, 0.00022377394217154047}, 
   {92, 0.000213284702937069}, {93, 0.00020328810809316315}, 
   {94, 0.00019376089214230476}, {95, 0.00018468090018236658}, 
   {96, 0.00017602704373213297}, {97, 0.00016777923859599957}, 
   {98, 0.00015991835805754216}, {99, 0.00015242619028699514}, 
   {100, 0.00014528538279441963}, {101, 0.00013847941223424018}, 
   {102, 0.0001319925366500981}, {103, 0.0001258097592081505}, 
   {104, 0.00011991679419182978}, {105, 0.00011430003018775411}, 
   {106, 0.00010894649730737883}, {107, 0.00010384383963396972}, 
   {108, 0.00009898028557016368}, {109, 0.00009434461258479116}, 
   {110, 0.00008992613365697236}, {111, 0.0000857146587399508}, 
   {112, 0.00008170048191625525}, {113, 0.00007787441392273649}, 
   {114, 0.000074227429541705}, {115, 0.00007075136906201465}, 
   {116, 0.00006743811327697435}, {117, 0.00006428004869367507}, 
   {118, 0.00006126989952956138}, {119, 0.000058400734676007}, 
   {120, 0.00005566594780222114}, {121, 0.00005305924263021718}, 
   {122, 0.000050574618238816106}, {123, 0.00004820635517506543}, 
   {124, 0.000045949002208441536}, {125, 0.000043797363716642024}, 
   {126, 0.00004174648766899639}, {127, 0.00003979165417900487}, 
   {128, 0.000037928364598436843}, {129, 0.000036152331126914424}, 
   {130, 0.000034459466912175186}, {131, 0.000032845876617468815}, 
   {132, 0.000031307847433791384}, {133, 0.000029841840515608896}, 
   {134, 0.000028444482820027747}, {135, 0.00002711255933002157}, 
   {136, 0.000025843005643617955}, {137, 0.000024632900911591006}, 
   {138, 0.000023479461107175903}, {139, 0.00002238003261203819}, 
   {140, 0.00002133208610358996}, {141, 0.000020333210729359943}, 
   {142, 0.00001938110855491783}, {143, 0.0000184735892723775}, 
   {144, 0.000017608565157255696}, {145, 0.000016784046261942025}, 
   {146, 0.000015998135834634697}, {147, 0.000015249025953180417}, 
   {148, 0.000014534993363630956}, {149, 0.00001385439551396001}, 
   {150, 0.000013205666773692865}, {151, 0.000012587314830797764}, 
   {152, 0.000011997917257450686}, {153, 0.0000114361182367415}, 
   {154, 0.000010900625442792332}, {155, 0.000010390207067105853}, 
   {156, 9.903688984185368*^-6}}, {{2, 0.08904507027312883}, 
   {3, 0.09742514138561698}, {4, 0.10544231392927313}, 
   {5, 0.11501520888858396}, {6, 0.12851272327400654}, 
   {7, 0.1534685168176792}, {8, 0.2006615046449709}, {9, 0.2100749005397542}, 
   {10, 0.11676906150737279}, {11, 0.05262664557823097}, 
   {12, 0.028708634873209994}, {13, 0.018605529660926573}, 
   {14, 0.01397057984698143}, {15, 0.01109036442846382}, 
   {16, 0.009107713264882281}, {17, 0.007604831823540843}, 
   {18, 0.006435851895569389}, {19, 0.005500463910286727}, 
   {20, 0.0047402192211394665}, {21, 0.004112841257563578}, 
   {22, 0.00358903981763566}, {23, 0.003147184822943664}, 
   {24, 0.0027712233820339494}, {25, 0.0024489195060449034}, 
   {26, 0.0021708203119705782}, {27, 0.0019295035915883143}, 
   {28, 0.0017190674691094365}, {29, 0.0015347619440411187}, 
   {30, 0.001372723441196766}, {31, 0.001229778822123791}, 
   {32, 0.0011032991508879522}, {33, 0.0009910889662978852}, 
   {34, 0.0008913014857377573}, {35, 0.0008023729275854115}, 
   {36, 0.0007229711251930022}, {37, 0.000651954937618604}, 
   {38, 0.0005883419048118288}, {39, 0.0005312822589548978}, 
   {40, 0.0004800378809810176}, {41, 0.00043396513719980617}, 
   {42, 0.0003925007847146074}, {43, 0.00035515032221992515}, 
   {44, 0.0003214783032676749}, {45, 0.00029110023504386184}, 
   {46, 0.0002636757662937509}, {47, 0.00023890292977975697}, 
   {48, 0.0002165132523590148}, {49, 0.0001962675828291645}, 
   {50, 0.00017795251671141413}, {51, 0.00016137731998611127}, 
   {52, 0.00014637127189624324}, {53, 0.00013278136135534227}, 
   {54, 0.00012047028304137027}, {55, 0.00010931468856604601}, 
   {56, 0.00009920365562332556}, {57, 0.00009003734414643934}, 
   {58, 0.00008172581349485952}, {59, 0.00007418797879299444}, 
   {60, 0.00006735068792048289}, {61, 0.00006114790344942851}, 
   {62, 0.00005551997612677587}, {63, 0.00005041299856093732}, 
   {64, 0.00004577822899517099}, {65, 0.000041571577142870034}, 
   {66, 0.00003775314445201664}, {67, 0.000034286812419089444}, 
   {68, 0.000031139873793513864}, {69, 0.000028282701481696648}, 
   {70, 0.000025688451178710693}, {71, 0.000023332793959718323}, 
   {72, 0.000021193675613743558}, {73, 0.00001925109986578022}, 
   {74, 0.000017486932966178276}, {75, 0.00001588472741465008}, 
   {76, 0.000014429562899579787}, {77, 0.000013107902538537589}, 
   {78, 0.000011907463063824212}, {79, 0.000010817097476042054}, 
   {80, 9.826688830279668*^-6}, {81, 8.927054150601835*^-6}, 
   {82, 8.109857609942909*^-6}, {83, 7.367531568454784*^-6}, 
   {84, 6.693205517493972*^-6}, {85, 6.080641253514152*^-6}, 
   {86, 5.524174534217903*^-6}, {87, 5.018661823859756*^-6}, 
   {88, 4.559432338124836*^-6}, {89, 4.1422442689601855*^-6}, 
   {90, 3.763245368622788*^-6}, {91, 3.4189369259400118*^-6}, 
   {92, 3.1061413068670754*^-6}, {93, 2.8219723597899815*^-6}, 
   {94, 2.5638085473881724*^-6}, {95, 2.32926877152817*^-6}, 
   {96, 2.1161901249492723*^-6}, {97, 1.9226079382243335*^-6}, 
   {98, 1.7467375816130706*^-6}, {99, 1.5869578503894624*^-6}, 
   {100, 1.4417961101316952*^-6}, {101, 1.309914554825653*^-6}, 
   {102, 1.190097889421556*^-6}, {103, 1.0812421045169884*^-6}, 
   {104, 9.823442487603509*^-7}, {105, 8.924931870583445*^-7}, 
   {106, 8.108612057355913*^-7}, {107, 7.366963407825129*^-7}, 
   {108, 6.693154199766127*^-7}, {109, 6.080978403414742*^-7}, 
   {110, 5.524797456191166*^-7}, {111, 5.01948910547334*^-7}, 
   {112, 4.5603995502130346*^-7}, {113, 4.1432943720387527*^-7}, 
   {114, 3.764348035506515*^-7}, {115, 3.4200603242033145*^-7}, 
   {116, 3.1072624721388087*^-7}, {117, 2.8230739039051633*^-7}, 
   {118, 2.564877814581479*^-7}, {119, 2.3302967451973206*^-7}, 
   {120, 2.1171707194807726*^-7}, {121, 1.9235373508822798*^-7}, 
   {122, 1.7476137537109082*^-7}, {123, 1.5877801258964058*^-7}, 
   {124, 1.4425648320326445*^-7}, {125, 1.3106308390427773*^-7}, 
   {126, 1.1907634167585002*^-7}, {127, 1.0818589361398048*^-7}, 
   {128, 9.829147173956443*^-8}, {129, 8.930197903378456*^-8}, 
   {130, 8.11346503315491*^-8}, {131, 7.37142903754299*^-8}, 
   {132, 6.697258199868845*^-8}, {133, 6.084745607370934*^-8}, 
   {134, 5.5282520561306114*^-8}, {135, 5.0226541074375554*^-8}, 
   {136, 4.56329691811419*^-8}, {137, 4.145951382206192*^-8}, 
   {138, 3.766775184358787*^-8}, {139, 3.422277450315647*^-8}, 
   {140, 3.109286502341509*^-8}, {141, 2.8249208564960306*^-8}, 
   {142, 2.566562466258896*^-8}, {143, 2.331832786121405*^-8}, 
   {144, 2.1185707891705853*^-8}, {145, 1.9248130866955648*^-8}, 
   {146, 1.748775890764165*^-8}, {147, 1.5888385163087548*^-8}, 
   {148, 1.4435285189406954*^-8}, {149, 1.3115081206234908*^-8}, 
   {150, 1.191561897299446*^-8}, {151, 1.0825855582356306*^-8}, 
   {152, 9.835758540965855*^-9}, {153, 8.936212547716593*^-9}, 
   {154, 8.118936412060407*^-9}, {155, 7.376405412410728*^-9}, 
   {156, 6.701783979619809*^-9}}, {0.0005787035121711492, 
   5.505636892745487*^-23}}}
