{58, 28, {{{-0.5247703857299876, 0, -0.00005683817229471257, 
    0.000056838172297578156}, {0, 0.9998361390265575, 
    -0.000033483811545864965, -0.0000334838115374019}, 
   {-0.000056838172302008694, -0.00003348381154233372, 
    0.000022600613354737883, 0.0022321723171265925}, 
   {0.00005683817229895596, -0.000033483811548950116, 0.0022321723171229136, 
    0.000022600613356752765}}, 
  {{-0.5247703857299877, 0.000056838172296705264, 0, 
    -0.000056838172298731916}, {0.000056838172300068914, 
    0.000022600613356831695, -0.000033483811545393716, 0.002232172317122605}, 
   {0, -0.00003348381154288081, 0.9998361390265572, 
    -0.000033483811538195115}, {-0.00005683817229774788, 
    0.0022321723171259905, -0.00003348381154805192, 
    0.000022600613355072685}}, 
  {{-0.5247703857299886, -0.00005683817229975996, 0.00005683817230169276, 0}, 
   {-0.00005683817229690572, 0.0000226006133547162, 0.002232172317122651, 
    -0.00003348381153667012}, {0.000056838172294933434, 0.002232172317117748, 
    0.000022600613356765775, -0.00003348381153882317}, 
   {0, -0.00003348381154950165, -0.000033483811547134125, 
    0.9998361390265603}}}, 
 {{{0., 0.005478646353357499, 0.005478646353357482, 0.005478646353357483}, 
   {-0.005478646353357499, 0., -0.002804748151337288, 0.0028047481513382914}, 
   {-0.005478646353357482, 0.002804748151337288, 0., -0.0028047481513381444}, 
   {-0.005478646353357483, -0.0028047481513382914, 0.0028047481513381444, 
    0.}}, {{0., 0.005478646353357488, 0.005478646353357447, 
    0.005478646353357577}, {-0.005478646353357488, 0., -0.002804748151337359, 
    0.002804748151338282}, {-0.005478646353357447, 0.002804748151337359, 0., 
    -0.002804748151338299}, {-0.005478646353357577, -0.002804748151338282, 
    0.002804748151338299, 0.}}}, {0, 0}, 
 {{-1.5739534498520273, -1.573763663975213}, {-1.574625785921338, 
   -0.3935685004975272, -0.3937443924631418}, 
  {-1.57409692245344, -1.5739071365766257}, {{2, 0.0022240526125623878}, 
   {3, 0.0009656839170440988}, {4, 0.00042012905452025896}, 
   {5, 0.00018301509488651956}, {6, 0.00008755738955201368}, 
   {7, 0.00008424428550968895}, {8, 0.00008072609351930692}, 
   {9, 0.00007722406869209463}, {10, 0.00007382330094852434}, 
   {11, 0.00007056079566447409}, {12, 0.00006744233530997859}, 
   {13, 0.00006447060158352926}, {14, 0.00006163756324628579}, 
   {15, 0.00005894004925239833}, {16, 0.00005636846954554849}, 
   {17, 0.000053919078560611504}, {18, 0.0000515829031394288}, 
   {19, 0.000049356531866004546}, {20, 0.00004723190074099005}, 
   {21, 0.00004520603172868641}, {22, 0.00004327172443523023}, 
   {23, 0.000041426393572214105}, {24, 0.000039663607856397706}, 
   {25, 0.00003798111822510557}, {26, 0.00003637317111979837}, 
   {27, 0.00003483780271222852}, {28, 0.00003336985667972965}, 
   {29, 0.00003196761140772755}, {30, 0.00003062643803168098}, 
   {31, 0.000029344821287465277}, {32, 0.000028118599293889407}, 
   {33, 0.000026946433236333008}, {34, 0.000025824575676004508}, 
   {35, 0.000024751839259836263}, {36, 0.00002372484518995549}, 
   {37, 0.000022742536639765686}, {38, 0.000021801863398785305}, 
   {39, 0.000020901881551572878}, {40, 0.000020039834355583663}, 
   {41, 0.000019214875956062496}, {42, 0.00001842451217810414}, 
   {43, 0.00001766798265513507}, {44, 0.000016943028542995824}, 
   {45, 0.00001624896428820133}, {46, 0.000015583742295881015}, 
   {47, 0.0000149467427318019}, {48, 0.000014336107908170456}, 
   {49, 0.0000137512759415836}, {50, 0.000013190560102089438}, 
   {51, 0.00001265344979208688}, {52, 0.000012138412371897993}, 
   {53, 0.000011644982794690572}, {54, 0.00001117176748440538}, 
   {55, 0.000010718341984984007}, {56, 0.00001028343835088319}, 
   {57, 9.866668428616578*^-6}}, {{2, 0.002818478652355072}, 
   {3, 0.0027331281250243516}, {4, 0.002696109568144484}, 
   {5, 0.002680378132786404}, {6, 0.002673539422354236}, 
   {7, 0.00267088042253285}, {8, 0.002669716170078964}, 
   {9, 0.002669493947923973}, {10, 0.0026693889377230194}, 
   {11, 0.0026696014176400855}, {12, 0.002669686473126616}, 
   {13, 0.0026699584127340605}, {14, 0.002670070526861053}, 
   {15, 0.002670333249025185}, {16, 0.00267044251348185}, 
   {17, 0.0026706849637432362}, {18, 0.0026707864874258493}, 
   {19, 0.002671008292970665}, {20, 0.002671101820612802}, 
   {21, 0.0026713044531396406}, {22, 0.0026713905300100073}, 
   {23, 0.002671575656718138}, {24, 0.002671654914619638}, 
   {25, 0.0026718241037071836}, {26, 0.002671897134723498}, 
   {27, 0.0026720518145304864}, {28, 0.0026721191544405967}, 
   {29, 0.002672260618669484}, {30, 0.0026723227499700535}, 
   {31, 0.0026724521700401396}, {32, 0.002672509527751131}, 
   {33, 0.002672627965149397}, {34, 0.0026726809423791406}, 
   {35, 0.002672789359843144}, {36, 0.0026728383126687462}, 
   {37, 0.00267293758413858}, {38, 0.002672982835820444}, 
   {39, 0.0026730737552785704}, {40, 0.00267311559989979}, 
   {41, 0.0026731988892349377}, {42, 0.002673237594852454}, 
   {43, 0.0026733139108676175}, {44, 0.002673349722250272}, 
   {45, 0.0026734196629218812}, {46, 0.0026734528039385214}, 
   {47, 0.002673516914014314}, {48, 0.0026735475897239945}, 
   {49, 0.002673606365741284}, {50, 0.0026736347642291576}, 
   {51, 0.0026736886590177458}, {52, 0.0026737149530143335}, 
   {53, 0.0026737643797448236}, {54, 0.002673788728056802}, 
   {55, 0.0026738340638854546}, {56, 0.0026738566126669997}, 
   {57, 0.002673898202019552}}, {4.868141830433808*^-16, 0.9990172368276458}}}
{43, 28, {{{-0.5248065994632257, 0, -0.00003456568054106392, 
    0.000034565680541697857}, {0, 0.9999184083673652, 
    -0.000027478836179894094, -0.000027478836179256963}, 
   {-0.00003456568054152986, -0.000027478836185017953, 
    0.000015646991729822632, 0.001213786063967505}, 
   {0.00003456568054146822, -0.00002747883618293108, 0.001213786063971292, 
    0.00001564699172722228}}, {{-0.5248065994632255, 0.000034565680540982114, 
    0, -0.00003456568054282765}, {0.000034565680541760225, 
    0.000015646991726544004, -0.000027478836184028808, 0.00121378606397293}, 
   {0, -0.00002747883618090159, 0.9999184083673663, -0.00002747883618152931}, 
   {-0.00003456568054029834, 0.0012137860639660847, -0.000027478836180814257, 
    0.00001564699172565409}}, {{-0.5248065994632267, -0.00003456568054150353, 
    0.00003456568054245975, 0}, {-0.000034565680541236976, 
    0.000015646991724100646, 0.001213786063959951, -0.000027478836181154832}, 
   {0.00003456568054005798, 0.0012137860639731624, 0.000015646991723738957, 
    -0.000027478836179933122}, {0, -0.000027478836180973092, 
    -0.00002747883618232785, 0.9999184083673698}}}, 
 {{{0., 0.004432986858967534, 0.0044329868589675255, 0.004432986858967505}, 
   {-0.004432986858967534, 0., -0.0015382214660391831, 
    0.0015382214660408645}, {-0.0044329868589675255, 0.0015382214660391831, 
    0., -0.0015382214660404556}, {-0.004432986858967505, 
    -0.0015382214660408645, 0.0015382214660404556, 0.}}, 
  {{0., 0.004432986858967512, 0.004432986858967509, 0.004432986858967473}, 
   {-0.004432986858967512, 0., -0.0015382214660388887, 
    0.0015382214660399503}, {-0.004432986858967509, 0.0015382214660388887, 
    0., -0.0015382214660405406}, {-0.004432986858967473, 
    -0.0015382214660399503, 0.0015382214660405406, 0.}}}, {0, 0}, 
 {{-1.5741967298559723, -1.5740431666865915}, {-1.5746262956067487, 
   -0.3936006838469245, -0.3937124639564499}, 
  {-1.574300154217987, -1.5741465910486063}, {{2, 0.0011122063364984692}, 
   {3, 0.00024147339051113848}, {4, 0.000056782156201107834}, 
   {5, 0.000054303801269046784}, {6, 0.00005182070334554137}, 
   {7, 0.000049434112378229065}, {8, 0.000047157236763836926}, 
   {9, 0.00004499152073648017}, {10, 0.00004292939784435201}, 
   {11, 0.00004096806495766864}, {12, 0.00003909987507726869}, 
   {13, 0.000037322221833517273}, {14, 0.000035628242704038296}, 
   {15, 0.00003401567442195186}, {16, 0.0000324783834509141}, 
   {17, 0.000031014404222535}, {18, 0.00002961824679738193}, 
   {19, 0.000028288197946064065}, {20, 0.000027019335965194555}, 
   {21, 0.000025810162004262028}, {22, 0.000024656257266889394}, 
   {23, 0.00002355630570185347}, {24, 0.000022506334668137323}, 
   {25, 0.000021505184587882744}, {26, 0.000020549279500923622}, 
   {27, 0.000019637594256211813}, {28, 0.00001876690630553423}, 
   {29, 0.00001793630641603}, {30, 0.000017142887503167684}, 
   {31, 0.000016385840664720182}, {32, 0.000015662540885542572}, 
   {33, 0.00001497226641136479}, {34, 0.00001431264485371583}, 
   {35, 0.00001368303042667573}, {36, 0.000013081277330300942}, 
   {37, 0.000012506806243698342}, {38, 0.000011957674870677944}, 
   {39, 0.000011433362231759924}, {40, 0.000010932109047880924}, 
   {41, 0.000010453445727231711}, {42, 9.995777766764677*^-6}}, 
  {{2, 0.0029177085006920735}, {3, 0.0028967351252900176}, 
   {4, 0.0028922204441169095}, {5, 0.002891520517396961}, 
   {6, 0.0028914062556922725}, {7, 0.002891636830359802}, 
   {8, 0.002891721398167258}, {9, 0.0028919719365923385}, 
   {10, 0.002892057965594893}, {11, 0.00289228776523864}, 
   {12, 0.0028923667158334216}, {13, 0.002892575884994121}, 
   {14, 0.002892648039043288}, {15, 0.0028928384107307346}, 
   {16, 0.0028929043903968806}, {17, 0.0028930776997997073}, 
   {18, 0.0028931380773200865}, {19, 0.002893295894889213}, 
   {20, 0.002893351182634286}, {21, 0.002893494927733687}, 
   {22, 0.00289354558494401}, {23, 0.002893676541332553}, 
   {24, 0.0028937229805840185}, {25, 0.0028938423102750953}, 
   {26, 0.002893884903048806}, {27, 0.002893993658611366}, 
   {28, 0.002894032740082126}, {29, 0.0028941318755752532}, 
   {30, 0.0028941677487416156}, {31, 0.0028942581294542054}, 
   {32, 0.002894291068713372}, {33, 0.0028943734798564345}, 
   {34, 0.0028944037341118523}, {35, 0.0028944788885897363}, 
   {36, 0.0028945066839570974}, {37, 0.0028945752293262983}, 
   {38, 0.002894600771504176}, {39, 0.0028946632962132644}, 
   {40, 0.00289468677256164}, {41, 0.0028947438115560966}, 
   {42, 0.0028947653929275287}}, {1.3246867919442768*^-17, 
   0.9995105500512576}}}
{45, 28, {{{-0.5248691093473268, 0, 0.00002733454314390981, 
    -0.000027334543139279157}, {0, 0.999749758588826, 
    0.000057426993501100116, 0.0000574269935095312}, 
   {0.000027334543134064074, 0.00005742699350038709, 
    -0.000027051720084327394, 0.0012704780788121367}, 
   {-0.0000273345431392641, 0.00005742699349112757, 0.0012704780788126287, 
    -0.00002705172008422331}}, 
  {{-0.5248691093473268, -0.00002733454314373871, 0, 
    0.000027334543139149375}, {-0.000027334543134293155, 
    -0.000027051720085654457, 0.00005742699350123662, 0.0012704780788123289}, 
   {0, 0.000057426993500220665, 0.999749758588826, 0.00005742699351004891}, 
   {0.00002733454313939649, 0.0012704780788120886, 0.00005742699349056458, 
    -0.00002705172008243828}}, 
  {{-0.5248691093473279, 0.000027334543134344126, -0.00002733454313419095, 
    0}, {0.000027334543144267016, -0.000027051720082992524, 
    0.0012704780788136763, 0.000057426993510452905}, 
   {-0.000027334543144408253, 0.0012704780788148655, -0.00002705172008393708, 
    0.00005742699351076773}, {0, 0.00005742699349138054, 
    0.00005742699349104257, 0.9997497585888269}}}, 
 {{{0., -0.0013503070791189224, -0.0013503070791189284, 
    -0.001350307079118971}, {0.0013503070791189224, 0., 0.005497482747387225, 
    -0.005497482747386959}, {0.0013503070791189284, -0.005497482747387225, 
    0., 0.005497482747387044}, {0.001350307079118971, 0.005497482747386959, 
    -0.005497482747387044, 0.}}, {{0., -0.0013503070791189666, 
    -0.0013503070791189712, -0.001350307079118893}, 
   {0.0013503070791189666, 0., 0.005497482747387398, -0.005497482747387066}, 
   {0.0013503070791189712, -0.005497482747387398, 0., 0.005497482747387126}, 
   {0.001350307079118893, 0.005497482747387066, -0.005497482747387126, 0.}}}, 
 {0, 0}, {{-1.5742655420791276, -1.5743123180884646}, 
  {-1.5746262716283284, -0.3935897079359598, -0.39372342787820436}, 
  {-1.574146934880137, -1.574193710889474}, {{2, 0.0012749519723416012}, 
   {3, 0.0002781648100264062}, {4, 0.000060687861470705776}, 
   {5, 0.00005561995646190753}, {6, 0.0000531222096558534}, 
   {7, 0.00005071631673088053}, {8, 0.00004841801979483081}, 
   {9, 0.00004623085547995117}, {10, 0.000044146351306116366}, 
   {11, 0.000042162904992248235}, {12, 0.000040271890150453166}, 
   {13, 0.0000384717536233549}, {14, 0.000036754732717349204}, 
   {15, 0.00003511951529977574}, {16, 0.000033559146989643176}, 
   {17, 0.00003207252255099332}, {18, 0.000030653403985792145}, 
   {19, 0.00002930085633747132}, {20, 0.000028009276258486528}, 
   {21, 0.0000267778689345457}, {22, 0.000025601594499043948}, 
   {23, 0.000024479773760664476}, {24, 0.000023407868227523433}, 
   {25, 0.00002238529436655954}, {26, 0.000021407960690361877}, 
   {27, 0.000020475363041402763}, {28, 0.000019583809195327815}, 
   {29, 0.00001873286107168231}, {30, 0.000017919183669480587}, 
   {31, 0.000017142394110445823}, {32, 0.000016399477494798967}, 
   {33, 0.000015690097238342873}, {34, 0.00001501152569531334}, 
   {35, 0.000014363465260033067}, {36, 0.000013743446405185041}, 
   {37, 0.000013151204496751438}, {38, 0.000012584502221861917}, 
   {39, 0.000012043102971304436}, {40, 0.000011524978581216663}, 
   {41, 0.000011029916386930171}, {42, 0.000010556076790379718}, 
   {43, 0.000010103267694513496}, {44, 9.669819675115019*^-6}}, 
  {{2, 0.004110498433475507}, {3, 0.004135850183789053}, 
   {4, 0.004141324942958499}, {5, 0.004142908926999937}, 
   {6, 0.0041432082650906055}, {7, 0.004143631930828895}, 
   {8, 0.004143684077556793}, {9, 0.004144021839341084}, 
   {10, 0.004144059878004751}, {11, 0.004144365305545388}, 
   {12, 0.004144400428574046}, {13, 0.004144678618720609}, 
   {14, 0.00414471151906496}, {15, 0.00414496503900923}, 
   {16, 0.00414499589515132}, {17, 0.004145226975666655}, 
   {18, 0.004145255926350783}, {19, 0.00414546658660069}, 
   {20, 0.004145493755829088}, {21, 0.004145685828252252}, 
   {22, 0.004145711328537002}, {23, 0.004145886477040084}, 
   {24, 0.004145910411224786}, {25, 0.0041460701473121165}, 
   {26, 0.004146092610001612}, {27, 0.004146238307256748}, 
   {28, 0.004146259385968165}, {29, 0.0041463922930783555}, 
   {30, 0.004146412069170364}, {31, 0.00414653332165341}, 
   {32, 0.004146551871077988}, {33, 0.004146662501851339}, 
   {34, 0.004146679895763866}, {35, 0.004146780844678958}, 
   {36, 0.004146797149935464}, {37, 0.004146889272385934}, 
   {38, 0.004146904551950437}, {39, 0.004146988626650404}, 
   {40, 0.004147002939931118}, {41, 0.004147079675948696}, 
   {42, 0.0041470930790777575}, {43, 0.004147163122199458}, 
   {44, 0.004147175668268194}}, {2.760471391269962*^-14, 0.9984994905310683}}}
{250, 28, {{{-0.04494230546989497, 0, 2.3656983430444809*^-7, 
    -2.365698349964661*^-7}, {0, 0.04478689416823895, 0.00007794222064998337, 
    0.00007794222065011066}, {2.3656981804575088*^-7, 0.0000779422206582123, 
    0.00007770565082790276, 0.04478642102858682}, 
   {-2.3656981710248578*^-7, 0.0000779422206584195, 0.04478642102858682, 
    0.00007770565082817197}}, 
  {{-0.04494230546989482, -2.3656983512817675*^-7, 0, 2.365698357650223*^-7}, 
   {-2.3656981719408903*^-7, 0.0000777056508280075, 0.00007794222065879864, 
    0.04478642102858674}, {0, 0.00007794222064939991, 0.04478689416823882, 
    0.00007794222064948453}, {2.3656981642914358*^-7, 0.04478642102858662, 
    0.00007794222065887708, 0.0000777056508281743}}, 
  {{-0.04494230546989591, 2.3656980831545*^-7, -2.3656980852800437*^-7, 0}, 
   {2.3656984372815406*^-7, 0.00007770565082810833, 0.044786421028587584, 
    0.0000779422206452704}, {-2.365698436666181*^-7, 0.04478642102858763, 
    0.0000777056508279991, 0.00007794222064517775}, 
   {0, 0.00007794222066299494, 0.00007794222066292064, 
    0.04478689416823978}}}, 
 {{{0., -0.28779831415696244, -0.28779831415695334, -0.28779831415722423}, 
   {0.28779831415696244, 0., 0.2878074279458538, -0.28780742794558306}, 
   {0.28779831415695334, -0.2878074279458538, 0., 0.28780742794559216}, 
   {0.28779831415722423, 0.28780742794558306, -0.28780742794559216, 0.}}, 
  {{0., -0.2877983141571311, -0.28779831415713975, -0.2877983141568692}, 
   {0.2877983141571311, 0., 0.2878074279455, -0.28780742794576886}, 
   {0.28779831415713975, -0.2878074279455, 0., 0.28780742794576014}, 
   {0.2877983141568692, 0.28780742794576886, -0.28780742794576014, 0.}}}, 
 {0, 0}, {{-0.26449171378023845, -0.274461339829292}, 
  {-16.079663527446975, -4.024087369974242, -4.015744393749245}, 
  {-0.2545219298757354, -0.26449155592478896}, {{2, 0.002549767302511217}, 
   {3, 0.0022133588833417057}, {4, 0.0019219912487454492}, 
   {5, 0.001670134164596479}, {6, 0.0014523111806403893}, 
   {7, 0.001264338548804627}, {8, 0.0011018715644627863}, 
   {9, 0.0009618295134980887}, {10, 0.0008407920672485435}, 
   {11, 0.0007365349468333345}, {12, 0.0006463781199458618}, 
   {13, 0.0005687497521426749}, {14, 0.0005015519257636283}, 
   {15, 0.00044370112590074937}, {16, 0.0003935511869741781}, 
   {17, 0.00035037848539280075}, {18, 0.00031288459013005185}, 
   {19, 0.00031201299126092357}, {20, 0.00031299964594483625}, 
   {21, 0.00031330864984801567}, {22, 0.00031307031846705084}, 
   {23, 0.0003123953602603329}, {24, 0.0003113821798767071}, 
   {25, 0.00031011308012683734}, {26, 0.0003086611567113687}, 
   {27, 0.0003070866354030711}, {28, 0.000305443199026801}, 
   {29, 0.0003037743977568879}, {30, 0.00030211937992077886}, 
   {31, 0.00030050937909017073}, {32, 0.0002989728783035}, 
   {33, 0.00029753219975530744}, {34, 0.0002962081539730956}, 
   {35, 0.00029501676050433176}, {36, 0.000293973438433761}, 
   {37, 0.0002930898814160147}, {38, 0.00029237784325103315}, 
   {39, 0.0002918461834782015}, {40, 0.00029150429630546426}, 
   {41, 0.0002913593361695485}, {42, 0.0002914193323455619}, 
   {43, 0.00029169059828816103}, {44, 0.0002921805687036913}, 
   {45, 0.00029289539229230936}, {46, 0.0002938425232994514}, 
   {47, 0.00029502849439739035}, {48, 0.00029646129080459875}, 
   {49, 0.00029814829826825887}, {50, 0.0003000984847437507}, 
   {51, 0.0003023205175775815}, {52, 0.00030482477537662964}, 
   {53, 0.0003076216283973369}, {54, 0.00031072330156737236}, 
   {55, 0.00031414231265267274}, {56, 0.00031789320639795046}, 
   {57, 0.00032199114622325636}, {58, 0.00032645353913997484}, 
   {59, 0.0003312987785708127}, {60, 0.0003365477801560539}, 
   {61, 0.0003422228758688424}, {62, 0.0003483492822249981}, 
   {63, 0.0003549541494046009}, {64, 0.00036206798597613124}, 
   {65, 0.0003697238715631851}, {66, 0.0003779588664275073}, 
   {67, 0.00038681340288057586}, {68, 0.0003963327145965409}, 
   {69, 0.00040656643128992795}, {70, 0.0004175700725048796}, 
   {71, 0.0004294048833644454}, {72, 0.00044213945238918625}, 
   {73, 0.00045584984541879175}, {74, 0.0004706214293536508}, 
   {75, 0.00048654938984731}, {76, 0.0005037408768284041}, 
   {77, 0.0005223160345633748}, {78, 0.0005424106370804996}, 
   {79, 0.000564177825308692}, {80, 0.0005877914823096096}, 
   {81, 0.0006134489759603602}, {82, 0.0006413756541713382}, 
   {83, 0.000671829058029063}, {84, 0.0007051051291298883}, 
   {85, 0.0007415446314571403}, {86, 0.0007815420158795786}, 
   {87, 0.0008255552494251112}, {88, 0.0008741188851030431}, 
   {89, 0.0009278592945810155}, {90, 0.000987514552090736}, 
   {91, 0.0010539584901740826}, {92, 0.0011282319320629966}, 
   {93, 0.0012115816194760848}, {94, 0.0013055109502939921}, 
   {95, 0.0014118448690650723}, {96, 0.0015328153559243524}, 
   {97, 0.0016711734503909934}, {98, 0.0018303392361163906}, 
   {99, 0.0020146032817522294}, {100, 0.002229402009202852}, 
   {101, 0.002481697400734603}, {102, 0.0027805092512981633}, 
   {103, 0.0031376706460582507}, {104, 0.0035689182884453066}, 
   {105, 0.004095490198618101}, {106, 0.004746507518452736}, 
   {107, 0.005562583655366479}, {108, 0.006601381791194794}, 
   {109, 0.00794628436398552}, {110, 0.009720009198485022}, 
   {111, 0.01210582696004718}, {112, 0.015379258401521295}, 
   {113, 0.01994928490610426}, {114, 0.02638735220808125}, 
   {115, 0.035346437687061416}, {116, 0.04707418716627723}, 
   {117, 0.07349352024343703}, {118, 0.11316447870035518}, 
   {119, 0.12026265357202881}, {120, 0.08281295976605307}, 
   {121, 0.05770015933704342}, {122, 0.04210467509248589}, 
   {123, 0.03184750658584623}, {124, 0.026545750678475366}, 
   {125, 0.023046512975916533}, {126, 0.01968809836220997}, 
   {127, 0.017071025397358164}, {128, 0.014832726296729604}, 
   {129, 0.013006053839350551}, {130, 0.01148663749517595}, 
   {131, 0.010216061519674219}, {132, 0.009146600700373902}, 
   {133, 0.008240019852065933}, {134, 0.007465971965251533}, 
   {135, 0.006800417643671092}, {136, 0.006224277801085171}, 
   {137, 0.005722343103147565}, {138, 0.005282420048100034}, 
   {139, 0.004894670353372765}, {140, 0.004551103059950157}, 
   {141, 0.004245184013674519}, {142, 0.003971534907509899}, 
   {143, 0.003725700332341153}, {144, 0.0035039665316509705}, 
   {145, 0.003303219560874343}, {146, 0.003120833610542051}, 
   {147, 0.002954582534775624}, {148, 0.0028025693322427103}, 
   {149, 0.002663169596361342}, {150, 0.0025349858998116315}, 
   {151, 0.0024168107883645734}, {152, 0.0023075965930255543}, 
   {153, 0.0022064306729266125}, {154, 0.0021125150079189525}, 
   {155, 0.00202514929380046}, {156, 0.0019437168728552168}, 
   {157, 0.0018676729710904172}, {158, 0.0017965348212414106}, 
   {159, 0.0017298733346747808}, {160, 0.0016673060512303467}, 
   {161, 0.001608491148010427}, {162, 0.001553122329355519}, 
   {163, 0.0015009244529896049}, {164, 0.0014516497736057205}, 
   {165, 0.001405074706205392}, {166, 0.0013609970285544115}, 
   {167, 0.0013192334558969065}, {168, 0.0012796175322983133}, 
   {169, 0.001241997792169311}, {170, 0.0012062361530458116}, 
   {171, 0.001172206506899559}, {172, 0.0011397934823703937}, 
   {173, 0.0011088913545719004}, {174, 0.0010794030826274392}, 
   {175, 0.001051239458085232}, {176, 0.0010243183497854608}, 
   {177, 0.000998564032866675}, {178, 0.0009739065913181855}, 
   {179, 0.0009502813849764091}, {180, 0.0009276285731157907}, 
   {181, 0.0009058926878308254}, {182, 0.0008850222513428208}, 
   {183, 0.0008649694320935347}, {184, 0.0008456897351972748}, 
   {185, 0.0008271417233555595}, {186, 0.0008092867648394619}, 
   {187, 0.0007920888055721331}, {188, 0.000775514162695709}, 
   {189, 0.0007595313373274931}, {190, 0.000744110844485224}, 
   {191, 0.0007292250583962184}, {192, 0.0007148480716085287}, 
   {193, 0.0007009555665116879}, {194, 0.0006875246980215244}, 
   {195, 0.0006745339863333533}, {196, 0.0006619632187579855}, 
   {197, 0.0006497933597680305}, {198, 0.000638006468474131}, 
   {199, 0.0006265856228380717}, {200, 0.0006155148499904506}, 
   {201, 0.0006047790620978544}, {202, 0.000594363997424921}, 
   {203, 0.0005842561649837819}, {204, 0.0005744427963060711}, 
   {205, 0.0005649117963188455}, {206, 0.0005556517022962948}, 
   {207, 0.0005466516434022295}, {208, 0.0005379013030501131}, 
   {209, 0.0005293908868229391}, {210, 0.0005211110883052497}, 
   {211, 0.0005130530612090789}, {212, 0.0005052083912911592}, 
   {213, 0.0004975690710774042}, {214, 0.0004901274760456265}, 
   {215, 0.0004828763425265281}, {216, 0.0004758087470624686}, 
   {217, 0.00046891808715564254}, {218, 0.0004621980632858319}, 
   {219, 0.00045564266210497417}, {220, 0.0004492461407232251}, 
   {221, 0.00044300301199826086}, {222, 0.00043690803076729817}, 
   {223, 0.00043095618093710875}, {224, 0.00042514266338600226}, 
   {225, 0.0004194628846082432}, {226, 0.0004139124460567495}, 
   {227, 0.00040848713412870025}, {228, 0.00040318291075605583}, 
   {229, 0.0003979959045538606}, {230, 0.00039292240249075294}, 
   {231, 0.00038795884204772396}, {232, 0.0003831018038309153}, 
   {233, 0.00037834800460709306}, {234, 0.00037369429073932925}, 
   {235, 0.0003691376319886405}, {236, 0.00036467511566655453}, 
   {237, 0.00036030394111023767}, {238, 0.00035602141446127583}, 
   {239, 0.00035182494373127426}, {240, 0.00034771203413300894}, 
   {241, 0.00034368028366189157}, {242, 0.00033972737891414806}, 
   {243, 0.0003358510911249876}, {244, 0.0003320492724141963}, 
   {245, 0.0003283198522275807}, {246, 0.0003246608339603496}, 
   {247, 0.0003210702917555916}, {248, 0.0003175463674631729}, 
   {249, 0.00031408726775315754}}, {{2, 0.008902352562218697}, 
   {3, 0.009690993864870757}, {4, 0.010375431662602084}, 
   {5, 0.010970158523402837}, {6, 0.011486816570977058}, 
   {7, 0.011936611141243331}, {8, 0.012328087662417529}, 
   {9, 0.012669871383746256}, {10, 0.012968157062004243}, 
   {11, 0.013229572007701421}, {12, 0.013458551043712106}, 
   {13, 0.013660191843956282}, {14, 0.013837626577811681}, 
   {15, 0.013994790499892818}, {16, 0.014133860658592986}, 
   {17, 0.014257892519266166}, {18, 0.014368368450783292}, 
   {19, 0.014467678862192235}, {20, 0.014556804589142063}, 
   {21, 0.014637632760454326}, {22, 0.014710784816843273}, 
   {23, 0.01477776588103281}, {24, 0.014838941998085664}, 
   {25, 0.014895526987801996}, {26, 0.01494770725295755}, 
   {27, 0.014996473135849918}, {28, 0.015041886369182071}, 
   {29, 0.015084764612890409}, {30, 0.015125084682431515}, 
   {31, 0.015163529709671119}, {32, 0.015200020235261383}, 
   {33, 0.015235133645046198}, {34, 0.015268754755934042}, 
   {35, 0.015301377039676368}, {36, 0.015332864259648669}, 
   {37, 0.015363642645487691}, {38, 0.015393565311803161}, 
   {39, 0.015423004080060504}, {40, 0.015451808734921024}, 
   {41, 0.01548030666221856}, {42, 0.015508349410757488}, 
   {43, 0.015536227764670188}, {44, 0.01556379853562075}, 
   {45, 0.015591322137924782}, {46, 0.015618663010164064}, 
   {47, 0.01564605622683614}, {48, 0.015673375421160193}, 
   {49, 0.01570083445638451}, {50, 0.015728317181516866}, 
   {51, 0.01575601970354161}, {52, 0.015783836747922927}, 
   {53, 0.015811949622130755}, {54, 0.015840264369081675}, 
   {55, 0.015868950093182038}, {56, 0.015897924485486138}, 
   {57, 0.015927346795555745}, {58, 0.015957146671499618}, 
   {59, 0.015987475703346077}, {60, 0.016018275859655484}, 
   {61, 0.01604969319951042}, {62, 0.016081682501053164}, 
   {63, 0.016114386438188882}, {64, 0.016147773286603884}, 
   {65, 0.016181984586450496}, {66, 0.01621700307985369}, 
   {67, 0.01625297163096596}, {68, 0.016289888797661113}, 
   {69, 0.016327901554440326}, {70, 0.016367026132238484}, 
   {71, 0.016407416887226054}, {72, 0.016449110259148438}, 
   {73, 0.016492271950262732}, {74, 0.016536962057810217}, 
   {75, 0.01658336257340228}, {76, 0.01663156194363491}, 
   {77, 0.01668176477411}, {78, 0.01673409427034896}, 
   {79, 0.016788785938004154}, {80, 0.016846006563946383}, 
   {81, 0.016906033655511625}, {82, 0.01696908985473828}, 
   {83, 0.01703550987336243}, {84, 0.01710558951818044}, 
   {85, 0.017179741988544585}, {86, 0.017258361074211293}, 
   {87, 0.017341968949697507}, {88, 0.017431093672342503}, 
   {89, 0.017526411148357728}, {90, 0.017628637968135786}, 
   {91, 0.01773867125560711}, {92, 0.017857499444944493}, 
   {93, 0.01798634570782829}, {94, 0.018126602147575797}, 
   {95, 0.018279986374459656}, {96, 0.01844851016412148}, 
   {97, 0.01863466661107619}, {98, 0.018841455736790174}, 
   {99, 0.019072636388103366}, {100, 0.01933285623389642}, 
   {101, 0.01962804038359718}, {102, 0.019965731431218055}, 
   {103, 0.0203557783238717}, {104, 0.020811138657326207}, 
   {105, 0.021349271518975754}, {106, 0.02199405607692669}, 
   {107, 0.022778981553104375}, {108, 0.023752045625437437}, 
   {109, 0.024984007580740625}, {110, 0.02658210427402291}, 
   {111, 0.02871397302815067}, {112, 0.031649377708061706}, 
   {113, 0.035832906981464054}, {114, 0.042000735433101184}, 
   {115, 0.05131814256760706}, {116, 0.06531207146781959}, 
   {117, 0.08486769262817191}, {118, 0.10606637577762457}, 
   {119, 0.08892106701616723}, {120, 0.04745819709095498}, 
   {121, 0.02078705737435175}, {122, 0.009172141013076174}, 
   {123, 0.004630586833255197}, {124, 0.0028725234668870816}, 
   {125, 0.0021207938110943307}, {126, 0.001724071788864819}, 
   {127, 0.0014678978362466046}, {128, 0.0012795318674904872}, 
   {129, 0.0011321586919106341}, {130, 0.0010129898587786235}, 
   {131, 0.0009146551924326488}, {132, 0.0008322312734503715}, 
   {133, 0.0007622476676965029}, {134, 0.0007021592663873921}, 
   {135, 0.000650061232500998}, {136, 0.0006044994745036576}, 
   {137, 0.0005643469244652014}, {138, 0.0005287173297771803}, 
   {139, 0.0004969050376277446}, {140, 0.0004683417129456302}, 
   {141, 0.0004425648693714053}, {142, 0.00041919458544636967}, 
   {143, 0.00039791606230369736}, {144, 0.0003784663856340279}, 
   {145, 0.00036062436569817}, {146, 0.0003442026559226837}, 
   {147, 0.0003290415794680035}, {148, 0.00031500424952091155}, 
   {149, 0.00030197267963349983}, {150, 0.00028984465877335275}, 
   {151, 0.00027853122228245947}, {152, 0.0002679545909779849}, 
   {153, 0.000258046480888748}, {154, 0.00024874670853976727}, 
   {155, 0.00024000203352273855}, {156, 0.0002317651927863003}, 
   {157, 0.0002239940907916941}, {158, 0.00021665111708376222}, 
   {159, 0.0002097025686138565}, {160, 0.00020311815859878438}, 
   {161, 0.00019687059724349254}, {162, 0.0001909352323975118}, 
   {163, 0.00018528974043293306}, {164, 0.00017991385937721205}, 
   {165, 0.000174789157736277}, {166, 0.00016989883359049457}, 
   {167, 0.0001652275394544711}, {168, 0.00016076122913673735}, 
   {169, 0.00015648702346493515}, {170, 0.00015239309222077796}, 
   {171, 0.00014846855005875198}, {172, 0.00014470336452450844}, 
   {173, 0.00014108827456275433}, {174, 0.00013761471815613527}, 
   {175, 0.00013427476792267817}, {176, 0.0001310610736769598}, 
   {177, 0.00012796681109213576}, {178, 0.0001249856357239028}, 
   {179, 0.00012211164175564743}, {180, 0.00011933932491163071}, 
   {181, 0.00011666354905633576}, {182, 0.00011407951605886997}, 
   {183, 0.00011158273856111862}, {184, 0.00010916901532546466}, 
   {185, 0.00010683440888603624}, {186, 0.00010457522525227543}, 
   {187, 0.00010238799545518132}, {188, 0.00010026945873668294}, 
   {189, 0.00009821654722293645}, {190, 0.00009622637192533792}, 
   {191, 0.00009429620993880079}, {192, 0.00009242349272094626}, 
   {193, 0.0000906057953474019}, {194, 0.00008884082664798823}, 
   {195, 0.0000871264201440051}, {196, 0.0000854605257089025}, 
   {197, 0.00008384120188723956}, {198, 0.00008226660881397821}, 
   {199, 0.00008073500167748993}, {200, 0.0000792447246778701}, 
   {201, 0.00007779420544299734}, {202, 0.00007638194978809576}, 
   {203, 0.0000750065372469022}, {204, 0.00007366661600793911}, 
   {205, 0.00007236089937071957}, {206, 0.00007108816161197998}, 
   {207, 0.00006984723442578684}, {208, 0.00006863700393714792}, 
   {209, 0.00006745640702846925}, {210, 0.00006630442893174049}, 
   {211, 0.00006518010031349626}, {212, 0.00006408249483643343}, 
   {213, 0.0000630107267838298}, {214, 0.0000619639488704804}, 
   {215, 0.00006094135018382592}, {216, 0.00005994215425771572}, 
   {217, 0.00005896561726751829}, {218, 0.00005801102633617994}, 
   {219, 0.000057077697945051575}, {220, 0.00005616497644174896}, 
   {221, 0.00005527223263664578}, {222, 0.00005439886248529794}, 
   {223, 0.00005354428584625204}, {224, 0.000052707945312905714}, 
   {225, 0.00005188930511327664}, {226, 0.000051087850072129015}, 
   {227, 0.000050303084632830064}, {228, 0.000049534531933681514}, 
   {229, 0.000048781732936653555}, {230, 0.00004804424560315527}, 
   {231, 0.00004732164411647144}, {232, 0.00004661351814490751}, 
   {233, 0.00004591947214597584}, {234, 0.00004523912470677516}, 
   {235, 0.000044572107919675176}, {236, 0.00004391806679119684}, 
   {237, 0.00004327665868020247}, {238, 0.00004264755276691308}, 
   {239, 0.000042030429547534887}, {240, 0.000041424980355790154}, 
   {241, 0.00004083090690728171}, {242, 0.000040247920867653164}, 
   {243, 0.00003967574344143632}, {244, 0.000039114104981326683}, 
   {245, 0.00003856274461622178}, {246, 0.000038021409897874094}, 
   {247, 0.000037489856463938466}, {248, 0.00003696784771689554}, 
   {249, 0.00003645515451866643}}, {0.0005683449298105862, 
   8.0705973246213*^-9}}}
