{3, 28, {{{0, 0, 0, 0}, {0, 0, 0, 0}, {0, 0, 0, 0}, {0, 0, 0, 0}}, 
  {{0, 0, 0, 0}, {0, 0, 0, 0}, {0, 0, 0, 0}, {0, 0, 0, 0}}, 
  {{0, 0, 0, 0}, {0, 0, 0, 0}, {0, 0, 0, 0}, {0, 0, 0, 0}}}, 
 {{{0., 0.28867513459435246, 0.2886751345944394, 0.2886751345956473}, 
   {-0.28867513459435246, 0., -0.2886751345956472, 0.28867513459443916}, 
   {-0.2886751345944394, 0.2886751345956472, 0., -0.28867513459435223}, 
   {-0.2886751345956473, -0.28867513459443916, 0.28867513459435223, 0.}}, 
  {{0., 0.2886751345944012, 0.28867513459443317, 0.28867513459560434}, 
   {-0.2886751345944012, 0., -0.28867513459560434, 0.28867513459443317}, 
   {-0.28867513459443317, 0.28867513459560434, 0., -0.2886751345944013}, 
   {-0.28867513459560434, -0.28867513459443317, 0.2886751345944013, 0.}}}, 
 {0, 0}, {{-0.13000000000000014, -0.010000000000000094}, 
  {-0.2599999999999984, -0.2500000000000001, 0.12000000000000091}, 
  {-0.25000000000000017, -0.13000000000000012}, 
  {{2, 8.465450562766819*^-13}}, {{2, 1.1102230246251565*^-16}}, 
  {0.000578703703703704, 0}}}
