{9, 32, {{{-0.5206928671626503, 0, -0.0025237983619801952, 
    0.002523798361980192}, {0, 0.9875344438958483, 0.0002640390061824144, 
    0.00026403900618239594}, {-0.0025237983619801584, 0.0002640390061823385, 
    0.0001549682638721725, 0.00596422530621653}, 
   {0.0025237983619801818, 0.0002640390061823517, 0.005964225306216531, 
    0.0001549682638721326}}, {{-0.5206928671626505, 0.002523798361980183, 0, 
    -0.0025237983619801874}, {0.0025237983619801545, 0.00015496826387220025, 
    0.0002640390061823527, 0.0059642253062165435}, 
   {0, 0.00026403900618242576, 0.9875344438958484, 0.00026403900618238255}, 
   {-0.0025237983619801805, 0.005964225306216501, 0.0002640390061823671, 
    0.00015496826387212392}}, {{-0.5206928671626503, -0.0025237983619801445, 
    0.002523798361980151, 0}, {-0.002523798361980109, 0.00015496826387209617, 
    0.005964225306216514, 0.00026403900618237925}, 
   {0.0025237983619801024, 0.005964225306216591, 0.00015496826387212392, 
    0.00026403900618238824}, {0, 0.0002640390061823619, 
    0.00026403900618233013, 0.9875344438958487}}}, 
 {{{0., 0.03455228433513694, 0.034552284335136955, 0.034552284335136976}, 
   {-0.03455228433513694, 0., -0.0332715557408778, 0.033271555740877715}, 
   {-0.034552284335136955, 0.0332715557408778, 0., -0.033271555740877694}, 
   {-0.034552284335136976, -0.033271555740877715, 0.033271555740877694, 0.}}, 
  {{0., 0.034552284335136935, 0.03455228433513695, 0.03455228433513704}, 
   {-0.034552284335136935, 0., -0.03327155574087769, 0.03327155574087791}, 
   {-0.03455228433513695, 0.03327155574087769, 0., -0.03327155574087791}, 
   {-0.03455228433513704, -0.03327155574087791, 0.03327155574087791, 0.}}}, 
 {0, 0}, {{-1.5210525530662071, -1.495917102032076}, 
  {-6.29751152558956, -1.5461880041003369, -1.6025677586944433}, 
  {-1.5457221638311847, -1.5205867127970536}, {{2, 0.016632450720988477}, 
   {3, 0.0066521118725725165}, {4, 0.002676010359214595}, 
   {5, 0.0010792963593748567}, {6, 0.00043577781529390014}, 
   {7, 0.00017602841679781323}, {8, 0.00007111791014578761}}, 
  {{2, 0.06921005002236759}, {3, 0.012780752336443456}, 
   {4, 0.006622750784048649}, {5, 0.013994713074596741}, 
   {6, 0.016901784267055537}, {7, 0.018065019520280105}, 
   {8, 0.018533197137371032}}, {1.3565588869345703*^-9, 0.9274991346214142}}}
