{9, 32, {{{-0.5198177205069201, 0, -0.00308573797599264, 
    0.003085737975992621}, {0, 0.9849312156185351, 0.00031785154824888386, 
    0.0003178515482488908}, {-0.0030857379759926017, 0.00031785154824890164, 
    0.00020028067805444826, 0.007237009515619857}, 
   {0.003085737975992623, 0.00031785154824883746, 0.0072370095156198775, 
    0.00020028067805450984}}, {{-0.5198177205069202, 0.003085737975992647, 0, 
    -0.00308573797599262}, {0.003085737975992616, 0.00020028067805443178, 
    0.00031785154824889427, 0.007237009515619902}, 
   {0, 0.00031785154824887345, 0.9849312156185352, 0.0003178515482488688}, 
   {-0.003085737975992627, 0.007237009515619874, 0.0003178515482488546, 
    0.00020028067805449856}}, {{-0.5198177205069202, -0.003085737975992605, 
    0.003085737975992605, 0}, {-0.003085737975992561, 0.0002002806780543962, 
    0.007237009515619928, 0.0003178515482488713}, 
   {0.0030857379759925588, 0.007237009515619968, 0.00020028067805438754, 
    0.00031785154824888473}, {0, 0.000317851548248829, 
    0.00031785154824883925, 0.9849312156185352}}}, 
 {{{0., 0.03801333542247454, 0.03801333542247452, 0.038013335422474565}, 
   {-0.03801333542247454, 0., -0.03658328035803284, 0.03658328035803268}, 
   {-0.03801333542247452, 0.03658328035803284, 0., -0.03658328035803268}, 
   {-0.038013335422474565, -0.03658328035803268, 0.03658328035803268, 0.}}, 
  {{0., 0.03801333542247453, 0.03801333542247452, 0.03801333542247462}, 
   {-0.03801333542247453, 0., -0.03658328035803269, 0.03658328035803288}, 
   {-0.03801333542247452, 0.03658328035803269, 0., -0.03658328035803289}, 
   {-0.03801333542247462, -0.03658328035803288, 0.03658328035803289, 0.}}}, 
 {0, 0}, {{-1.5100022660608694, -1.4797153930351006}, 
  {-6.297065503466518, -1.5402891390866351, -1.608243612646624}, 
  {-1.539719445639912, -1.509432572614143}, {{2, 0.01833149395077438}, 
   {3, 0.007366516261786263}, {4, 0.00298174786199}, 
   {5, 0.0012108449578992209}, {6, 0.0004923806058359376}, 
   {7, 0.0002003359605851629}, {8, 0.00008152999538418859}}, 
  {{2, 0.06910168002204638}, {3, 0.01269143090959945}, 
   {4, 0.006762856505944515}, {5, 0.014192408738164207}, 
   {6, 0.01714065444105631}, {7, 0.018328448918281545}, 
   {8, 0.01880991300221821}}, {2.3971536499543132*^-9, 0.912925653548385}}}
