{7, 20, {{{-0.5248212538880974, 0, 0.00010738029579132316, 
    -0.00010738029579158813}, {0, 0.9986525952870403, 0.0002930153995517097, 
    0.00029301539955158343}, {0.00010738029579140567, 0.00029301539955198404, 
    -0.00008279275845372034, 0.001907726991497809}, 
   {-0.00010738029579123849, 0.0002930153995513697, 0.0019077269914969904, 
    -0.00008279275845317347}}, 
  {{-0.5248212538880976, -0.00010738029579132448, 0, 0.00010738029579160402}, 
   {-0.00010738029579140079, -0.00008279275845358113, 0.0002930153995520496, 
    0.0019077269914971723}, {0, 0.00029301539955166057, 0.99865259528704, 
    0.0002930153995516019}, {0.00010738029579122385, 0.0019077269914978018, 
    0.00029301539955130755, -0.00008279275845289808}}, 
  {{-0.5248212538880987, 0.00010738029579144238, -0.00010738029579146366, 0}, 
   {0.00010738029579168297, -0.00008279275845287509, 0.0019077269914995385, 
    0.0002930153995521609}, {-0.00010738029579165502, 0.0019077269914977183, 
    -0.00008279275845282652, 0.000293015399552107}, 
   {0, 0.0002930153995517878, 0.0002930153995518715, 0.9986525952870393}}}, 
 {{{0, 0.008413742215136383, 0.00841374221513636, 0.008413742215136402}, 
   {-0.008413742215136383, 0, -0.02538413462513269, 0.0253841346251325}, 
   {-0.00841374221513636, 0.02538413462513269, 0, -0.025384134625132445}, 
   {-0.008413742215136402, -0.0253841346251325, 0.025384134625132445, 0}}, 
  {{0, 0.008413742215136324, 0.008413742215136308, 0.008413742215136405}, 
   {-0.008413742215136324, 0, -0.025384134625132625, 0.025384134625132598}, 
   {-0.008413742215136308, 0.025384134625132625, 0, -0.02538413462513254}, 
   {-0.008413742215136405, -0.025384134625132598, 0.02538413462513254, 0}}}, 
 {0, 0}, {{-1.56964008914595, -1.5667254833462694}, 
  {-6.298599113425164, -1.5757804864800353, -1.5735190702325466}, 
  {-1.5754940531334802, -1.5725794473337995}, {{2, 0.0031450547866767008}, 
   {3, 0.000702378916109473}, {4, 0.0003378864631658543}, 
   {5, 0.00032609846303230405}, {6, 0.00031408323150478035}}, 
  {{2, 0.016784728079305818}, {3, 0.016922741407751005}, 
   {4, 0.01695203924364421}, {5, 0.01696800891484746}, 
   {6, 0.0169703924099962}}, {2.6753103783476204*^-10, 0.9919427553393103}}}
