{5, 32, {{{-0.5245682889212931, 0, -0.00018963865888453081, 
    0.0001896386588845052}, {0, 0.9989629552010804, 0.00005263936303853884, 
    0.00005263936303865686}, {-0.00018963865888447617, 
    0.00005263936303877826, -0.00002529734542052603, 0.00045807818858794886}, 
   {0.00018963865888455206, 0.00005263936303842686, 0.00045807818858800464, 
    -0.000025297345420354292}}, {{-0.5245682889212931, 0.0001896386588845571, 
    0, -0.00018963865888451084}, {0.00018963865888453287, 
    -0.00002529734542043192, 0.00005263936303876292, 0.0004580781885879487}, 
   {0, 0.0000526393630385174, 0.9989629552010801, 0.000052639363038650013}, 
   {-0.0001896386588845696, 0.00045807818858800795, 0.000052639363038446895, 
    -0.000025297345420310924}}, 
  {{-0.5245682889212934, -0.00018963865888448712, 0.00018963865888451, 0}, 
   {-0.00018963865888444524, -0.000025297345420606694, 
    0.00045807818858800936, 0.00005263936303842427}, 
   {0.00018963865888442407, 0.00045807818858831, -0.000025297345420560724, 
    0.00005263936303844704}, {0, 0.000052639363038630376, 
    0.000052639363039054936, 0.9989629552010805}}}, 
 {{{0., 0.01856073866419774, 0.018560738664197808, 0.01856073866419777}, 
   {-0.01856073866419774, 0., -0.01968445085461807, 0.019684450854617987}, 
   {-0.018560738664197808, 0.01968445085461807, 0., -0.019684450854618084}, 
   {-0.01856073866419777, -0.019684450854617987, 0.019684450854618084, 0.}}, 
  {{0., 0.01856073866419779, 0.01856073866419778, 0.01856073866419778}, 
   {-0.01856073866419779, 0., -0.01968445085461807, 0.01968445085461816}, 
   {-0.01856073866419778, 0.01968445085461807, 0., -0.019684450854618202}, 
   {-0.01856073866419778, -0.01968445085461816, 0.019684450854618202, 0.}}}, 
 {0, 0}, {{-1.5698915531368094, -1.5666767388975713}, 
  {-6.299178757622003, -1.5731063673760495, -1.576483011434952}, 
  {-1.5732036837063939, -1.5699888694671558}, {{2, 0.005053195646949208}, 
   {3, 0.00395990193233545}, {4, 0.0031034368148050145}}, 
  {{2, 0.3554744242513288}, {3, 0.13651810197027012}, 
   {4, 0.03027121416745851}}, {5.817545941209856*^-11, 0.9937938408465048}}}
{5, 32, {{{-0.5245682889212931, 0, -0.00018963865888454046, 
    0.00018963865888453217}, {0, 0.9989629552010801, 0.00005263936303863493, 
    0.00005263936303859945}, {-0.00018963865888450618, 
    0.00005263936303864183, -0.000025297345420395925, 0.0004580781885879971}, 
   {0.00018963865888452902, 0.000052639363038551134, 0.000458078188587992, 
    -0.00002529734542038725}}, {{-0.5245682889212931, 0.00018963865888454933, 
    0, -0.00018963865888453472}, {0.00018963865888451263, 
    -0.00002529734542043062, 0.00005263936303864618, 0.00045807818858798307}, 
   {0, 0.000052639363038631975, 0.9989629552010799, 0.00005263936303861021}, 
   {-0.00018963865888452957, 0.00045807818858800627, 0.000052639363038535935, 
    -0.000025297345420310924}}, 
  {{-0.5245682889212935, -0.00018963865888450262, 0.000189638658884503, 0}, 
   {-0.00018963865888443448, -0.00002529734542064052, 0.00045807818858808954, 
    0.00005263936303856715}, {0.00018963865888442833, 0.0004580781885880453, 
    -0.000025297345420699502, 0.000052639363038540035}, 
   {0, 0.000052639363038584324, 0.00005263936303822145, 
    0.9989629552010806}}}, 
 {{{0., 0.018560738664197756, 0.018560738664197753, 0.01856073866419781}, 
   {-0.018560738664197756, 0., -0.019684450854618077, 0.019684450854618098}, 
   {-0.018560738664197753, 0.019684450854618077, 0., -0.019684450854618084}, 
   {-0.01856073866419781, -0.019684450854618098, 0.019684450854618084, 0.}}, 
  {{0., 0.018560738664197787, 0.018560738664197735, 0.01856073866419783}, 
   {-0.018560738664197787, 0., -0.01968445085461793, 0.019684450854618216}, 
   {-0.018560738664197735, 0.01968445085461793, 0., -0.019684450854618223}, 
   {-0.01856073866419783, -0.019684450854618216, 0.019684450854618223, 0.}}}, 
 {0, 0}, {{-1.5698915531368094, -1.56667673889757}, 
  {-6.299178757622004, -1.5731063673760497, -1.5764830114349522}, 
  {-1.5732036837063939, -1.5699888694671544}, {{2, 0.005053195646949187}, 
   {3, 0.003959901932335435}, {4, 0.003103436814804938}}, 
  {{2, 0.35547442425132886}, {3, 0.13651810197026945}, 
   {4, 0.03027121416745874}}, {5.817545941209871*^-11, 0.9937938408465041}}}
{5, 32, {{{-0.524568288921293, 0, -0.00018963865888454442, 
    0.00018963865888454187}, {0, 0.9989629552010801, 0.0000526393630387178, 
    0.00005263936303859552}, {-0.00018963865888452198, 
    0.000052639363038643535, -0.000025297345420392022, 
    0.0004580781885879568}, {0.0001896386588845312, 0.000052639363038530426, 
    0.0004580781885880332, -0.000025297345420304852}}, 
  {{-0.5245682889212933, 0.00018963865888454065, 0, -0.00018963865888453773}, 
   {0.0001896386588845074, -0.000025297345420381614, 0.000052639363038647926, 
    0.000458078188587917}, {0, 0.000052639363038717735, 0.9989629552010799, 
    0.00005263936303860269}, {-0.0001896386588845296, 0.0004580781885880275, 
    0.000052639363038512726, -0.000025297345420310924}}, 
  {{-0.5245682889212934, -0.00018963865888449417, 0.00018963865888449883, 0}, 
   {-0.00018963865888442448, -0.000025297345420708175, 0.0004580781885882246, 
    0.00005263936303854361}, {0.00018963865888444055, 0.00045807818858796404, 
    -0.000025297345420671746, 0.000052639363038523514}, 
   {0, 0.0000526393630385814, 0.000052639363038589786, 0.9989629552010808}}}, 
 {{{0., 0.018560738664197756, 0.018560738664197763, 0.0185607386641978}, 
   {-0.018560738664197756, 0., -0.01968445085461811, 0.019684450854618066}, 
   {-0.018560738664197763, 0.01968445085461811, 0., -0.01968445085461802}, 
   {-0.0185607386641978, -0.019684450854618066, 0.01968445085461802, 0.}}, 
  {{0., 0.018560738664197773, 0.01856073866419777, 0.018560738664197822}, 
   {-0.018560738664197773, 0., -0.0196844508546181, 0.019684450854618143}, 
   {-0.01856073866419777, 0.0196844508546181, 0., -0.019684450854618153}, 
   {-0.018560738664197822, -0.019684450854618143, 0.019684450854618153, 
    0.}}}, {0, 0}, {{-1.5698915531368094, -1.56667673889757}, 
  {-6.299178757622004, -1.5731063673760497, -1.5764830114349522}, 
  {-1.5732036837063939, -1.5699888694671544}, {{2, 0.005053195646949194}, 
   {3, 0.003959901932335445}, {4, 0.0031034368148049295}}, 
  {{2, 0.35547442425132847}, {3, 0.13651810197026942}, 
   {4, 0.030271214167458538}}, {5.817545941209862*^-11, 0.9937938408465046}}}
