{3, 40, {{{-8.716042548333488*^-6, 0, -2.4443643188557788*^-6, 
    2.4443643188548885*^-6}, {0, 0.000012131041816989958, 
    7.368646851625092*^-7, 7.368646851598523*^-7}, 
   {-2.4443643188573653*^-6, 7.368646851590611*^-7, -1.707499633461071*^-6, 
    7.242313176480219*^-6}, {2.444364318852029*^-6, 7.368646851630481*^-7, 
    7.242313176479188*^-6, -1.7074996334588157*^-6}}, 
  {{-8.716042548330344*^-6, 2.4443643188568994*^-6, 0, 
    -2.4443643188572873*^-6}, {2.444364318856202*^-6, 
    -1.7074996334606625*^-6, 7.368646851613527*^-7, 7.242313176481523*^-6}, 
   {0, 7.368646851608664*^-7, 0.000012131041816986639, 
    7.368646851606625*^-7}, {-2.44436431885657*^-6, 7.242313176479117*^-6, 
    7.368646851626057*^-7, -1.707499633461225*^-6}}, 
  {{-8.716042548335873*^-6, -2.4443643188541626*^-6, 2.4443643188544998*^-6, 
    0}, {-2.4443643188556932*^-6, -1.7074996334642801*^-6, 
    7.2423131764796845*^-6, 7.368646851617714*^-7}, 
   {2.4443643188541897*^-6, 7.242313176484678*^-6, -1.707499633461967*^-6, 
    7.368646851603423*^-7}, {0, 7.368646851620818*^-7, 7.368646851643392*^-7, 
    0.000012131041816986824}}}, 
 {{{0., 0.5773502691134853, 0.5773502691134853, 0.5773502691134857}, 
   {-0.5773502691134853, 0., -0.5773502691099094, 0.5773502691099089}, 
   {-0.5773502691134853, 0.5773502691099094, 0., -0.5773502691099088}, 
   {-0.5773502691134857, -0.5773502691099089, 0.5773502691099088, 0.}}, 
  {{0., 0.577350269113485, 0.5773502691134849, 0.5773502691134865}, 
   {-0.577350269113485, 0., -0.57735026910991, 0.5773502691099085}, 
   {-0.5773502691134849, 0.57735026910991, 0., -0.5773502691099084}, 
   {-0.5773502691134865, -0.5773502691099085, 0.5773502691099084, 0.}}}, 
 {0, 0}, {{-1.8532503309742765*^-10, 0.9999999996827955}, 
  {-5.999999999974652, -1.0000000000534461, -1.99999999993388}, 
  {-1.0000000000503502, -1.8222967579362148*^-10}, 
  {{2, 3.2089877238998596*^-6}}, {{2, 3.0972839499883663*^-12}}, 
  {0.037037037006354044, 3.1870479583535715*^-30}}}
