{10, 28, {{{-0.5124718617766575, 0, -0.00816524648551362, 
    0.008165246485513585}, {0, 0.9624940460009449, 0.0009231234245937366, 
    0.000923123424593766}, {-0.008165246485513566, 0.0009231234245936329, 
    0.000581251083300106, 0.018354859048160574}, 
   {0.008165246485513577, 0.0009231234245936511, 0.018354859048160577, 
    0.0005812510833000731}}, {{-0.5124718617766574, 0.008165246485513616, 0, 
    -0.008165246485513578}, {0.008165246485513566, 0.0005812510833001173, 
    0.0009231234245936255, 0.01835485904816059}, {0, 0.0009231234245937266, 
    0.9624940460009448, 0.0009231234245937307}, {-0.008165246485513582, 
    0.018354859048160563, 0.0009231234245936826, 0.0005812510833000939}}, 
  {{-0.5124718617766574, -0.00816524648551355, 0.00816524648551355, 0}, 
   {-0.00816524648551353, 0.0005812510833000635, 0.018354859048160588, 
    0.0009231234245937136}, {0.00816524648551354, 0.018354859048160636, 
    0.0005812510833000384, 0.0009231234245937475}, 
   {0, 0.0009231234245936784, 0.0009231234245936745, 0.9624940460009446}}}, 
 {{{0., 0.059751087147669246, 0.05975108714766926, 0.05975108714766932}, 
   {-0.059751087147669246, 0., -0.05798533974399339, 0.057985339743993045}, 
   {-0.05975108714766926, 0.05798533974399339, 0., -0.057985339743993086}, 
   {-0.05975108714766932, -0.057985339743993045, 0.057985339743993086, 0.}}, 
  {{0., 0.059751087147669246, 0.05975108714766923, 0.05975108714766939}, 
   {-0.059751087147669246, 0., -0.05798533974399319, 0.05798533974399338}, 
   {-0.05975108714766923, 0.05798533974399319, 0., -0.05798533974399342}, 
   {-0.05975108714766939, -0.05798533974399338, 0.05798533974399342, 0.}}}, 
 {0, 0}, {{-1.418019581232073, -1.3455752381090058}, 
  {-6.2895985208293395, -1.4904639243551407, -1.654335336059529}, 
  {-1.4893934968793654, -1.4169491537562982}, {{2, 0.029157386859533355}, 
   {3, 0.012217881893892293}, {4, 0.005230024052815321}, 
   {5, 0.002261272626054453}, {6, 0.000982089915403772}, 
   {7, 0.0004273749029950896}, {8, 0.00018614150313231437}, 
   {9, 0.00008110391794093064}}, {{2, 0.07648628746537478}, 
   {3, 0.019338077808548314}, {4, 0.0009040210167623863}, 
   {5, 0.009004112207918684}, {6, 0.0124083128371416}, 
   {7, 0.01386887486105368}, {8, 0.01450111946267082}, 
   {9, 0.014775860055166446}}, {3.801099486485026*^-8, 0.7950387742511053}}}
