{9, 28, {{{-0.5189487207015748, 0, -0.0036989154357986226, 
    0.003698915435798593}, {0, 0.9819750547792732, 0.0004639106499970977, 
    0.00046391064999711656}, {-0.003698915435798562, 0.00046391064999705086, 
    0.00016041949959971855, 0.008615596181851058}, 
   {0.003698915435798581, 0.0004639106499970129, 0.00861559618185108, 
    0.00016041949959976366}}, {{-0.5189487207015745, 0.0036989154357986113, 
    0, -0.003698915435798583}, {0.0036989154357985597, 0.0001604194995997229, 
    0.00046391064999704826, 0.008615596181851084}, 
   {0, 0.0004639106499970927, 0.9819750547792729, 0.0004639106499970473}, 
   {-0.003698915435798576, 0.008615596181851008, 0.00046391064999706403, 
    0.0001604194995997732}}, {{-0.5189487207015746, -0.0036989154357985597, 
    0.003698915435798565, 0}, {-0.003698915435798533, 0.0001604194995996691, 
    0.008615596181851093, 0.00046391064999706257}, 
   {0.0036989154357985315, 0.008615596181851166, 0.00016041949959966217, 
    0.0004639106499971134}, {0, 0.000463910649997055, 0.0004639106499970127, 
    0.9819750547792732}}}, 
 {{{0., 0.04118306478382837, 0.04118306478382837, 0.04118306478382843}, 
   {-0.04118306478382837, 0., -0.040184680562859856, 0.040184680562859676}, 
   {-0.04118306478382837, 0.040184680562859856, 0., -0.040184680562859704}, 
   {-0.04118306478382843, -0.040184680562859676, 0.040184680562859704, 0.}}, 
  {{0., 0.04118306478382837, 0.04118306478382837, 0.04118306478382848}, 
   {-0.04118306478382837, 0., -0.04018468056285968, 0.04018468056285994}, 
   {-0.04118306478382837, 0.04018468056285968, 0., -0.040184680562859953}, 
   {-0.04118306478382848, -0.04018468056285994, 0.040184680562859953, 0.}}}, 
 {0, 0}, {{-1.4982066494821589, -1.4625410691736636}, 
  {-6.296534171018105, -1.5338722297906542, -1.6143948557183982}, 
  {-1.5334399167416064, -1.497774336433111}, {{2, 0.01990346539015425}, 
   {3, 0.008040325212369026}, {4, 0.0032766458137026555}, 
   {5, 0.0013406130441925984}, {6, 0.000549424848848068}, 
   {7, 0.00022532913212341965}, {8, 0.00009243829429270156}}, 
  {{2, 0.07738443305884259}, {3, 0.020096695321761216}, 
   {4, 0.0002737820988910145}, {5, 0.007339787359388483}, 
   {6, 0.010381972776965235}, {7, 0.011616838072675115}, 
   {8, 0.01212129580701625}}, {4.210785533717606*^-9, 0.8966082548264492}}}
