{9, 28, {{{-0.5228197586087193, 0, -0.0012223907138618222, 
    0.0012223907138618024}, {0, 0.993728338110447, 0.0001641526399916032, 
    0.00016415263999154726}, {-0.0012223907138617833, 0.00016415263999169634, 
    0.000031123779209709865, 0.002943685981644166}, 
   {0.0012223907138618146, 0.00016415263999158575, 0.002943685981644105, 
    0.00003112377920982349}}, {{-0.5228197586087192, 0.0012223907138618007, 
    0, -0.0012223907138617998}, {0.0012223907138617716, 
    0.00003112377920968905, 0.00016415263999170512, 0.0029436859816441446}, 
   {0, 0.00016415263999160776, 0.9937283381104471, 0.00016415263999155014}, 
   {-0.0012223907138618046, 0.002943685981644107, 0.00016415263999156466, 
    0.00003112377920982956}}, {{-0.5228197586087193, -0.0012223907138617807, 
    0.0012223907138617903, 0}, {-0.001222390713861736, 
    0.00003112377920965609, 0.0029436859816441893, 0.000164152639991591}, 
   {0.0012223907138617393, 0.002943685981644223, 0.00003112377920963527, 
    0.0001641526399915665}, {0, 0.00016415263999152157, 
    0.00016415263999152926, 0.9937283381104474}}}, 
 {{{0., 0.024215276904650557, 0.024215276904650546, 0.024215276904650564}, 
   {-0.024215276904650557, 0., -0.023698800894932398, 0.02369880089493239}, 
   {-0.024215276904650546, 0.023698800894932398, 0., -0.023698800894932398}, 
   {-0.024215276904650564, -0.02369880089493239, 0.023698800894932398, 0.}}, 
  {{0., 0.024215276904650543, 0.024215276904650546, 0.02421527690465061}, 
   {-0.024215276904650543, 0., -0.023698800894932297, 0.023698800894932537}, 
   {-0.024215276904650546, 0.023698800894932297, 0., -0.02369880089493253}, 
   {-0.02421527690465061, -0.023698800894932537, 0.02369880089493253, 0.}}}, 
 {0, 0}, {{-1.5477989414918902, -1.535216314516427}, 
  {-6.298281995738219, -1.56038156846735, -1.5887594294017595}, 
  {-1.560247384063893, -1.5476647570884299}, {{2, 0.011603598699097863}, 
   {3, 0.0045897720962346025}, {4, 0.001820287025119438}, 
   {5, 0.0007227593137081739}, {6, 0.00028711495780692903}, 
   {7, 0.00011407800234283783}, {8, 0.00004532956501455965}}, 
  {{2, 0.078047479515571}, {3, 0.020703608707516814}, 
   {4, 0.0011185416024554994}, {5, 0.006234431417904078}, 
   {6, 0.009092506837455551}, {7, 0.010218397223400613}, 
   {8, 0.010664259833818912}}, {1.7715696584992357*^-10, 0.9629551241958071}}}
