{7, 28, {{{-0.5246523124674284, 0, -0.000129504302652351, 
    0.00012950430265233}, {0, 0.9993150567130079, 0.000018686568996727085, 
    0.000018686568996741207}, {-0.00012950430265230018, 
    0.000018686568996679136, 1.410966995072857*^-6, 0.00031771622834246696}, 
   {0.00012950430265236824, 0.000018686568996708193, 0.00031771622834250637, 
    1.410966994888109*^-6}}, {{-0.5246523124674284, 0.00012950430265235908, 
    0, -0.00012950430265233273}, {0.00012950430265231045, 
    1.4109669950398973*^-6, 0.000018686568996684124, 0.00031771622834244955}, 
   {0, 0.000018686568996730927, 0.9993150567130079, 0.00001868656899680668}, 
   {-0.00012950430265236656, 0.00031771622834260687, 0.000018686568996646614, 
    1.4109669948247916*^-6}}, {{-0.5246523124674284, -0.00012950430265232167, 
    0.0001295043026523207, 0}, {-0.0001295043026522653, 
    1.4109669947137693*^-6, 0.0003177162283428392, 0.000018686568996694457}, 
   {0.00012950430265226, 0.0003177162283427252, 1.410966994797036*^-6, 
    0.000018686568996631845}, {0, 0.000018686568996761007, 
    0.000018686568996797775, 0.9993150567130087}}}, 
 {{{0., 0.007973418248333706, 0.007973418248333697, 0.007973418248333693}, 
   {-0.007973418248333706, 0., -0.00783779516142082, 0.007837795161420925}, 
   {-0.007973418248333697, 0.00783779516142082, 0., -0.007837795161420876}, 
   {-0.007973418248333693, -0.007837795161420925, 0.007837795161420876, 0.}}, 
  {{0., 0.007973418248333695, 0.007973418248333697, 0.007973418248333704}, 
   {-0.007973418248333695, 0., -0.007837795161420764, 0.007837795161420963}, 
   {-0.007973418248333697, 0.007837795161420764, 0., -0.007837795161420961}, 
   {-0.007973418248333704, -0.007837795161420963, 0.007837795161420961, 
    0.}}}, {0, 0}, {{-1.5716885558080744, -1.5703075192564646}, 
  {-6.298511918375409, -1.5730695923596856, -1.576186366828019}, 
  {-1.573057847055825, -1.5716768105042151}, {{2, 0.003814801245051392}, 
   {3, 0.0014949136391014146}, {4, 0.0005859710703241296}, 
   {5, 0.00022971348922684598}, {6, 0.00009005695681525705}}, 
  {{2, 0.07838289292372405}, {3, 0.021010134352987715}, 
   {4, 0.001523561371818547}, {5, 0.0057214835739344255}, 
   {6, 0.008504701665509424}}, {2.318267008430746*^-13, 0.9958973710641597}}}
