{8, 32, {{{-0.5237534434753954, 0, -0.0006443704214585762, 
    0.0006443704214585803}, {0, 0.9966739144297769, 0.00006806481031519705, 
    0.0000680648103152756}, {-0.0006443704214585468, 0.00006806481031541162, 
    0.000035088764864804264, 0.0015714662525592284}, 
   {0.0006443704214585748, 0.00006806481031514772, 0.001571466252559225, 
    0.00003508876486483636}}, {{-0.5237534434753955, 0.0006443704214585799, 
    0, -0.0006443704214585814}, {0.0006443704214585395, 
    0.00003508876486477347, 0.00006806481031541818, 0.0015714662525592982}, 
   {0, 0.00006806481031519646, 0.9966739144297772, 0.00006806481031519754}, 
   {-0.000644370421458575, 0.001571466252559123, 0.0000680648103152328, 
    0.000035088764865021105}}, {{-0.5237534434753958, -0.0006443704214585302, 
    0.0006443704214585246, 0}, {-0.0006443704214584629, 
    0.00003508876486469151, 0.0015714662525593112, 0.00006806481031517147}, 
   {0.0006443704214584776, 0.0015714662525593498, 0.00003508876486460477, 
    0.00006806481031524676}, {0, 0.00006806481031525392, 
    0.00006806481031518683, 0.9966739144297778}}}, 
 {{{0., 0.017845754510690526, 0.01784575451069053, 0.017845754510690558}, 
   {-0.017845754510690526, 0., -0.01716825029207143, 0.017168250292071453}, 
   {-0.01784575451069053, 0.01716825029207143, 0., -0.017168250292071446}, 
   {-0.017845754510690558, -0.017168250292071453, 0.017168250292071446, 0.}}, 
  {{0., 0.017845754510690547, 0.017845754510690544, 0.017845754510690585}, 
   {-0.017845754510690547, 0., -0.0171682502920714, 0.017168250292071554}, 
   {-0.017845754510690544, 0.0171682502920714, 0., -0.01716825029207155}, 
   {-0.017845754510690585, -0.017168250292071554, 0.01716825029207155, 0.}}}, 
 {0, 0}, {{-1.5601894512036378, -1.5533893054310166}, 
  {-6.2983973024571345, -1.5669895969762602, -1.582209054252307}, 
  {-1.5668605150860708, -1.5600603693134496}, {{2, 0.008538283797687295}, 
   {3, 0.0033607725185798645}, {4, 0.0013246710392938454}, 
   {5, 0.0005224430219377893}, {6, 0.00020609957370899823}, 
   {7, 0.00008131266317263491}}, {{2, 0.06746994994156294}, 
   {3, 0.011189350396747916}, {4, 0.007976210847931254}, 
   {5, 0.015134809704860707}, {6, 0.01790014091528271}, 
   {7, 0.018982223985352237}}, {2.5606853504046466*^-11, 0.9802086951709306}}}
