{4, 28, {{{-0.5248271903596503, 0, -0.00002367978392742446, 
    0.000023679783927308052}, {0, 0.9998189636839825, 
    0.000012214776541368333, 0.000012214776541926279}, 
   {-0.000023679783927578696, 0.00001221477654227629, -4.845060995985239*^-6, 
    0.0001887478079834292}, {0.00002367978392778411, 0.000012214776541582802, 
    0.0001887478079832699, -4.845060995394999*^-6}}, 
  {{-0.5248271903596503, 0.000023679783927476486, 0, 
    -0.000023679783927304162}, {0.000023679783927532577, 
    -4.845060996118162*^-6, 0.000012214776542264047, 0.0001887478079836439}, 
   {0, 0.00001221477654137964, 0.9998189636839823, 0.000012214776541681693}, 
   {-0.00002367978392778203, 0.0001887478079832187, 0.000012214776541810357, 
    -4.845060994469741*^-6}}, 
  {{-0.5248271903596502, -0.000023679783927459258, 0.000023679783927375046, 
    0}, {-0.00002367978392748192, -4.845060995741293*^-6, 
    0.00018874780798389893, 0.000012214776541707309}, 
   {0.00002367978392749118, 0.0001887478079839649, -4.8450609968497815*^-6, 
    0.000012214776541862417}, {0, 0.000012214776541980375, 
    0.000012214776541847437, 0.9998189636839827}}}, 
 {{{0, 0.0074195137212720065, 0.007419513721272098, 0.007419513721272145}, 
   {-0.0074195137212720065, 0, -0.008339673597614214, 0.008339673597614313}, 
   {-0.007419513721272098, 0.008339673597614214, 0, -0.008339673597614216}, 
   {-0.007419513721272145, -0.008339673597614313, 0.008339673597614216, 0}}, 
  {{0, 0.0074195137212720195, 0.007419513721272045, 0.007419513721272185}, 
   {-0.0074195137212720195, 0, -0.008339673597614335, 0.008339673597614422}, 
   {-0.007419513721272045, 0.008339673597614335, 0, -0.008339673597614113}, 
   {-0.007419513721272185, -0.008339673597614422, 0.008339673597614113, 0}}}, 
 {0, 0}, {{-1.573076582813995, -1.5717914853407253}, 
  {-6.298519960369914, -1.5749416920264023, -1.5743182881585547}, 
  {-1.5744413684701104, -1.5731562709968407}, {{2, 0.0014849271586654302}, 
   {3, 0.00032302539905267394}}, {{2, 0.0008629879699441764}, 
   {3, 0.0009201598763421857}}, {3.3642969355131367*^-13, 
   0.9989142735974605}}}
