{5, 20, {{{-0.5248342308587169, 0, -0.000023430169025430677, 
    0.000023430169025573165}, {0, 0.9998159169422266, 
    0.000012453015665265488, 0.000012453015665183663}, 
   {-0.000023430169026091684, 0.000012453015664487927, 
    -3.4439996512269228*^-6, 0.0002581348167613476}, 
   {0.000023430169025103448, 0.00001245301566451911, 0.0002581348167635662, 
    -3.443999650212977*^-6}}, {{-0.5248342308587169, 0.000023430169025849155, 
    0, -0.00002343016902556686}, {0.000023430169025645013, 
    -3.4439996518158614*^-6, 0.000012453015664480893, 
    0.00025813481676110014}, {0, 0.000012453015665320636, 0.9998159169422254, 
    0.000012453015665440778}, {-0.000023430169025100764, 
    0.00025813481676312196, 0.00001245301566432193, 
    -3.4439996493191606*^-6}}, 
  {{-0.5248342308587176, -0.000023430169025749713, 0.00002343016902541268, 
    0}, {-0.000023430169025600534, -3.443999649762816*^-6, 
    0.0002581348167621169, 0.000012453015664699326}, 
   {0.000023430169026028967, 0.0002581348167629515, -3.4439996501878234*^-6, 
    0.000012453015664452289}, {0, 0.00001245301566522414, 
    0.000012453015665485999, 0.9998159169422256}}}, 
 {{{0, 0.00747712167225562, 0.007477121672255696, 0.0074771216722556095}, 
   {-0.00747712167225562, 0, -0.008410209407134927, 0.008410209407135778}, 
   {-0.007477121672255696, 0.008410209407134927, 0, -0.008410209407135275}, 
   {-0.0074771216722556095, -0.008410209407135778, 0.008410209407135275, 0}}, 
  {{0, 0.007477121672255631, 0.007477121672255696, 0.00747712167225564}, 
   {-0.007477121672255631, 0, -0.008410209407135, 0.008410209407136085}, 
   {-0.007477121672255696, 0.008410209407135, 0, -0.008410209407135428}, 
   {-0.00747712167225564, -0.008410209407136085, 0.008410209407135428, 0}}}, 
 {0, 0}, {{-1.5730854998884618, -1.571790424425389}, 
  {-6.298602682972544, -1.5749702715363592, -1.574331069949913}, 
  {-1.5744613831197705, -1.5731663076566977}, {{2, 0.0014847480006559763}, 
   {3, 0.0003229772540160412}, {4, 0.00007076296162171827}}, 
  {{2, 0.0008634974825670995}, {3, 0.0009206806023783216}, 
   {4, 0.0009330877348797666}}, {3.538676459539947*^-13, 0.998896009827196}}}
