{5, 40, {{{-0.524819897466904, 0, -0.000023445565982733994, 
    0.000023445565982821188}, {0, 0.9998158541483833, 0.00001244712427247031, 
    0.000012447124271906067}, {-0.000023445565982736257, 
    0.000012447124271849414, -3.4333140397568244*^-6, 
    0.00025817712860334526}, {0.000023445565982432057, 
    0.000012447124271900318, 0.00025817712860439884, 
    -3.433314038627194*^-6}}, {{-0.5248198974669038, 0.00002344556598273077, 
    0, -0.000023445565982804077}, {0.0000234455659826867, 
    -3.433314039603735*^-6, 0.000012447124271837322, 0.00025817712860343634}, 
   {0, 0.0000124471242725037, 0.9998158541483836, 0.00001244712427175266}, 
   {-0.00002344556598242128, 0.00025817712860371297, 0.000012447124272153006, 
    -3.433314039355561*^-6}}, 
  {{-0.5248198974669089, -0.000023445565982613048, 0.00002344556598261807, 
    0}, {-0.00002344556598264322, -3.4333140394261427*^-6, 
    0.0002581771286032956, 0.000012447124272032184}, 
   {0.000023445565982611482, 0.0002581771286035572, -3.4333140392917016*^-6, 
    0.00001244712427219529}, {0, 0.00001244712427200436, 
    0.00001244712427170209, 0.9998158541483881}}}, 
 {{{0, 0.007478529797512958, 0.007478529797513006, 0.007478529797513023}, 
   {-0.007478529797512958, 0, -0.00841065379117054, 0.008410653791170047}, 
   {-0.007478529797513006, 0.00841065379117054, 0, -0.008410653791170121}, 
   {-0.007478529797513023, -0.008410653791170047, 0.008410653791170121, 0}}, 
  {{0, 0.0074785297975129075, 0.007478529797512895, 0.0074785297975130975}, 
   {-0.0074785297975129075, 0, -0.008410653791171044, 0.008410653791170005}, 
   {-0.007478529797512895, 0.008410653791171044, 0, -0.008410653791169849}, 
   {-0.0074785297975130975, -0.008410653791170005, 0.008410653791169849, 
    0}}}, {0, 0}, {{-1.5730422280461027, -1.5717469086885802}, 
  {-6.298430571648358, -1.5749273570741384, -1.5742879287500404}, 
  {-1.5744182717094222, -1.5731229523518997}, {{2, 0.0014850776645843923}, 
   {3, 0.0003230660269696005}, {4, 0.00007078877861292111}}, 
  {{2, 0.0008625580332654724}, {3, 0.000919720169534186}, 
   {4, 0.0009321239936572863}}, {3.539798480874496*^-13, 0.9988956334108609}}}
