{5, 20, {{{-0.5246865592341048, 0, -0.00009440149506040254, 
    0.0000944014950597793}, {0, 0.9992607651727216, 0.00004982056625104128, 
    0.00004982056625085226}, {-0.00009440149506017157, 
    0.00004982056625136065, -0.000013679013541757507, 0.0010386446498609674}, 
   {0.00009440149506046148, 0.00004982056625076301, 0.0010386446498599447, 
    -0.000013679013542130473}}, 
  {{-0.5246865592341047, 0.00009440149506032801, 0, -0.00009440149505978267}, 
   {0.0000944014950603078, -0.000013679013541666868, 0.00004982056625133957, 
    0.0010386446498611812}, {0, 0.000049820566251046514, 0.9992607651727223, 
    0.000049820566250801694}, {-0.00009440149506046809, 
    0.0010386446498602622, 0.00004982056625083208, 
    -0.000013679013541840774}}, 
  {{-0.5246865592341056, -0.00009440149506022128, 0.00009440149506029584, 0}, 
   {-0.00009440149506023004, -0.000013679013541200227, 0.0010386446498620654, 
    0.00004982056625095317}, {0.00009440149506007835, 0.001038644649860435, 
    -0.000013679013541934015, 0.00004982056625100921}, 
   {0, 0.00004982056625102633, 0.000049820566250923044, 
    0.9992607651727228}}}, 
 {{{0, 0.014977243546762725, 0.01497724354676271, 0.014977243546762747}, 
   {-0.014977243546762725, 0, -0.016841310956603482, 0.01684131095660326}, 
   {-0.01497724354676271, 0.016841310956603482, 0, -0.01684131095660337}, 
   {-0.014977243546762747, -0.01684131095660326, 0.01684131095660337, 0}}, 
  {{0, 0.014977243546762713, 0.014977243546762659, 0.0149772435467628}, 
   {-0.014977243546762713, 0, -0.016841310956602962, 0.016841310956603427}, 
   {-0.014977243546762659, 0.016841310956602962, 0, -0.016841310956603385}, 
   {-0.0149772435467628, -0.016841310956603427, 0.016841310956603385, 0}}}, 
 {0, 0}, {{-1.5683807620850554, -1.5631924927289909}, 
  {-6.298611120472325, -1.5759365185495433, -1.573369041686619}, 
  {-1.5738918973873783, -1.5687036280313138}, {{2, 0.002975083956420224}, 
   {3, 0.0006525464635417054}, {4, 0.0002805585921097679}}, 
  {{2, 0.0017261906485691923}, {3, 0.0018394463493555506}, 
   {4, 0.001864067409840589}}, {2.281683323693494*^-11, 0.9955727799833939}}}
{5, 20, {{{-0.5246865592341049, 0, -0.00009440149506032708, 
    0.00009440149506006268}, {0, 0.9992607651727211, 0.00004982056625062379, 
    0.00004982056625110481}, {-0.0000944014950602987, 
    0.000049820566251915306, -0.000013679013542001236, 
    0.0010386446498609075}, {0.00009440149506036589, 0.000049820566250818926, 
    0.0010386446498602685, -0.000013679013542096646}}, 
  {{-0.5246865592341046, 0.00009440149506016477, 0, -0.00009440149506006791}, 
   {0.00009440149506037859, -0.000013679013541259208, 0.00004982056625190198, 
    0.0010386446498617638}, {0, 0.00004982056625066963, 0.9992607651727226, 
    0.00004982056625089439}, {-0.00009440149506035556, 0.0010386446498596256, 
    0.00004982056625088574, -0.000013679013542214173}}, 
  {{-0.5246865592341057, -0.00009440149506010845, 0.00009440149506030661, 0}, 
   {-0.00009440149506023942, -0.000013679013541639112, 0.0010386446498608466, 
    0.000049820566250921295}, {0.00009440149506015973, 0.0010386446498615177, 
    -0.000013679013541517682, 0.00004982056625109885}, 
   {0, 0.00004982056625120541, 0.000049820566250963105, 
    0.9992607651727228}}}, 
 {{{0, 0.01497724354676276, 0.014977243546762754, 0.014977243546762685}, 
   {-0.01497724354676276, 0, -0.01684131095660335, 0.01684131095660301}, 
   {-0.014977243546762754, 0.01684131095660335, 0, -0.01684131095660335}, 
   {-0.014977243546762685, -0.01684131095660301, 0.01684131095660335, 0}}, 
  {{0, 0.014977243546762772, 0.01497724354676276, 0.014977243546762756}, 
   {-0.014977243546762772, 0, -0.016841310956603205, 0.01684131095660319}, 
   {-0.01497724354676276, 0.016841310956603205, 0, -0.016841310956603617}, 
   {-0.014977243546762756, -0.01684131095660319, 0.016841310956603617, 0}}}, 
 {0, 0}, {{-1.5683807620850554, -1.5631924927289909}, 
  {-6.2986111204723265, -1.5759365185495433, -1.57336904168662}, 
  {-1.5738918973873783, -1.5687036280313138}, {{2, 0.0029750839564203248}, 
   {3, 0.0006525464635418685}, {4, 0.00028055859211016383}}, 
  {{2, 0.001726190648569151}, {3, 0.0018394463493555265}, 
   {4, 0.0018640674098405398}}, {2.2816833236934715*^-11, 
   0.9955727799833934}}}
{5, 20, {{{-0.5246865592341047, 0, -0.00009440149506037259, 
    0.00009440149506012379}, {0, 0.9992607651727222, 0.00004982056625061856, 
    0.00004982056625106026}, {-0.00009440149506026053, 
    0.00004982056625106006, -0.000013679013542601016, 0.001038644649861}, 
   {0.0000944014950602539, 0.000049820566251047286, 0.0010386446498601035, 
    -0.000013679013541741461}}, 
  {{-0.5246865592341046, 0.00009440149506044651, 0, -0.00009440149506011333}, 
   {0.0000944014950601322, -0.000013679013541724981, 0.00004982056625109006, 
    0.0010386446498608006}, {0, 0.00004982056625061524, 0.9992607651727217, 
    0.000049820566251001614}, {-0.0000944014950602569, 0.001038644649860365, 
    0.00004982056625111945, -0.000013679013542508209}}, 
  {{-0.5246865592341055, -0.00009440149506039183, 0.00009440149506034067, 0}, 
   {-0.00009440149505999759, -0.000013679013541467375, 0.0010386446498613624, 
    0.00004982056625115909}, {0.00009440149506010597, 0.0010386446498605486, 
    -0.000013679013541295637, 0.000049820566251246014}, 
   {0, 0.000049820566251165404, 0.000049820566251043146, 
    0.9992607651727223}}}, 
 {{{0, 0.014977243546762723, 0.014977243546762704, 0.014977243546762749}, 
   {-0.014977243546762723, 0, -0.016841310956602608, 0.016841310956603586}, 
   {-0.014977243546762704, 0.016841310956602608, 0, -0.016841310956603524}, 
   {-0.014977243546762749, -0.016841310956603586, 0.016841310956603524, 0}}, 
  {{0, 0.014977243546762713, 0.014977243546762716, 0.014977243546762775}, 
   {-0.014977243546762713, 0, -0.016841310956602597, 0.016841310956603787}, 
   {-0.014977243546762716, 0.016841310956602597, 0, -0.01684131095660367}, 
   {-0.014977243546762775, -0.016841310956603787, 0.01684131095660367, 0}}}, 
 {0, 0}, {{-1.568380762085055, -1.5631924927289902}, 
  {-6.298611120472324, -1.5759365185495424, -1.5733690416866195}, 
  {-1.573891897387378, -1.5687036280313131}, {{2, 0.002975083956420179}, 
   {3, 0.000652546463541865}, {4, 0.00028055859210937}}, 
  {{2, 0.0017261906485691886}, {3, 0.0018394463493555662}, 
   {4, 0.0018640674098405652}}, {2.281683323693478*^-11, 0.995572779983393}}}
{5, 20, {{{-0.5246865592341047, 0, -0.00009440149506037259, 
    0.00009440149506012379}, {0, 0.9992607651727222, 0.00004982056625061856, 
    0.00004982056625106026}, {-0.00009440149506026053, 
    0.00004982056625106006, -0.000013679013542601016, 0.001038644649861}, 
   {0.0000944014950602539, 0.000049820566251047286, 0.0010386446498601035, 
    -0.000013679013541741461}}, 
  {{-0.5246865592341046, 0.00009440149506044651, 0, -0.00009440149506011333}, 
   {0.0000944014950601322, -0.000013679013541724981, 0.00004982056625109006, 
    0.0010386446498608006}, {0, 0.00004982056625061524, 0.9992607651727217, 
    0.000049820566251001614}, {-0.0000944014950602569, 0.001038644649860365, 
    0.00004982056625111945, -0.000013679013542508209}}, 
  {{-0.5246865592341055, -0.00009440149506039183, 0.00009440149506034067, 0}, 
   {-0.00009440149505999759, -0.000013679013541467375, 0.0010386446498613624, 
    0.00004982056625115909}, {0.00009440149506010597, 0.0010386446498605486, 
    -0.000013679013541295637, 0.000049820566251246014}, 
   {0, 0.000049820566251165404, 0.000049820566251043146, 
    0.9992607651727223}}}, 
 {{{0, 0.014977243546762723, 0.014977243546762704, 0.014977243546762749}, 
   {-0.014977243546762723, 0, -0.016841310956602608, 0.016841310956603586}, 
   {-0.014977243546762704, 0.016841310956602608, 0, -0.016841310956603524}, 
   {-0.014977243546762749, -0.016841310956603586, 0.016841310956603524, 0}}, 
  {{0, 0.014977243546762713, 0.014977243546762716, 0.014977243546762775}, 
   {-0.014977243546762713, 0, -0.016841310956602597, 0.016841310956603787}, 
   {-0.014977243546762716, 0.016841310956602597, 0, -0.01684131095660367}, 
   {-0.014977243546762775, -0.016841310956603787, 0.01684131095660367, 0}}}, 
 {0, 0}, {{-1.568380762085055, -1.5631924927289902}, 
  {-6.298611120472324, -1.5759365185495424, -1.5733690416866195}, 
  {-1.573891897387378, -1.5687036280313131}, {{2, 0.002975083956420179}, 
   {3, 0.000652546463541865}, {4, 0.00028055859210937}}, 
  {{2, 0.0017261906485691886}, {3, 0.0018394463493555662}, 
   {4, 0.0018640674098405652}}, {2.281683323693478*^-11, 0.995572779983393}}}
