{4, 28, {{{-0.5246819173227554, 0, -0.00009526765207044939, 
    0.00009526765207061775}, {0, 0.9992740688171665, 0.00004885966270916722, 
    0.00004885966270924634}, {-0.00009526765207025547, 
    0.00004885966270864087, -0.00001932432560869824, 0.0007580781833414448}, 
   {0.00009526765207037775, 0.00004885966270896369, 0.0007580781833421609, 
    -0.000019324325608907492}}, 
  {{-0.5246819173227555, 0.00009526765207028207, 0, -0.00009526765207060152}, 
   {0.00009526765207042548, -0.000019324325608825093, 0.0000488596627086801, 
    0.0007580781833416476}, {0, 0.00004885966270921313, 0.9992740688171668, 
    0.000048859662709041426}, {-0.00009526765207037807, 
    0.0007580781833421708, 0.00004885966270915548, -0.00001932432560885198}}, 
  {{-0.524681917322757, -0.00009526765207023085, 0.00009526765207038522, 0}, 
   {-0.00009526765207034128, -0.000019324325609334017, 0.0007580781833425616, 
    0.00004885966270902198}, {0.00009526765207015888, 0.0007580781833426302, 
    -0.00001932432560877717, 0.000048859662709239123}, 
   {0, 0.00004885966270935102, 0.000048859662709093956, 
    0.9992740688171664}}}, 
 {{{0, 0.01485608851286087, 0.014856088512860877, 0.014856088512860976}, 
   {-0.01485608851286087, 0, -0.016694499071387953, 0.01669449907138854}, 
   {-0.014856088512860877, 0.016694499071387953, 0, -0.016694499071388313}, 
   {-0.014856088512860976, -0.01669449907138854, 0.016694499071388313, 0}}, 
  {{0, 0.014856088512860872, 0.014856088512860877, 0.014856088512860993}, 
   {-0.014856088512860872, 0, -0.016694499071387973, 0.01669449907138855}, 
   {-0.014856088512860877, 0.016694499071387973, 0, -0.016694499071388612}, 
   {-0.014856088512860993, -0.01669449907138855, 0.016694499071388612, 0}}}, 
 {0, 0}, {{-1.56841891315021, -1.5632726131290084}, 
  {-6.2985617678669295, -1.5758910888748048, -1.57338979505866}, 
  {-1.573883635220667, -1.5687373351994656}, {{2, 0.0029754423720547186}, 
   {3, 0.0006526419412507083}}, {{2, 0.0017251778865140694}, 
   {3, 0.0018384105585274124}}, {2.1649125292890628*^-11, 
   0.9956523098974297}}}
