{20, 20, {{{-0.5244301207941906, 0, -0.0002236144796013151, 
    0.00022361447960220595}, {0, 0.9980997683301412, 0.00011390563822883164, 
    0.0001139056382290741}, {-0.00022361447960155779, 0.00011390563822981497, 
    -0.000039119940586062815, 0.010188648223306326}, 
   {0.0002236144796018504, 0.0001139056382287405, 0.01018864822330768, 
    -0.00003911994058082048}}, {{-0.5244301207941902, 0.00022361447960111137, 
    0, -0.0002236144796022285}, {0.00022361447960168735, 
    -0.00003911994058581822, 0.00011390563822970853, 0.010188648223307539}, 
   {0, 0.0001139056382289828, 0.9980997683301406, 0.00011390563822934213}, 
   {-0.00022361447960178346, 0.010188648223307138, 0.00011390563822849585, 
    -0.00003911994058073201}}, 
  {{-0.5244301207941922, -0.00022361447960144294, 0.0002236144796016063, 0}, 
   {-0.0002236144796011713, -0.00003911994058138253, 0.010188648223305558, 
    0.00011390563822928439}, {0.00022361447960109779, 0.01018864822330744, 
    -0.000039119940581144874, 0.00011390563822933347}, 
   {0, 0.00011390563822884616, 0.00011390563822898147, 0.998099768330144}}}, 
 {{{0, 0.022854004170245284, 0.02285400417024524, 0.022854004170245072}, 
   {-0.022854004170245284, 0, -0.025661426575969384, 0.025661426575970203}, 
   {-0.02285400417024524, 0.025661426575969384, 0, -0.025661426575970123}, 
   {-0.022854004170245072, -0.025661426575970203, 0.025661426575970123, 0}}, 
  {{0, 0.022854004170245194, 0.022854004170245218, 0.022854004170245128}, 
   {-0.022854004170245194, 0, -0.025661426575969395, 0.02566142657597055}, 
   {-0.022854004170245218, 0.025661426575969395, 0, -0.025661426575970328}, 
   {-0.022854004170245128, -0.02566142657597055, 0.025661426575970328, 0}}}, 
 {0, 0}, {{-1.559992373816155, -1.5481170849023795}, 
  {-3.1492737436098155, -3.155346205373818, -1.5716006409229064}, 
  {-1.572597052466685, -1.5607217635529096}, {{2, 0.00447676982112772}, 
   {3, 0.0009957022865766593}, {4, 0.0006427211605888284}, 
   {5, 0.0006232473049975419}, {6, 0.0006035181053959072}, 
   {7, 0.000584991674716197}, {8, 0.0005678988693721505}, 
   {9, 0.000552174899384689}, {10, 0.0005377363073483417}, 
   {11, 0.0005244717574629503}, {12, 0.0005123045576492825}, 
   {13, 0.0005011426667174785}, {14, 0.0004909265801914912}, 
   {15, 0.0004815820785754425}, {16, 0.0004730635258003244}, 
   {17, 0.0004653109975855489}, {18, 0.000458289767730451}, 
   {19, 0.00045195147083130875}}, {{2, 0.002587350135782749}, 
   {3, 0.0027546005999839872}, {4, 0.002791242780137768}, 
   {5, 0.0027997776724804505}, {6, 0.0028008985258962346}, 
   {7, 0.002801731251191812}, {8, 0.0028013858927740795}, 
   {9, 0.00280200003250582}, {10, 0.0028018026653770568}, 
   {11, 0.0028025329358472755}, {12, 0.002802531157301277}, 
   {13, 0.0028033738078265405}, {14, 0.0028035466215848787}, 
   {15, 0.002804487221314378}, {16, 0.0028048158444024434}, 
   {17, 0.002805843827852138}, {18, 0.0028063139683369626}, 
   {19, 0.0028074224057248083}}, {2.8555171750599645*^-10, 
   0.9886526361520811}}}
{20, 20, {{{-0.5244301207941907, 0, -0.0002236144796012706, 
    0.0002236144796017565}, {0, 0.9980997683301418, 0.00011390563822941997, 
    0.00011390563822927461}, {-0.00022361447960166566, 
    0.00011390563822909692, -0.00003911994058523622, 0.010188648223306115}, 
   {0.00022361447960166556, 0.0001139056382285647, 0.010188648223306954, 
    -0.000039119940580769307}}, {{-0.5244301207941906, 0.0002236144796012763, 
    0, -0.00022361447960169838}, {0.00022361447960151683, 
    -0.00003911994058424179, 0.00011390563822920867, 0.010188648223306307}, 
   {0, 0.00011390563822929588, 0.9980997683301414, 0.00011390563822956723}, 
   {-0.00022361447960166672, 0.01018864822330679, 0.00011390563822851426, 
    -0.00003911994058000516}}, 
  {{-0.5244301207941916, -0.00022361447960143858, 0.00022361447960146018, 0}, 
   {-0.0002236144796012505, -0.000039119940582702656, 0.010188648223305929, 
    0.00011390563822945786}, {0.0002236144796012682, 0.010188648223306708, 
    -0.00003911994058247714, 0.00011390563822937858}, 
   {0, 0.00011390563822871714, 0.00011390563822897878, 0.9980997683301435}}}, 
 {{{0, 0.022854004170245204, 0.02285400417024521, 0.0228540041702452}, 
   {-0.022854004170245204, 0, -0.02566142657597016, 0.02566142657597012}, 
   {-0.02285400417024521, 0.02566142657597016, 0, -0.02566142657596992}, 
   {-0.0228540041702452, -0.02566142657597012, 0.02566142657596992, 0}}, 
  {{0, 0.022854004170245135, 0.022854004170245197, 0.022854004170245246}, 
   {-0.022854004170245135, 0, -0.025661426575969884, 0.025661426575970182}, 
   {-0.022854004170245197, 0.025661426575969884, 0, -0.025661426575969898}, 
   {-0.022854004170245246, -0.025661426575970182, 0.025661426575969898, 0}}}, 
 {0, 0}, {{-1.5599923738161556, -1.5481170849023789}, 
  {-6.298547487219634, -3.1694686874967637, -4.713813143471252}, 
  {-1.5725970524666857, -1.560721763552909}, {{2, 0.004476769821128074}, 
   {3, 0.0009957022865763991}, {4, 0.0006427211605881007}, 
   {5, 0.0006232473049968918}, {6, 0.0006035181053956765}, 
   {7, 0.0005849916747164658}, {8, 0.0005678988693725157}, 
   {9, 0.0005521748993857064}, {10, 0.000537736307349497}, 
   {11, 0.0005244717574641117}, {12, 0.0005123045576498073}, 
   {13, 0.000501142666718731}, {14, 0.0004909265801929553}, 
   {15, 0.0004815820785758311}, {16, 0.0004730635258002481}, 
   {17, 0.0004653109975846798}, {18, 0.0004582897677294362}, 
   {19, 0.00045195147083050904}}, {{2, 0.002587350135782768}, 
   {3, 0.0027546005999839977}, {4, 0.002791242780137787}, 
   {5, 0.002799777672480462}, {6, 0.002800898525896242}, 
   {7, 0.002801731251191792}, {8, 0.002801385892774083}, 
   {9, 0.002802000032505791}, {10, 0.002801802665377046}, 
   {11, 0.002802532935847246}, {12, 0.002802531157301313}, 
   {13, 0.0028033738078264885}, {14, 0.0028035466215848882}, 
   {15, 0.0028044872213143675}, {16, 0.002804815844402486}, 
   {17, 0.002805843827852166}, {18, 0.0028063139683370203}, 
   {19, 0.0028074224057248283}}, {2.8555171750599847*^-10, 
   0.9886526361520827}}}
{20, 20, {{{-0.5244301207941907, 0, -0.0002236144796012706, 
    0.0002236144796017565}, {0, 0.9980997683301418, 0.00011390563822941997, 
    0.00011390563822927461}, {-0.00022361447960166566, 
    0.00011390563822909692, -0.00003911994058523622, 0.010188648223306115}, 
   {0.00022361447960166556, 0.0001139056382285647, 0.010188648223306954, 
    -0.000039119940580769307}}, {{-0.5244301207941906, 0.0002236144796012763, 
    0, -0.00022361447960169838}, {0.00022361447960151683, 
    -0.00003911994058424179, 0.00011390563822920867, 0.010188648223306307}, 
   {0, 0.00011390563822929588, 0.9980997683301414, 0.00011390563822956723}, 
   {-0.00022361447960166672, 0.01018864822330679, 0.00011390563822851426, 
    -0.00003911994058000516}}, 
  {{-0.5244301207941916, -0.00022361447960143858, 0.00022361447960146018, 0}, 
   {-0.0002236144796012505, -0.000039119940582702656, 0.010188648223305929, 
    0.00011390563822945786}, {0.0002236144796012682, 0.010188648223306708, 
    -0.00003911994058247714, 0.00011390563822937858}, 
   {0, 0.00011390563822871714, 0.00011390563822897878, 0.9980997683301435}}}, 
 {{{0, 0.022854004170245204, 0.02285400417024521, 0.0228540041702452}, 
   {-0.022854004170245204, 0, -0.02566142657597016, 0.02566142657597012}, 
   {-0.02285400417024521, 0.02566142657597016, 0, -0.02566142657596992}, 
   {-0.0228540041702452, -0.02566142657597012, 0.02566142657596992, 0}}, 
  {{0, 0.022854004170245135, 0.022854004170245197, 0.022854004170245246}, 
   {-0.022854004170245135, 0, -0.025661426575969884, 0.025661426575970182}, 
   {-0.022854004170245197, 0.025661426575969884, 0, -0.025661426575969898}, 
   {-0.022854004170245246, -0.025661426575970182, 0.025661426575969898, 0}}}, 
 {0, 0}, {{-1.5599923738161556, -1.5481170849023789}, 
  {-6.298547487219634, -3.1694686874967637, 0.02019494388694687}, 
  {-1.5725970524666857, -1.560721763552909}, {{2, 0.004476769821128074}, 
   {3, 0.0009957022865763991}, {4, 0.0006427211605881007}, 
   {5, 0.0006232473049968918}, {6, 0.0006035181053956765}, 
   {7, 0.0005849916747164658}, {8, 0.0005678988693725157}, 
   {9, 0.0005521748993857064}, {10, 0.000537736307349497}, 
   {11, 0.0005244717574641117}, {12, 0.0005123045576498073}, 
   {13, 0.000501142666718731}, {14, 0.0004909265801929553}, 
   {15, 0.0004815820785758311}, {16, 0.0004730635258002481}, 
   {17, 0.0004653109975846798}, {18, 0.0004582897677294362}, 
   {19, 0.00045195147083050904}}, {{2, 0.002587350135782768}, 
   {3, 0.0027546005999839977}, {4, 0.002791242780137787}, 
   {5, 0.002799777672480462}, {6, 0.002800898525896242}, 
   {7, 0.002801731251191792}, {8, 0.002801385892774083}, 
   {9, 0.002802000032505791}, {10, 0.002801802665377046}, 
   {11, 0.002802532935847246}, {12, 0.002802531157301313}, 
   {13, 0.0028033738078264885}, {14, 0.0028035466215848882}, 
   {15, 0.0028044872213143675}, {16, 0.002804815844402486}, 
   {17, 0.002805843827852166}, {18, 0.0028063139683370203}, 
   {19, 0.0028074224057248283}}, {2.8555171750599847*^-10, 
   0.9886526361520827}}}
