{3, 40, {{{-0.000026309316322785987, 0, -7.3315017575883876*^-6, 
    7.3315017575878006*^-6}, {0, 0.0000392632197628719, 
    8.545500581053765*^-7, 8.545500581044788*^-7}, 
   {-7.331501757590427*^-6, 8.545500581059013*^-7, -6.476951681019318*^-6, 
    0.000024600216148181915}, {7.331501757589671*^-6, 8.545500581044863*^-7, 
    0.000024600216148182274, -6.47695168101671*^-6}}, 
  {{-0.00002630931632278613, 7.331501757589319*^-6, 0, 
    -7.331501757587737*^-6}, {7.331501757588074*^-6, -6.476951681021988*^-6, 
    8.545500581051826*^-7, 0.00002460021614818176}, 
   {0, 8.545500581040476*^-7, 0.00003926321976287299, 8.545500581076324*^-7}, 
   {-7.3315017575892295*^-6, 0.000024600216148186655, 8.545500581024085*^-7, 
    -6.476951681019362*^-6}}, {{-0.000026309316322793786, 
    -7.331501757588046*^-6, 7.3315017575911455*^-6, 0}, 
   {-7.331501757587058*^-6, -6.4769516810209585*^-6, 0.000024600216148186882, 
    8.545500581043317*^-7}, {7.331501757591747*^-6, 0.000024600216148193285, 
    -6.476951681022325*^-6, 8.545500581018042*^-7}, 
   {0, 8.545500581054206*^-7, 8.545500581023874*^-7, 
    0.00003926321976288247}}}, 
 {{{0., 0.5773502684970806, 0.5773502684970805, 0.5773502684970816}, 
   {-0.5773502684970806, 0., -0.5773502682601281, 0.577350268260127}, 
   {-0.5773502684970805, 0.5773502682601281, 0., -0.577350268260127}, 
   {-0.5773502684970816, -0.577350268260127, 0.577350268260127, 0.}}, 
  {{0., 0.5773502684970802, 0.5773502684970798, 0.5773502684970825}, 
   {-0.5773502684970802, 0., -0.577350268260129, 0.5773502682601266}, 
   {-0.5773502684970798, 0.577350268260129, 0., -0.5773502682601268}, 
   {-0.5773502684970825, -0.5773502682601266, 0.5773502682601268, 0.}}}, 
 {0, 0}, {{-0.1800000016835282, 0.6399999973328628}, 
  {-5.640000000455968, -1.0000000006999197, -1.8199999995280645}, 
  {-1.0000000005316498, -0.18000000151525886}, {{2, 7.0887279663212334*^-6}}, 
  {{2, 2.0520768134844906*^-10}}, {0.03703703667927296, 
   3.663662549557219*^-27}}}
