{15, 35, {{{-0.5235700322788912, 0, -0.0007639678895799876, 
    0.0007639678895799832}, {0, 0.9946322033207085, 0.00007640897099528508, 
    0.0000764089709952313}, {-0.0007639678895799975, 0.0000764089709956034, 
    -0.00509014869441527, -0.02274667684340523}, 
   {0.0007639678895799472, 0.0000764089709953176, -0.022746676843405304, 
    -0.005090148694415431}}, {{-0.5235700322788912, 0.0007639678895799974, 0, 
    -0.0007639678895799884}, {0.0007639678895799952, -0.005090148694415377, 
    0.00007640897099557347, -0.022746676843405367}, 
   {0, 0.0000764089709952378, 0.9946322033207087, 0.00007640897099530744}, 
   {-0.0007639678895799533, -0.02274667684340536, 0.00007640897099541575, 
    -0.005090148694415514}}, {{-0.5235700322788912, -0.0007639678895800221, 
    0.0007639678895800103, 0}, {-0.0007639678895800297, 
    -0.005090148694415798, -0.022746676843404628, 0.0000764089709954425}, 
   {0.000763967889580045, -0.022746676843404662, -0.005090148694415597, 
    0.00007640897099554751}, {0, 0.00007640897099538309, 
    0.00007640897099544066, 0.9946322033207085}}}, 
 {{{0., 0.037830778788710835, 0.03783077878871085, 0.037830778788710856}, 
   {-0.037830778788710835, 0., -0.03929029011910423, 0.03929029011910451}, 
   {-0.03783077878871085, 0.03929029011910423, 0., -0.039290290119104336}, 
   {-0.037830778788710856, -0.03929029011910451, 0.039290290119104336, 0.}}, 
  {{0., 0.03783077878871085, 0.03783077878871083, 0.03783077878871087}, 
   {-0.03783077878871085, 0., -0.039290290119104135, 0.03929029011910435}, 
   {-0.03783077878871083, 0.039290290119104135, 0., -0.03929029011910422}, 
   {-0.03783077878871087, -0.03929029011910435, 0.03929029011910422, 0.}}}, 
 {0, 0}, {{-1.5608573650423057, -0.777062145251896, -0.003366537269256842, 
   -1.5574908277730488, -0.7905282943289097}, {-1.5028492742320763, 
   0.03817005008132671}, {{2, 0.009240239513891836}, 
   {3, 0.003362487622455876}, {4, 0.0012387504891103532}, 
   {5, 0.00045831423455048453}, {6, 0.00016985165326060397}, 
   {7, 0.00006298695137794269}, {8, 0.000023363280914193152}, 
   {9, 8.666727888018144*^-6}, {10, 3.2150714807457903*^-6}, 
   {11, 1.1927003679620962*^-6}, {12, 4.4246000487080384*^-7}, 
   {13, 1.6414112629509203*^-7}, {14, 6.089211621040924*^-8}}, 
  {{2, 0.019483959055299614}, {3, 0.019376899739604853}, 
   {4, 0.019324253426630564}, {5, 0.01930297833446861}, 
   {6, 0.019294850088090083}, {7, 0.019291802491841127}, 
   {8, 0.019290667488110952}, {9, 0.019290245822651476}, 
   {10, 0.019290089311925628}, {11, 0.019290031238954973}, 
   {12, 0.019290009693791937}, {13, 0.019290001700872125}, 
   {14, 0.019289998735674774}}, {3.678844353838015*^-9, 0.9682223376960254}}}
