{3, 28, {{{-0.5140305518937711, 0, -0.005883414469866616, 
    0.005883414469866615}, {0, 0.9744177476653475, -0.0010539013599763195, 
    -0.001053901359976355}, {-0.005883414469866572, -0.0010539013599764036, 
    0.0022000161420243124, 0.01382980273915202}, 
   {0.005883414469866583, -0.0010539013599764205, 0.01382980273915196, 
    0.0022000161420242534}}, {{-0.5140305518937711, 0.005883414469866623, 0, 
    -0.005883414469866615}, {0.005883414469866588, 0.0022000161420243055, 
    -0.001053901359976394, 0.013829802739152013}, 
   {0, -0.001053901359976329, 0.9744177476653473, -0.0010539013599763485}, 
   {-0.005883414469866584, 0.01382980273915196, -0.00105390135997639, 
    0.0022000161420242803}}, {{-0.5140305518937709, -0.00588341446986658, 
    0.005883414469866573, 0}, {-0.005883414469866571, 0.0022000161420242343, 
    0.013829802739151995, -0.0010539013599763503}, 
   {0.005883414469866561, 0.013829802739152032, 0.0022000161420242803, 
    -0.0010539013599763472}, {0, -0.0010539013599764144, 
    -0.0010539013599764183, 0.9744177476653471}}}, 
 {{{0., 0.05576249588793949, 0.055762495887939495, 0.05576249588793952}, 
   {-0.05576249588793949, 0., -0.044956285557560094, 0.0449562855575598}, 
   {-0.055762495887939495, 0.044956285557560094, 0., -0.04495628555755979}, 
   {-0.05576249588793952, -0.0449562855575598, 0.04495628555755979, 0.}}, 
  {{0., 0.055762495887939474, 0.05576249588793945, 0.055762495887939606}, 
   {-0.055762495887939474, 0., -0.04495628555755994, 0.04495628555756008}, 
   {-0.05576249588793945, 0.04495628555755994, 0., -0.04495628555756008}, 
   {-0.055762495887939606, -0.04495628555756008, 0.04495628555756008, 0.}}}, 
 {0, 0}, {{-1.4540197600446103, -1.3960696744237548}, 
  {-6.2936346278814925, -1.5119698456654689, -1.6348474682752774}, 
  {-1.5063547740666194, -1.448404688445764}, {{2, 0.0003064074706331382}}, 
  {{2, 0.09689496639547608}}, {8.2554837497654*^-9, 0.8559947727147894}}}
