{3, 28, {{{-0.5237476733411104, 0, -0.00054122120955509, 
    0.0005412212095551061}, {0, 0.9973708835460804, -0.00011385896252638468, 
    -0.00011385896252664757}, {-0.0005412212095550722, 
    -0.00011385896252655747, 0.00021668466025399208, 0.0013998688319553055}, 
   {0.000541221209555102, -0.00011385896252658951, 0.001399868831955395, 
    0.0002166846602543451}}, {{-0.5237476733411105, 0.0005412212095550859, 0, 
    -0.000541221209555109}, {0.0005412212095550757, 0.0002166846602540337, 
    -0.00011385896252655647, 0.0013998688319553265}, 
   {0, -0.00011385896252637308, 0.9973708835460806, -0.00011385896252666757}, 
   {-0.0005412212095551086, 0.0013998688319553977, -0.00011385896252656393, 
    0.00021668466025423494}}, {{-0.5237476733411109, -0.0005412212095550561, 
    0.0005412212095550677, 0}, {-0.0005412212095550324, 
    0.00021668466025394437, 0.0013998688319554055, -0.00011385896252660079}, 
   {0.0005412212095550332, 0.0013998688319554749, 0.0002166846602540129, 
    -0.00011385896252656786}, {0, -0.00011385896252664903, 
    -0.00011385896252666226, 0.9973708835460813}}}, 
 {{{0., 0.017927711816641635, 0.017927711816641625, 0.017927711816641656}, 
   {-0.017927711816641635, 0., -0.014365534952424455, 0.014365534952424444}, 
   {-0.017927711816641625, 0.014365534952424455, 0., -0.014365534952424453}, 
   {-0.017927711816641656, -0.014365534952424444, 0.014365534952424453, 0.}}, 
  {{0., 0.017927711816641635, 0.017927711816641635, 0.01792771181664168}, 
   {-0.017927711816641635, 0., -0.014365534952424375, 0.014365534952424538}, 
   {-0.017927711816641635, 0.014365534952424375, 0., -0.014365534952424514}, 
   {-0.01792771181664168, -0.014365534952424538, 0.014365534952424514, 0.}}}, 
 {0, 0}, {{-1.5618659061532498, -1.5556555646072747}, 
  {-6.298436537650582, -1.5680762476992245, -1.5811420211260667}, 
  {-1.567459260567788, -1.5612489190218128}, {{2, 0.00010418113902504328}}, 
  {{2, 0.09934834129000616}}, {8.788825037422848*^-12, 0.9843286223299648}}}
