{10, 32, {{{-0.5244302670454272, 0, -0.00025228622328873164, 
    0.0002522862232886942}, {0, 0.9986808035902683, 0.000028803858382530354, 
    0.000028803858382559953}, {-0.00025228622328869407, 
    0.000028803858382547783, 0.00001109260218481534, 0.0006194596996307596}, 
   {0.00025228622328870556, 0.000028803858382593102, 0.0006194596996306044, 
    0.000011092602184748987}}, {{-0.5244302670454273, 0.00025228622328873505, 
    0, -0.00025228622328869786}, {0.0002522862232887076, 
    0.000011092602184813605, 0.000028803858382553624, 0.0006194596996306919}, 
   {0, 0.000028803858382529758, 0.9986808035902681, 0.000028803858382608034}, 
   {-0.0002522862232887109, 0.0006194596996306354, 0.00002880385838254681, 
    0.00001109260218482011}}, {{-0.5244302670454277, -0.0002522862232886881, 
    0.0002522862232886901, 0}, {-0.000252286223288644, 
    0.000011092602184600668, 0.000619459699630925, 0.0000288038583825892}, 
   {0.0002522862232886294, 0.0006194596996306516, 0.0000110926021845148, 
    0.000028803858382545807}, {0, 0.000028803858382540017, 
    0.000028803858382584574, 0.9986808035902687}}}, 
 {{{0., 0.02240176580166669, 0.022401765801666713, 0.02240176580166679}, 
   {-0.02240176580166669, 0., -0.021649327178055074, 0.02164932717805465}, 
   {-0.022401765801666713, 0.021649327178055074, 0., -0.021649327178054657}, 
   {-0.02240176580166679, -0.02164932717805465, 0.021649327178054657, 0.}}, 
  {{0., 0.022401765801666702, 0.022401765801666695, 0.022401765801666827}, 
   {-0.022401765801666702, 0., -0.021649327178054942, 0.021649327178054747}, 
   {-0.022401765801666695, 0.021649327178054942, 0., -0.02164932717805481}, 
   {-0.022401765801666827, -0.021649327178054747, 0.02164932717805481, 0.}}}, 
 {0, 0}, {{-1.5688407392382842, -1.5649606395835076}, 
  {-6.298438734625889, -1.5727208388930576, -1.576498528419887}, 
  {-1.5726556757967751, -1.5687755761419986}, {{2, 0.000049753413919606526}, 
   {3, 0.00003901888004822704}, {4, 0.00003060044564942577}, 
   {5, 0.000023998358670469094}, {6, 0.000018820709250345208}, 
   {7, 0.000014760155996711155}, {8, 0.000011575674720709639}, 
   {9, 9.078247098649739*^-6}}, {{2, 0.013595681260028776}, 
   {3, 0.014443908517708565}, {4, 0.015107049168547743}, 
   {5, 0.01562584297557986}, {6, 0.016031926334232144}, 
   {7, 0.016349918649904767}, {8, 0.01659901066622569}, 
   {9, 0.016794181098793996}}, {1.0295949953168047*^-10, 0.9921108798591259}}}
