{16, 32, {{{-0.5156462597610956, 0, -0.0017119217870011924, 
    0.001711921787001205}, {0, 0.9902298956148986, -0.003939126660623802, 
    -0.0039391266606236975}, {-0.001711921787001184, -0.003939126660623871, 
    0.004758467697978868, 0.008422760484976697}, 
   {0.0017119217870011838, -0.003939126660623849, 0.008422760484976824, 
    0.004758467697978636}}, {{-0.5156462597610955, 0.0017119217870012022, 0, 
    -0.0017119217870012046}, {0.0017119217870011742, 0.004758467697978729, 
    -0.00393912666062389, 0.0084227604849768}, {0, -0.003939126660623801, 
    0.9902298956148986, -0.00393912666062378}, {-0.0017119217870011727, 
    0.008422760484976737, -0.00393912666062371, 0.004758467697978774}}, 
  {{-0.5156462597610952, -0.0017119217870011768, 0.0017119217870011725, 0}, 
   {-0.0017119217870011673, 0.004758467697978757, 0.008422760484976564, 
    -0.003939126660623831}, {0.0017119217870011708, 0.008422760484976694, 
    0.0047584676979786356, -0.0039391266606236845}, 
   {0, -0.003939126660623738, -0.003939126660623854, 0.9902298956148983}}}, 
 {{{0., 0.10259897995989947, 0.10259897995989944, 0.10259897995989989}, 
   {-0.10259897995989947, 0., -0.02850757386700726, 0.028507573867007124}, 
   {-0.10259897995989944, 0.02850757386700726, 0., -0.028507573867007235}, 
   {-0.10259897995989989, -0.028507573867007124, 0.028507573867007235, 0.}}, 
  {{0., 0.10259897995989944, 0.10259897995989944, 0.10259897995990006}, 
   {-0.10259897995989944, 0., -0.02850757386700726, 0.02850757386700731}, 
   {-0.10259897995989944, 0.02850757386700726, 0., -0.02850757386700741}, 
   {-0.10259897995990006, -0.02850757386700731, 0.02850757386700741, 0.}}}, 
 {0, 0}, {{-1.5278633487797055, -1.492322019560648}, 
  {-6.299038515368432, -1.5634046779987625, -1.5861145796854534}, 
  {-1.5505716700230523, -1.5150303408039947}, {{2, 0.017733513903734482}, 
   {3, 0.01389476401721821}, {4, 0.010898965892464016}, 
   {5, 0.00856042327609391}, {6, 0.006732517640025137}, 
   {7, 0.005301295005448001}, {8, 0.004178700404800631}, 
   {9, 0.003296746077335877}, {10, 0.002602853464533511}, 
   {11, 0.0020562528442017863}, {12, 0.0016252377192998296}, 
   {13, 0.0012850791680911328}, {14, 0.001016439932290475}, 
   {15, 0.0008041643948829558}}, {{2, 0.15790051468533575}, 
   {3, 0.24451432056131042}, {4, 0.2863276811383082}, 
   {5, 0.31034688560307244}, {6, 0.32555694409422653}, 
   {7, 0.33579944705977083}, {8, 0.3429895617161951}, 
   {9, 0.3481874704429445}, {10, 0.35202649108400585}, 
   {11, 0.3549074180698606}, {12, 0.35709554603085875}, 
   {13, 0.3587728362367682}, {14, 0.3600676926418614}, 
   {15, 0.36107282022614}}, {5.367370190785942*^-10, 0.9427926818317517}}}
