{10, 32, {{{-0.5245512040429563, 0, -0.00019285874028283537, 
    0.0001928587402828221}, {0, 0.9989648307638666, 0.00004047805809835726, 
    0.00004047805809828168}, {-0.0001928587402827907, 0.00004047805809829782, 
    -0.000011596256917078326, 0.00046878450320897804}, 
   {0.00019285874028284145, 0.00004047805809829962, 0.00046878450320906315, 
    -0.00001159625691715422}}, {{-0.5245512040429563, 0.00019285874028283586, 
    0, -0.00019285874028282478}, {0.00019285874028280366, 
    -0.000011596256917064014, 0.00004047805809829149, 
    0.00046878450320899344}, {0, 0.000040478058098358306, 0.9989648307638663, 
    0.00004047805809824141}, {-0.00019285874028283936, 
    0.00046878450320899246, 0.00004047805809834024, 
    -0.00001159625691710131}}, 
  {{-0.5245512040429567, -0.00019285874028280708, 0.00019285874028279352, 0}, 
   {-0.00019285874028275937, -0.000011596256917332896, 0.0004687845032090096, 
    0.00004047805809830053}, {0.0001928587402827373, 0.00046878450320918334, 
    -0.000011596256917406622, 0.00004047805809834329}, 
   {0, 0.000040478058098283225, 0.000040478058098240765, 
    0.998964830763867}}}, 
 {{{0., 0.00953904929558323, 0.009539049295583232, 0.00953904929558325}, 
   {-0.00953904929558323, 0., -0.009735490316667799, 0.009735490316667835}, 
   {-0.009539049295583232, 0.009735490316667799, 0., -0.009735490316667848}, 
   {-0.00953904929558325, -0.009735490316667835, 0.009735490316667848, 0.}}, 
  {{0., 0.009539049295583225, 0.009539049295583243, 0.009539049295583258}, 
   {-0.009539049295583225, 0., -0.00973549031666777, 0.009735490316667915}, 
   {-0.009539049295583243, 0.00973549031666777, 0., -0.009735490316667896}, 
   {-0.009539049295583258, -0.009735490316667915, 0.009735490316667896, 
    0.}}}, {0, 0}, {{-1.5702818963052803, -1.5682661979049062}, 
  {-6.298441326425332, -1.5722975947056543, -1.5769230685070115}, 
  {-1.5723183497012363, -1.5703026513008622}, {{2, 0.004549946695051852}, 
   {3, 0.001784076310723276}, {4, 0.0006998196603362102}, 
   {5, 0.0002745558706045738}, {6, 0.00010772204751667916}, 
   {7, 0.00004226589926402055}, {8, 0.000016583653820477495}, 
   {9, 6.506870152939159*^-6}}, {{2, 0.10261679965742121}, 
   {3, 0.04282313571038693}, {4, 0.022506927863934423}, 
   {5, 0.014948919203296912}, {6, 0.012043419063192418}, 
   {7, 0.010912428645007563}, {8, 0.010470043271618771}, 
   {9, 0.010296677110975823}}, {8.514261308998926*^-13, 0.9938050360453917}}}
