{5, 20, {{{-0.5247852502644366, 0, 0.000029173593044351833, 
    -0.000029173593044206814}, {0, 0.998901663677809, 0.00020707404771714137, 
    0.0002070740477170941}, {0.000029173593044258514, 0.00020707404771712627, 
    -0.000054465775375187736, 0.0011322230257669681}, 
   {-0.000029173593044291264, 0.00020707404771658512, 0.0011322230257675067, 
    -0.000054465775375294855}}, 
  {{-0.5247852502644365, -0.000029173593044271592, 0, 
    0.000029173593044237748}, {-0.000029173593044321774, 
    -0.00005446577537510664, 0.00020707404771711944, 0.0011322230257670605}, 
   {0, 0.00020707404771715056, 0.9989016636778081, 0.000207074047716819}, 
   {0.000029173593044283013, 0.0011322230257673237, 0.00020707404771695464, 
    -0.0000544657753752246}}, {{-0.5247852502644367, 0.000029173593044300578, 
    -0.0000291735930444293, 0}, {0.000029173593044528453, 
    -0.000054465775375470496, 0.0011322230257674905, 0.00020707404771690634}, 
   {-0.000029173593044438014, 0.0011322230257679367, 
    -0.000054465775375378556, 0.00020707404771720854}, 
   {0, 0.00020707404771723247, 0.00020707404771688032, 0.9989016636778092}}}, 
 {{{0, 0.010574277875385656, 0.01057427787538565, 0.01057427787538563}, 
   {-0.010574277875385656, 0, -0.022493315149474655, 0.022493315149474818}, 
   {-0.01057427787538565, 0.022493315149474655, 0, -0.022493315149475057}, 
   {-0.01057427787538563, -0.022493315149474818, 0.022493315149475057, 0}}, 
  {{0, 0.010574277875385599, 0.010574277875385632, 0.010574277875385629}, 
   {-0.010574277875385599, 0, -0.022493315149474117, 0.022493315149475182}, 
   {-0.010574277875385632, 0.022493315149474117, 0, -0.022493315149475036}, 
   {-0.010574277875385629, -0.022493315149475182, 0.022493315149475036, 0}}}, 
 {0, 0}, {{-1.5692989874392163, -1.5656359501325126}, 
  {-6.298612784975464, -1.5759108851940422, -1.5733955072936896}, 
  {-1.5750264625595232, -1.5713634252528195}, {{2, 0.003087771501792007}, 
   {3, 0.0006844598116410548}, {4, 0.0003047269261704904}}, 
  {{2, 0.011762869719313472}, {3, 0.011891638454764469}, 
   {4, 0.011919037274089179}}, {1.2951522031530004*^-10, 0.993428050729422}}}
{5, 20, {{{-0.5247852502644367, 0, 0.000029173593044198822, 
    -0.000029173593044391376}, {0, 0.9989016636778082, 
    0.00020707404771654118, 0.00020707404771684061}, 
   {0.00002917359304437146, 0.00020707404771736583, -0.00005446577537564527, 
    0.0011322230257671906}, {-0.000029173593044260913, 0.0002070740477169501, 
    0.001132223025767425, -0.000054465775375168654}}, 
  {{-0.5247852502644365, -0.000029173593044317867, 0, 
    0.00002917359304440573}, {-0.000029173593044249854, 
    -0.000054465775375383326, 0.00020707404771738437, 0.00113222302576715}, 
   {0, 0.00020707404771653267, 0.9989016636778082, 0.00020707404771685837}, 
   {0.0000291735930442421, 0.0011322230257672591, 0.00020707404771691044, 
    -0.000054465775375888564}}, 
  {{-0.5247852502644369, 0.000029173593044346412, -0.000029173593044204477, 
    0}, {0.000029173593044493457, -0.000054465775375473965, 
    0.0011322230257679938, 0.0002070740477173552}, 
   {-0.00002917359304454684, 0.001132223025767052, -0.00005446577537449038, 
    0.0002070740477173288}, {0, 0.0002070740477170365, 
    0.00020707404771703908, 0.9989016636778091}}}, 
 {{{0, 0.0105742778753856, 0.0105742778753856, 0.010574277875385663}, 
   {-0.0105742778753856, 0, -0.022493315149474814, 0.02249331514947473}, 
   {-0.0105742778753856, 0.022493315149474814, 0, -0.0224933151494746}, 
   {-0.010574277875385663, -0.02249331514947473, 0.0224933151494746, 0}}, 
  {{0, 0.010574277875385583, 0.010574277875385632, 0.010574277875385677}, 
   {-0.010574277875385583, 0, -0.02249331514947492, 0.022493315149474842}, 
   {-0.010574277875385632, 0.02249331514947492, 0, -0.022493315149474946}, 
   {-0.010574277875385677, -0.022493315149474842, 0.022493315149474946, 0}}}, 
 {0, 0}, {{-1.569298987439217, -1.5656359501325126}, 
  {-6.298612784975462, -1.575910885194042, -1.573395507293689}, 
  {-1.5750264625595238, -1.5713634252528195}, {{2, 0.0030877715017915627}, 
   {3, 0.0006844598116411832}, {4, 0.00030472692617041256}}, 
  {{2, 0.011762869719313465}, {3, 0.011891638454764479}, 
   {4, 0.011919037274089184}}, {1.2951522031529996*^-10, 0.9934280507294204}}}
{5, 20, {{{-0.5247852502644363, 0, 0.000029173593044205578, 
    -0.000029173593044220834}, {0, 0.9989016636778086, 
    0.00020707404771697226, 0.0002070740477169616}, 
   {0.00002917359304437339, 0.00020707404771684826, -0.000054465775375456184, 
    0.0011322230257665758}, {-0.0000291735930444782, 0.00020707404771675266, 
    0.0011322230257677915, -0.00005446577537554856}}, 
  {{-0.5247852502644365, -0.000029173593044307845, 0, 
    0.00002917359304425426}, {-0.00002917359304423458, 
    -0.00005446577537503161, 0.00020707404771684224, 0.0011322230257670872}, 
   {0, 0.00020707404771699067, 0.9989016636778087, 0.0002070740477170151}, 
   {0.000029173593044460955, 0.0011322230257674068, 0.0002070740477167121, 
    -0.00005446577537556374}}, 
  {{-0.5247852502644368, 0.000029173593044270098, -0.00002917359304424745, 
    0}, {0.00002917359304446411, -0.00005446577537561621, 
    0.0011322230257674992, 0.00020707404771716433}, 
   {-0.00002917359304455432, 0.001132223025768524, -0.00005446577537521202, 
    0.00020707404771711733}, {0, 0.0002070740477171158, 
    0.0002070740477170906, 0.9989016636778086}}}, 
 {{{0, 0.010574277875385635, 0.010574277875385634, 0.010574277875385635}, 
   {-0.010574277875385635, 0, -0.022493315149474818, 0.022493315149474565}, 
   {-0.010574277875385634, 0.022493315149474818, 0, -0.022493315149474863}, 
   {-0.010574277875385635, -0.022493315149474565, 0.022493315149474863, 0}}, 
  {{0, 0.010574277875385578, 0.010574277875385618, 0.010574277875385653}, 
   {-0.010574277875385578, 0, -0.02249331514947489, 0.022493315149474828}, 
   {-0.010574277875385618, 0.02249331514947489, 0, -0.02249331514947493}, 
   {-0.010574277875385653, -0.022493315149474828, 0.02249331514947493, 0}}}, 
 {0, 0}, {{-1.569298987439216, -1.5656359501325126}, 
  {-6.298612784975464, -1.5759108851940422, -1.5733955072936896}, 
  {-1.575026462559523, -1.5713634252528195}, {{2, 0.0030877715017918403}, 
   {3, 0.0006844598116408085}, {4, 0.00030472692617137935}}, 
  {{2, 0.011762869719313486}, {3, 0.011891638454764469}, 
   {4, 0.01191903727408919}}, {1.2951522031530025*^-10, 0.9934280507294215}}}
