{46, 40, {{{-0.509535274551046, 0, -0.009862550302561307, 
    0.009862550302561265}, {0, 0.9564461486288212, 0.0004000692297940183, 
    0.0004000692297940209}, {-0.009862550302561262, 0.00040006922979392377, 
    0.001487970611440053, 0.021964229111625103}, 
   {0.009862550302561248, 0.00040006922979395933, 0.021964229111625044, 
    0.0014879706114401046}}, {{-0.509535274551046, 0.009862550302561302, 0, 
    -0.009862550302561258}, {0.00986255030256126, 0.0014879706114400643, 
    0.00040006922979391943, 0.02196422911162507}, 
   {0, 0.0004000692297940244, 0.956446148628821, 0.0004000692297940522}, 
   {-0.009862550302561248, 0.0219642291116251, 0.0004000692297939285, 
    0.0014879706114400981}}, {{-0.509535274551046, -0.00986255030256121, 
    0.009862550302561212, 0}, {-0.009862550302561201, 0.0014879706114400105, 
    0.021964229111625107, 0.0004000692297940339}, 
   {0.009862550302561203, 0.021964229111625072, 0.0014879706114400426, 
    0.0004000692297939998}, {0, 0.0004000692297938956, 0.0004000692297939289, 
    0.9564461486288209}}}, 
 {{{0., 0.13299834773643263, 0.13299834773643265, 0.13299834773643315}, 
   {-0.13299834773643263, 0., -0.12331860219890653, 0.12331860219890595}, 
   {-0.13299834773643265, 0.12331860219890653, 0., -0.12331860219890595}, 
   {-0.13299834773643315, -0.12331860219890595, 0.12331860219890595, 0.}}, 
  {{0., 0.1329983477364326, 0.1329983477364326, 0.13299834773643326}, 
   {-0.1329983477364326, 0., -0.12331860219890606, 0.12331860219890659}, 
   {-0.1329983477364326, 0.12331860219890606, 0., -0.12331860219890661}, 
   {-0.13299834773643326, -0.12331860219890659, 0.12331860219890661, 0.}}}, 
 {0, 0}, {{-1.3953076885933429, -1.2755205428801901}, 
  {-6.285926778355425, -1.5150948343064938, -1.6278685548712188}, 
  {-1.5107357234269077, -1.390948577713755}, {{2, 0.019398373778847067}, 
   {3, 0.01576605495510327}, {4, 0.012856534578993654}, 
   {5, 0.010522208011595063}, {6, 0.008642266526639172}, 
   {7, 0.007121269171664293}, {8, 0.005884869967906145}, 
   {9, 0.004875329026978625}, {10, 0.004047683266161728}, 
   {11, 0.003366727194434843}, {12, 0.0028047111223369614}, 
   {13, 0.0023396091745663677}, {14, 0.001953819503156873}, 
   {15, 0.0016331859646159796}, {16, 0.0013662573342661244}, 
   {17, 0.0011437221216803461}, {18, 0.0009579737717305137}, 
   {19, 0.000802773323282685}, {20, 0.0006729854909736654}, 
   {21, 0.000564370537285086}, {22, 0.00047341891045166173}, 
   {23, 0.0003972189519322322}, {24, 0.00033335039364632}, 
   {25, 0.0002797981313457931}, {26, 0.00023488206108901455}, 
   {27, 0.00019719973129639357}, {28, 0.00016557928572308311}, 
   {29, 0.00013904071856601918}, {30, 0.00011676387877418426}, 
   {31, 0.00009806198017117684}, {32, 0.00008235962163016808}, 
   {33, 0.00006917451500645933}, {34, 0.000058102270870968864}, 
   {35, 0.000048803712916656306}, {36, 0.000040994288402956824}, 
   {37, 0.00003443521954515916}, {38, 0.00002892610341995172}, 
   {39, 0.000024298718866805347}, {40, 0.00002041184040163513}, 
   {41, 0.00001714689319698426}, {42, 0.000014404311168808581}, 
   {43, 0.00001210048329042257}, {44, 0.000010165192347894036}, 
   {45, 8.53946617418444*^-6}}, {{2, 0.8608126837625331}, 
   {3, 0.49906405199688875}, {4, 0.32367908751703756}, 
   {5, 0.22191485188836216}, {6, 0.15652996778975956}, 
   {7, 0.11167624199614401}, {8, 0.0794814296483718}, 
   {9, 0.05560052372654457}, {10, 0.03744375423828623}, 
   {11, 0.023374216766155392}, {12, 0.012308207925515452}, 
   {13, 0.0035008622559186244}, {14, 0.0035758438205764458}, 
   {15, 0.009305984779010908}, {16, 0.013975054167857694}, 
   {17, 0.017799202385256903}, {18, 0.020944656157355586}, 
   {19, 0.023540962585413917}, {20, 0.025690235846670767}, 
   {21, 0.027473749704121076}, {22, 0.028956727003145527}, 
   {23, 0.03019187882896679}, {24, 0.03122206011357866}, 
   {25, 0.032082290001496844}, {26, 0.03280130816706188}, 
   {27, 0.033402787115968766}, {28, 0.033906285965406374}, 
   {29, 0.034328007500520535}, {30, 0.03468140379970884}, 
   {31, 0.03497766406075834}, {32, 0.03522610991040974}, 
   {33, 0.03543451742414769}, {34, 0.03560938063648917}, 
   {35, 0.03575612801844325}, {36, 0.03587930091650453}, 
   {37, 0.035982701062147626}, {38, 0.03606951281405062}, 
   {39, 0.0361424046743663}, {40, 0.03620361374401687}, 
   {41, 0.03625501609110443}, {42, 0.036298185457625656}, 
   {43, 0.03633444229052443}, {44, 0.03636489472952367}, 
   {45, 0.03639047289786338}}, {3.5169934577365437*^-6, 0.765531624316986}}}
