{40, 40, {{{-0.5152997903551805, 0, -0.006169392859963422, 
    0.006169392859963409}, {0, 0.9712364204471722, 0.0006614045629173902, 
    0.0006614045629173594}, {-0.006169392859963391, 0.0006614045629172792, 
    0.00043298050389862803, 0.01399354256106606}, 
   {0.006169392859963395, 0.0006614045629173252, 0.013993542561066042, 
    0.00043298050389860244}}, {{-0.5152997903551808, 0.006169392859963438, 0, 
    -0.006169392859963412}, {0.006169392859963396, 0.00043298050389860374, 
    0.0006614045629172844, 0.013993542561066063}, 
   {0, 0.0006614045629173885, 0.9712364204471722, 0.0006614045629173752}, 
   {-0.006169392859963393, 0.013993542561066044, 0.0006614045629173171, 
    0.000432980503898589}}, {{-0.5152997903551807, -0.006169392859963368, 
    0.006169392859963367, 0}, {-0.006169392859963329, 0.0004329805038985751, 
    0.013993542561066058, 0.0006614045629173529}, 
   {0.006169392859963331, 0.013993542561066002, 0.00043298050389867226, 
    0.0006614045629173564}, {0, 0.0006614045629173377, 0.0006614045629173266, 
    0.9712364204471722}}}, 
 {{{0., 0.10484299233880831, 0.10484299233880834, 0.10484299233880867}, 
   {-0.10484299233880831, 0., -0.10134712456216592, 0.10134712456216538}, 
   {-0.10484299233880834, 0.10134712456216592, 0., -0.10134712456216538}, 
   {-0.10484299233880867, -0.10134712456216538, 0.10134712456216538, 0.}}, 
  {{0., 0.10484299233880826, 0.10484299233880831, 0.10484299233880884}, 
   {-0.10484299233880826, 0., -0.1013471245621656, 0.10134712456216595}, 
   {-0.10484299233880831, 0.1013471245621656, 0., -0.10134712456216595}, 
   {-0.10484299233880884, -0.10134712456216595, 0.10134712456216595, 0.}}}, 
 {0, 0}, {{-1.4545088392516161, -1.3746077478503336}, 
  {-6.293166296382749, -1.5344099306528982, -1.6121732175384762}, 
  {-1.533077826119648, -1.4531767347183655}, {{2, 0.016221898659463108}, 
   {3, 0.01303366717580795}, {4, 0.010492751699798825}, 
   {5, 0.008465810804097314}, {6, 0.006845159080347246}, 
   {7, 0.005545707031753416}, {8, 0.004500795005063757}, 
   {9, 0.003658284228510389}, {10, 0.0029773106317015074}, 
   {11, 0.0024257252832791953}, {12, 0.0019781220842320923}, 
   {13, 0.0016143312744310995}, {14, 0.001318270123275539}, 
   {15, 0.0010770635361671}, {16, 0.0008803677225231732}, 
   {17, 0.0007198468183942514}, {18, 0.0005887652376267705}, 
   {19, 0.00048166813450897794}, {20, 0.0003941294291822939}, 
   {21, 0.0003225520212157412}, {22, 0.0002640086065252567}, 
   {23, 0.00021611429988022124}, {24, 0.00017692432768726118}, 
   {25, 0.00014485159356709965}, {26, 0.0001186000754749561}, 
   {27, 0.00009711088996733341}, {28, 0.00007951852991854025}, 
   {29, 0.00006511529926417348}, {30, 0.00005332237040783783}, 
   {31, 0.00004366620467621818}, {32, 0.000035759324213957555}, 
   {33, 0.00002928462025002243}, {34, 0.000023982539222089372}, 
   {35, 0.00001964061349345181}, {36, 0.000016084903987162447}, 
   {37, 0.000013173003104979819}, {38, 0.0000107883117771157}, 
   {39, 8.835357513059527*^-6}}, {{2, 0.8555359439912771}, 
   {3, 0.49931373899003095}, {4, 0.32657612455806684}, 
   {5, 0.22653469086006434}, {6, 0.16249176670757368}, 
   {7, 0.1187945535303724}, {8, 0.08765028182243335}, 
   {9, 0.0647478328214173}, {10, 0.047511638632716235}, 
   {11, 0.03431016297694873}, {12, 0.024061193038116165}, 
   {13, 0.016019862676642908}, {14, 0.00965782779653403}, 
   {15, 0.004590934309688519}, {16, 0.0005340902441941412}, 
   {17, 0.0027279037294973035}, {18, 0.005359797295832221}, 
   {19, 0.007489204687238692}, {20, 0.009215941900046935}, 
   {21, 0.010618714640508332}, {22, 0.011759999196703692}, 
   {23, 0.012689663940987823}, {24, 0.013447695832041246}, 
   {25, 0.014066279437493685}, {26, 0.014571399910741394}, 
   {27, 0.014984090818399319}, {28, 0.015321413520771737}, 
   {29, 0.015597231264388356}, {30, 0.015822824665151808}, 
   {31, 0.016007383541314358}, {32, 0.016158401596442107}, 
   {33, 0.016281994259919615}, {34, 0.01638315539861346}, 
   {35, 0.016465965163079497}, {36, 0.016533758610855227}, 
   {37, 0.016589262737901782}, {38, 0.01663470799109147}, 
   {39, 0.01667191911761533}}, {1.0835989810115968*^-6, 0.8393628779907983}}}
