{10, 32, {{{-0.5245542393265322, 0, -0.0001871544766257207, 
    0.00018715447662571397}, {0, 0.9990047049723403, 0.00003257644165113188, 
    0.0000325764416507307}, {-0.00018715447662570982, 0.00003257644165106016, 
    -3.989117296483106*^-6, 0.000456749238845069}, 
   {0.00018715447662573595, 0.000032576441651061515, 0.00045674923884487693, 
    -3.989117296648338*^-6}}, {{-0.5245542393265321, 0.00018715447662572774, 
    0, -0.0001871544766257204}, {0.00018715447662568638, 
    -3.989117296511295*^-6, 0.000032576441651050835, 0.0004567492388449151}, 
   {0, 0.00003257644165113566, 0.9990047049723401, 0.00003257644165091557}, 
   {-0.000187154476625734, 0.00045674923884504633, 0.00003257644165090039, 
    -3.989117296293587*^-6}}, {{-0.5245542393265326, -0.00018715447662566955, 
    0.00018715447662566442, 0}, {-0.00018715447662562658, 
    -3.989117296626654*^-6, 0.00045674923884523537, 0.00003257644165107351}, 
   {0.00018715447662564577, 0.0004567492388448922, -3.989117296876454*^-6, 
    0.00003257644165089466}, {0, 0.00003257644165075767, 
    0.00003257644165129778, 0.9990047049723411}}}, 
 {{{0., 0.009493562120633181, 0.009493562120633181, 0.009493562120633205}, 
   {-0.009493562120633181, 0., -0.009493281839583766, 0.00949328183958331}, 
   {-0.009493562120633181, 0.009493281839583766, 0., -0.009493281839583359}, 
   {-0.009493562120633205, -0.00949328183958331, 0.009493281839583359, 0.}}, 
  {{0., 0.009493562120633185, 0.009493562120633181, 0.009493562120633223}, 
   {-0.009493562120633185, 0., -0.009493281839583633, 0.009493281839583336}, 
   {-0.009493562120633181, 0.009493281839583633, 0., -0.009493281839583333}, 
   {-0.009493562120633223, -0.009493281839583336, 0.009493281839583333, 
    0.}}}, {0, 0}, {{-1.5703936426338636, -1.5684204428013344}, 
  {-6.298441568000224, -1.5723668424663937, -1.5768539415337184}, 
  {-1.5723668133387323, -1.570393613506203}, {{2, 0.003776104857515455}, 
   {3, 0.001480706794270717}, {4, 0.0005808108731793493}, 
   {5, 0.00022785593705071036}, {6, 0.00008939437894918412}, 
   {7, 0.00003507274048105899}, {8, 0.000013760461089359216}, 
   {9, 5.398806511503623*^-6}}, {{2, 0.07320312730881459}, 
   {3, 0.026281090066507508}, {4, 0.009921633603838475}, 
   {5, 0.003780292056673862}, {6, 0.0014114195734188464}, 
   {7, 0.00048814866567430267}, {8, 0.00012684806952969032}, 
   {9, 0.000014761637738028142}}, {7.319783689987308*^-13, 
   0.9940430693126101}}}
{28, 32, {{{-0.5223669117021056, 0, -0.0005492265907364894, 
    0.0005492265907365303}, {0, 0.9970851488642747, -0.0009883515864098007, 
    -0.0009883515864093288}, {-0.0005492265907364904, -0.0009883515864091224, 
    0.0012128015795449224, 0.0023652589477996724}, 
   {0.0005492265907365021, -0.0009883515864093494, 0.002365258947799245, 
    0.001212801579544535}}, {{-0.5223669117021059, 0.0005492265907365158, 0, 
    -0.0005492265907365463}, {0.0005492265907364609, 0.0012128015795446366, 
    -0.0009883515864090955, 0.0023652589477994477}, 
   {0, -0.000988351586409779, 0.9970851488642744, -0.0009883515864092917}, 
   {-0.0005492265907365008, 0.002365258947799273, -0.0009883515864093657, 
    0.00121280157954462}}, {{-0.5223669117021058, -0.0005492265907365381, 
    0.0005492265907364956, 0}, {-0.0005492265907364698, 
    0.0012128015795442844, 0.0023652589477996385, -0.0009883515864093188}, 
   {0.0005492265907365137, 0.002365258947799397, 0.0012128015795442315, 
    -0.0009883515864093583}, {0, -0.0009883515864093624, -0.0009883515864094, 
    0.9970851488642757}}}, 
 {{{0., 0.05342565547233054, 0.053425655472330594, 0.0534256554723308}, 
   {-0.05342565547233054, 0., -0.019142437931580467, 0.019142437931580464}, 
   {-0.053425655472330594, 0.019142437931580467, 0., -0.019142437931580228}, 
   {-0.0534256554723308, -0.019142437931580464, 0.019142437931580228, 0.}}, 
  {{0., 0.05342565547233055, 0.05342565547233055, 0.053425655472330955}, 
   {-0.05342565547233055, 0., -0.019142437931580443, 0.019142437931580464}, 
   {-0.05342565547233055, 0.019142437931580443, 0., -0.01914243793158049}, 
   {-0.053425655472330955, -0.019142437931580464, 0.01914243793158049, 0.}}}, 
 {0, 0}, {{-1.5599914577720515, -1.5488871438073613}, 
  {-6.2984031420700965, -1.5710957717367413, -1.578105799298307}, 
  {-1.5675329552590902, -1.5564286412944}, {{2, 0.003786517228840547}, 
   {3, 0.0029699350865408786}, {4, 0.002330159524229866}, 
   {5, 0.0018286771375229105}, {6, 0.0014354321091950145}, 
   {7, 0.0011269530346056794}, {8, 0.0008848956174027506}, 
   {9, 0.0006949109236460138}, {10, 0.0005457666687641582}, 
   {11, 0.0004286643965379644}, {12, 0.0003367081959916793}, 
   {13, 0.0002644907422225534}, {14, 0.0002077703139807957}, 
   {15, 0.00016321848508440984}, {16, 0.00012822281591786527}, 
   {17, 0.00010073241753541518}, {18, 0.00007913698301618283}, 
   {19, 0.00006217197599812929}, {20, 0.00004884428385890788}, 
   {21, 0.00003837389527772128}, {22, 0.00003014813387191423}, 
   {23, 0.00002368573569061505}, {24, 0.00001860864760565295}, 
   {25, 0.000014619883617492113}, {26, 0.000011486135606433856}, 
   {27, 9.024116354089395*^-6}}, {{2, 0.25970017153235886}, 
   {3, 0.2762530963391431}, {4, 0.28769686362528124}, 
   {5, 0.2958721709704249}, {6, 0.30185068607300486}, 
   {7, 0.3062980489486925}, {8, 0.3096487097722339}, {9, 0.312197397063128}, 
   {10, 0.31415023521541696}, {11, 0.31565490279129815}, 
   {12, 0.31681925268750066}, {13, 0.31772326173668697}, 
   {14, 0.31842695792822606}, {15, 0.31897583115803524}, 
   {16, 0.31940461758678773}, {17, 0.31974000206783676}, 
   {18, 0.32000258215628474}, {19, 0.3202083166149057}, 
   {20, 0.32036960684254384}, {21, 0.3204961123976747}, 
   {22, 0.3205953710611733}, {23, 0.32067327342963314}, 
   {24, 0.32073442811855357}, {25, 0.3207824439993666}, 
   {26, 0.3208201490685517}, {27, 0.3208497606407996}}, 
  {4.9202082576413296*^-11, 0.9826378443120348}}}
