{9, 32, {{{-0.5208782065675266, 0, -0.002502895819852322, 
    0.0025028958198523186}, {0, 0.9873941573032173, 0.0004277240247963965, 
    0.00042772402479644765}, {-0.002502895819852297, 0.0004277240247964596, 
    -0.000024180688159429562, 0.0058848233687551505}, 
   {0.0025028958198523065, 0.0004277240247964342, 0.005884823368755128, 
    -0.000024180688159534947}}, {{-0.5208782065675267, 0.0025028958198523204, 
    0, -0.0025028958198523234}, {0.002502895819852302, 
    -0.000024180688159452114, 0.0004277240247964483, 0.005884823368755175}, 
   {0, 0.0004277240247963941, 0.9873941573032174, 0.00042772402479643464}, 
   {-0.0025028958198523026, 0.005884823368755125, 0.00042772402479646364, 
    -0.000024180688159541885}}, 
  {{-0.5208782065675266, -0.0025028958198522874, 0.0025028958198522883, 0}, 
   {-0.0025028958198522674, -0.00002418068815942913, 0.005884823368755154, 
    0.00042772402479645253}, {0.0025028958198522583, 0.005884823368755144, 
    -0.00002418068815945862, 0.0004277240247964776}, 
   {0, 0.00042772402479645025, 0.0004277240247964159, 0.9873941573032172}}}, 
 {{{0., 0.03377806854818129, 0.03377806854818131, 0.03377806854818133}, 
   {-0.03377806854818129, 0., -0.033838286672300155, 0.03383828667229996}, 
   {-0.03377806854818131, 0.033838286672300155, 0., -0.03383828667229997}, 
   {-0.03377806854818133, -0.03383828667229996, 0.03383828667229997, 0.}}, 
  {{0., 0.033778068548181286, 0.0337780685481813, 0.033778068548181384}, 
   {-0.033778068548181286, 0., -0.033838286672300016, 0.03383828667230017}, 
   {-0.0337780685481813, 0.033838286672300016, 0., -0.033838286672300176}, 
   {-0.033778068548181384, -0.03383828667230017, 0.033838286672300176, 0.}}}, 
 {0, 0}, {{-1.5217869282576602, -1.4972146892767255}, 
  {-6.297518022835043, -1.5463591672385992, -1.6023998441789225}, 
  {-1.546381070417205, -1.5218088314362703}, {{2, 0.016269471153800424}, 
   {3, 0.006507193947291656}, {4, 0.0026172346467309288}, 
   {5, 0.0010552934240514178}, {6, 0.0004259485570948379}, 
   {7, 0.00017199936376617597}, {8, 0.00006946595286208557}}, 
  {{2, 0.09243041759802503}, {3, 0.03355955409676356}, 
   {4, 0.013314602961122902}, {5, 0.005624066943095732}, 
   {6, 0.0025921565628194278}, {7, 0.0013793462154549894}, 
   {8, 0.0008913790324165823}}, {1.5012402236997657*^-9, 0.9267088665366602}}}
