{9, 32, {{{-0.5200406802016482, 0, -0.003058946697717536, 
    0.003058946697717519}, {0, 0.9847643955583322, 0.0005148231824223582, 
    0.0005148231824223417}, {-0.0030589466977174974, 0.0005148231824223155, 
    -0.000014973218655418147, 0.0071426264721375105}, 
   {0.003058946697717517, 0.0005148231824223242, 0.007142626472137495, 
    -0.000014973218655406004}}, {{-0.5200406802016482, 0.003058946697717521, 
    0, -0.003058946697717509}, {0.003058946697717492, 
    -0.000014973218655377814, 0.0005148231824223116, 0.00714262647213748}, 
   {0, 0.0005148231824223595, 0.9847643955583321, 0.0005148231824223504}, 
   {-0.003058946697717514, 0.007142626472137504, 0.0005148231824223134, 
    -0.000014973218655428555}}, 
  {{-0.5200406802016482, -0.0030589466977174705, 0.003058946697717488, 0}, 
   {-0.0030589466977174297, -0.000014973218655455443, 0.007142626472137519, 
    0.0005148231824223463}, {0.0030589466977174276, 0.0071426264721375, 
    -0.000014973218655511822, 0.0005148231824223368}, 
   {0, 0.0005148231824223099, 0.0005148231824223162, 0.9847643955583321}}}, 
 {{{0., 0.037166434461362766, 0.03716643446136276, 0.0371664344613628}, 
   {-0.037166434461362766, 0., -0.03720143859727926, 0.037201438597279084}, 
   {-0.03716643446136276, 0.03720143859727926, 0., -0.03720143859727909}, 
   {-0.0371664344613628, -0.037201438597279084, 0.03720143859727909, 0.}}, 
  {{0., 0.037166434461362766, 0.03716643446136275, 0.037166434461362856}, 
   {-0.037166434461362766, 0., -0.03720143859727912, 0.037201438597279306}, 
   {-0.03716643446136275, 0.03720143859727912, 0., -0.03720143859727933}, 
   {-0.037166434461362856, -0.037201438597279306, 0.03720143859727933, 0.}}}, 
 {0, 0}, {{-1.510884559566572, -1.4812724492678748}, 
  {-6.297075490931023, -1.5404966698652722, -1.6080410756002395}, 
  {-1.5405106145219043, -1.510898504223207}, {{2, 0.01793588174179011}, 
   {3, 0.007207900755999114}, {4, 0.002916912028969168}, 
   {5, 0.0011841169692533016}, {6, 0.00048132509106423027}, 
   {7, 0.00019575764708307242}, {8, 0.00007963347756123618}}, 
  {{2, 0.09221684818048195}, {3, 0.033346053528885145}, 
   {4, 0.013040617824137828}, {5, 0.005287302533585026}, 
   {6, 0.0022115256878905464}, {7, 0.0009728126599542919}, 
   {8, 0.0004709106001653644}}, {2.6506867518375882*^-9, 0.9119983004182983}}}
