{6, 32, {{{-0.5243680372978302, 0, -0.0002317444289900724, 
    0.00023174442899009148}, {0, 0.9988723606733942, -0.00006174688435931691, 
    -0.00006174688435929839}, {-0.00023174442899009124, 
    -0.00006174688435947332, 0.00010704173865340623, 0.0006116911740849185}, 
   {0.00023174442899010313, -0.00006174688435919283, 0.0006116911740852318, 
    0.00010704173865346955}}, {{-0.5243680372978301, 0.00023174442899010387, 
    0, -0.00023174442899009587}, {0.00023174442899009977, 
    0.00010704173865333901, -0.00006174688435947352, 0.0006116911740850567}, 
   {0, -0.00006174688435931569, 0.9988723606733944, -0.00006174688435932411}, 
   {-0.00023174442899012482, 0.0006116911740852657, -0.00006174688435912841, 
    0.00010704173865316857}}, {{-0.524368037297831, -0.00023174442899010042, 
    0.00023174442899007074, 0}, {-0.00023174442899006464, 
    0.00010704173865299857, 0.0006116911740851492, -0.00006174688435916474}, 
   {0.0002317444289900665, 0.0006116911740851966, 0.00010704173865305755, 
    -0.00006174688435911352}, {0, -0.00006174688435929696, 
    -0.00006174688435923759, 0.9988723606733946}}}, 
 {{{0., 0.02393184126824923, 0.023931841268249186, 0.023931841268249245}, 
   {-0.02393184126824923, 0., -0.018595946207765487, 0.018595946207764894}, 
   {-0.023931841268249186, 0.018595946207765487, 0., -0.018595946207764804}, 
   {-0.023931841268249245, -0.018595946207764894, 0.018595946207764804, 0.}}, 
  {{0., 0.02393184126824921, 0.023931841268249217, 0.023931841268249272}, 
   {-0.02393184126824921, 0., -0.018595946207765484, 0.01859594620776504}, 
   {-0.023931841268249217, 0.018595946207765484, 0., -0.01859594620776507}, 
   {-0.023931841268249272, -0.01859594620776504, 0.01859594620776507, 0.}}}, 
 {0, 0}, {{-1.568903300412014, -1.5647581839124847}, 
  {-6.299272421693022, -1.5730484169115408, -1.5765877939349702}, 
  {-1.5725863148441115, -1.568441198344582}, {{2, 0.005760741358750283}, 
   {3, 0.004513722524610967}, {4, 0.0035370656087817393}, 
   {5, 0.0027721367227240973}}, {{2, 0.20837644610623896}, 
   {3, 0.02715600153961827}, {4, 0.060767839902036}, 
   {5, 0.1114810808051639}}, {4.135325385385275*^-11, 0.9932532089439156}}}
