{20, 40, {{{-0.5121519361577965, 0, -0.008019807867856308, 
    0.00801980786785628}, {0, 0.9641706567619355, 0.00025753792552032353, 
    0.0002575379255203079}, {-0.008019807867856265, 0.0002575379255201995, 
    0.0012382860201200427, 0.018026611438852654}, 
   {0.008019807867856247, 0.00025753792552019386, 0.018026611438852667, 
    0.0012382860201201051}}, {{-0.5121519361577966, 0.008019807867856303, 0, 
    -0.00801980786785628}, {0.008019807867856265, 0.0012382860201200444, 
    0.00025753792552020774, 0.018026611438852685}, 
   {0, 0.00025753792552032266, 0.9641706567619355, 0.00025753792552028434}, 
   {-0.008019807867856246, 0.018026611438852647, 0.0002575379255202348, 
    0.0012382860201200496}}, {{-0.5121519361577966, -0.008019807867856221, 
    0.008019807867856228, 0}, {-0.008019807867856223, 0.0012382860201200067, 
    0.01802661143885264, 0.00025753792552028493}, 
   {0.00801980786785622, 0.018026611438852723, 0.0012382860201200219, 
    0.0002575379255203022}, {0, 0.00025753792552020123, 
    0.00025753792552019874, 0.9641706567619353}}}, 
 {{{0., 0.12098495926749246, 0.1209849592674925, 0.1209849592674929}, 
   {-0.12098495926749246, 0., -0.11157158029662456, 0.11157158029662395}, 
   {-0.1209849592674925, 0.11157158029662456, 0., -0.11157158029662395}, 
   {-0.1209849592674929, -0.11157158029662395, 0.11157158029662395, 0.}}, 
  {{0., 0.12098495926749245, 0.12098495926749246, 0.12098495926749306}, 
   {-0.12098495926749245, 0., -0.11157158029662417, 0.11157158029662459}, 
   {-0.12098495926749246, 0.11157158029662417, 0., -0.11157158029662459}, 
   {-0.12098495926749306, -0.11157158029662459, 0.11157158029662459, 0.}}}, 
 {0, 0}, {{-1.4247326807749334, -1.3241476745015195}, 
  {-6.289944471639272, -1.5253176870483491, -1.6196545487712868}, 
  {-1.521404618892722, -1.420819612619308}, {{2, 0.00020875794587847663}, 
   {3, 0.00017302493446777478}, {4, 0.00014337721623984556}, 
   {5, 0.0001188186261752433}, {6, 0.00009847202523571852}, 
   {7, 0.00008161333403912396}, {8, 0.00006764346960479173}, 
   {9, 0.00005606661251025824}, {10, 0.00004647229350959736}, 
   {11, 0.00003852062311990312}, {12, 0.00003193010166729904}, 
   {13, 0.000026467551441408665}, {14, 0.00002193979633180465}, 
   {15, 0.00001818678205284252}, {16, 0.000015075885064774752}, 
   {17, 0.000012497203108086108}, {18, 0.00001035965686840834}, 
   {19, 8.58776226338176*^-6}}, {{2, 0.03561080758997669}, 
   {3, 0.036202996637438964}, {4, 0.03669219271260741}, 
   {5, 0.03709663839095912}, {6, 0.03743116991348362}, 
   {7, 0.03770797883388291}, {8, 0.03793709760243483}, 
   {9, 0.03812679227894719}, {10, 0.03828388061580235}, 
   {11, 0.0384139906729026}, {12, 0.038521771749090536}, 
   {13, 0.03861106688193307}, {14, 0.038685054235302774}, 
   {15, 0.03874636320481707}, {16, 0.03879716991258636}, 
   {17, 0.03883927585376851}, {18, 0.03887417273889563}, 
   {19, 0.038903096004089865}}, {1.928952381691249*^-6, 0.8033845233197221}}}
