{14, 40, {{{-0.5219878846659276, 0, -0.0017871843756900074, 
    0.0017871843756899959}, {0, 0.9908490110434867, 0.00032107021424833664, 
    0.00032107021424832157}, {-0.0017871843756899592, 0.0003210702142483644, 
    -0.000038683017458971194, 0.004238642595315323}, 
   {0.0017871843756899965, 0.0003210702142482926, 0.004238642595315282, 
    -0.00003868301745886017}}, {{-0.5219878846659275, 0.0017871843756900132, 
    0, -0.0017871843756899993}, {0.0017871843756899894, 
    -0.00003868301745896686, 0.00032107021424837014, 0.004238642595315315}, 
   {0, 0.0003210702142483361, 0.9908490110434865, 0.00032107021424832325}, 
   {-0.0017871843756900063, 0.004238642595315303, 0.0003210702142482992, 
    -0.00003868301745876823}}, {{-0.5219878846659276, -0.0017871843756899633, 
    0.001787184375689963, 0}, {-0.0017871843756899256, 
    -0.000038683017458974664, 0.004238642595315318, 0.0003210702142483283}, 
   {0.0017871843756899115, 0.00423864259531538, -0.000038683017458990276, 
    0.0003210702142483202}, {0, 0.0003210702142482767, 0.0003210702142483009, 
    0.9908490110434867}}}, 
 {{{0., 0.057363561967146454, 0.057363561967146495, 0.057363561967146724}, 
   {-0.057363561967146454, 0., -0.05770946325583054, 0.057709463255830255}, 
   {-0.057363561967146495, 0.05770946325583054, 0., -0.057709463255830235}, 
   {-0.057363561967146724, -0.057709463255830255, 0.057709463255830235, 0.}}, 
  {{0., 0.05736356196714648, 0.05736356196714646, 0.0573635619671468}, 
   {-0.05736356196714648, 0., -0.057709463255830304, 0.05770946325583061}, 
   {-0.05736356196714646, 0.057709463255830304, 0., -0.057709463255830616}, 
   {-0.0573635619671468, -0.05770946325583061, 0.057709463255830616, 0.}}}, 
 {0, 0}, {{-1.535672555622565, -1.5098398386267087}, 
  {-6.29793485190568, -1.5615052726184238, -1.5874621533344162}, 
  {-1.5615831580372557, -1.5357504410413994}, {{2, 0.00011945004736400866}, 
   {3, 0.00009471145126698638}, {4, 0.00007509723340973218}, 
   {5, 0.000059545868284473225}, {6, 0.00004721546345679006}, 
   {7, 0.00003743870300709773}, {8, 0.000029686598503622652}, 
   {9, 0.000023539787998919093}, {10, 0.0000186658001152043}, 
   {11, 0.000014801039767912971}, {12, 0.00001173651263214337}, 
   {13, 9.306510923998146*^-6}}, {{2, 0.006648236635778394}, 
   {3, 0.0058275610832576605}, {4, 0.00517881268230215}, 
   {5, 0.00466563935453694}, {6, 0.004259501962205343}, 
   {7, 0.003937945757505846}, {8, 0.0036832748193427363}, 
   {9, 0.003481525704367228}, {10, 0.0033216690058576834}, 
   {11, 0.003194985831218869}, {12, 0.003094579375265573}, 
   {13, 0.0030149913710201858}}, {3.6938751304297434*^-8, 
   0.9463349538611202}}}
