{3, 28, {{{-0.5203533403162066, 0, -0.002328122832012897, 
    0.0023281228320128603}, {0, 0.989150592959263, -0.00038244361455484603, 
    -0.00038244361455480613}, {-0.0023281228320128364, 
    -0.00038244361455488224, 0.0008200478036403964, 0.005743200830393008}, 
   {0.002328122832012872, -0.0003824436145548558, 0.005743200830393034, 
    0.0008200478036404979}}, {{-0.5203533403162067, 0.0023281228320129097, 0, 
    -0.0023281228320128694}, {0.002328122832012847, 0.0008200478036403738, 
    -0.00038244361455487953, 0.005743200830393032}, 
   {0, -0.000382443614554839, 0.989150592959263, -0.00038244361455480754}, 
   {-0.0023281228320128767, 0.005743200830393066, -0.00038244361455485785, 
    0.0008200478036403669}}, {{-0.5203533403162068, -0.0023281228320129015, 
    0.00232812283201289, 0}, {-0.0023281228320128295, 0.0008200478036403443, 
    0.005743200830393064, -0.0003824436145548459}, 
   {0.0023281228320128325, 0.005743200830393122, 0.0008200478036403946, 
    -0.00038244361455483497}, {0, -0.00038244361455485394, 
    -0.0003824436145548252, 0.9891505929592631}}}, 
 {{{0., 0.03593572339693016, 0.03593572339693016, 0.035935723396930186}, 
   {-0.03593572339693016, 0., -0.029426242167622896, 0.02942624216762275}, 
   {-0.03593572339693016, 0.029426242167622896, 0., -0.029426242167622747}, 
   {-0.035935723396930186, -0.02942624216762275, 0.029426242167622747, 0.}}, 
  {{0., 0.035935723396930144, 0.035935723396930144, 0.03593572339693025}, 
   {-0.035935723396930144, 0., -0.02942624216762278, 0.029426242167622914}, 
   {-0.035935723396930144, 0.02942624216762278, 0., -0.02942624216762291}, 
   {-0.03593572339693025, -0.029426242167622914, 0.02942624216762291, 0.}}}, 
 {0, 0}, {{-1.523100574522419, -1.4982035750303286}, 
  {-6.29760407009935, -1.547997574014509, -1.600804461035166}, 
  {-1.5457426235704936, -1.5208456240784032}, {{2, 0.00020679915660649917}}, 
  {{2, 0.09057117283276139}}, {6.492453210280462*^-10, 0.9366438675912115}}}
