{3, 28, {{{-0.5237708660850113, 0, -0.0005405460129492663, 
    0.0005405460129492567}, {0, 0.9973594665478662, -0.00009509440695318398, 
    -0.00009509440695313926}, {-0.000540546012949227, -0.0000950944069530863, 
    0.00019587371586827877, 0.0013877035054123583}, 
   {0.0005405460129492441, -0.00009509440695323792, 0.0013877035054123397, 
    0.00019587371586842015}}, {{-0.5237708660850116, 0.0005405460129492331, 
    0, -0.0005405460129492448}, {0.0005405460129492084, 
    0.00019587371586825622, -0.00009509440695308537, 0.001387703505412299}, 
   {0, -0.00009509440695319604, 0.9973594665478663, -0.00009509440695307667}, 
   {-0.0005405460129492472, 0.001387703505412416, -0.00009509440695331644, 
    0.00019587371586851643}}, {{-0.5237708660850118, -0.0005405460129492204, 
    0.0005405460129492449, 0}, {-0.000540546012949181, 
    0.00019587371586829005, 0.0013877035054124449, -0.00009509440695323505}, 
   {0.0005405460129491956, 0.0013877035054124863, 0.0001958737158681556, 
    -0.00009509440695330888}, {0, -0.00009509440695314978, 
    -0.0000950944069530875, 0.9973594665478664}}}, 
 {{{0., 0.017742462747303032, 0.017742462747303046, 0.017742462747303053}, 
   {-0.017742462747303032, 0., -0.014502529846376302, 0.014502529846376212}, 
   {-0.017742462747303046, 0.014502529846376302, 0., -0.014502529846376174}, 
   {-0.017742462747303053, -0.014502529846376212, 0.014502529846376174, 0.}}, 
  {{0., 0.017742462747303032, 0.017742462747303032, 0.017742462747303088}, 
   {-0.017742462747303032, 0., -0.014502529846376244, 0.014502529846376264}, 
   {-0.017742462747303032, 0.014502529846376244, 0., -0.014502529846376276}, 
   {-0.017742462747303088, -0.014502529846376264, 0.014502529846376276, 
    0.}}}, {0, 0}, {{-1.5619617103426573, -1.5558155409567116}, 
  {-6.2984368232663295, -1.5681078797286012, -1.5811105319045635}, 
  {-1.5675467068888507, -1.561400537502905}, {{2, 0.00010418403010130362}}, 
  {{2, 0.09130448650425628}}, {9.303848020874133*^-12, 0.9842610180513227}}}
