{3, 28, {{{-0.5142422630796787, 0, -0.005864756577456189, 
    0.005864756577456174}, {0, 0.9743240222566054, -0.0008801062011839205, 
    -0.0008801062011839214}, {-0.0058647565774561615, -0.0008801062011839999, 
    0.0020103129586588045, 0.013728150023468853}, 
   {0.00586475657745617, -0.0008801062011839448, 0.01372815002346884, 
    0.0020103129586587967}}, {{-0.5142422630796788, 0.0058647565774561814, 0, 
    -0.005864756577456165}, {0.005864756577456142, 0.002010312958658815, 
    -0.0008801062011839786, 0.013728150023468843}, 
   {0, -0.0008801062011839179, 0.9743240222566054, -0.0008801062011839158}, 
   {-0.005864756577456165, 0.013728150023468822, -0.0008801062011839405, 
    0.002010312958658722}}, {{-0.5142422630796787, -0.005864756577456134, 
    0.005864756577456132, 0}, {-0.0058647565774561095, 0.002010312958658703, 
    0.013728150023468791, -0.0008801062011839045}, 
   {0.005864756577456112, 0.013728150023468907, 0.002010312958658722, 
    -0.000880106201183902}, {0, -0.0008801062011839877, 
    -0.0008801062011839934, 0.9743240222566053}}}, 
 {{{0., 0.05521734264582251, 0.055217342645822516, 0.05521734264582256}, 
   {-0.05521734264582251, 0., -0.045352960526344896, 0.04535296052634473}, 
   {-0.055217342645822516, 0.045352960526344896, 0., -0.04535296052634473}, 
   {-0.05521734264582256, -0.04535296052634473, 0.04535296052634473, 0.}}, 
  {{0., 0.05521734264582251, 0.0552173426458225, 0.05521734264582266}, 
   {-0.05521734264582251, 0., -0.04535296052634476, 0.045352960526344986}, 
   {-0.0552173426458225, 0.04535296052634476, 0., -0.045352960526344965}, 
   {-0.05521734264582266, -0.045352960526344986, 0.045352960526344965, 0.}}}, 
 {0, 0}, {{-1.454879089568092, -1.397495543815189}, 
  {-6.2936444427134095, -1.5122626353209943, -1.6345595860357105}, 
  {-1.507136952016132, -1.449753406263229}, {{2, 0.0003065979422720716}}, 
  {{2, 0.08932322388955083}}, {8.702296009680039*^-9, 0.8555008828787094}}}
