{6, 32, {{{-0.5248623237609011, 0, -5.080802280937241*^-6, 
    5.080802280933164*^-6}, {0, 0.9999722376019851, 1.307723220943531*^-6, 
    1.3077232219950448*^-6}, {-5.080802280884581*^-6, 1.3077232223113256*^-6, 
    -5.704599140795609*^-7, 0.000012335532711127551}, 
   {5.08080228092453*^-6, 1.3077232220512963*^-6, 0.000012335532711339587, 
    -5.704599138527458*^-7}}, {{-0.524862323760901, 5.080802280931892*^-6, 0, 
    -5.080802280927777*^-6}, {5.08080228089129*^-6, -5.704599137586371*^-7, 
    1.3077232223165192*^-6, 0.000012335532711203105}, 
   {0, 1.307723220944208*^-6, 0.9999722376019846, 1.307723221907805*^-6}, 
   {-5.0808022809214265*^-6, 0.000012335532711223545, 1.307723222137063*^-6, 
    -5.704599147504652*^-7}}, {{-0.5248623237609016, -5.080802280906404*^-6, 
    5.080802280911343*^-6, 0}, {-5.08080228084275*^-6, 
    -5.704599143653566*^-7, 0.00001233553271070142, 1.3077232220464334*^-6}, 
   {5.080802280841251*^-6, 0.000012335532710884336, -5.70459913390442*^-7, 
    1.307723222125888*^-6}, {0, 1.3077232220055357*^-6, 
    1.3077232219226584*^-6, 0.9999722376019846}}}, 
 {{{0., 0.0015318741650301687, 0.0015318741650301674, 0.001531874165030179}, 
   {-0.0015318741650301687, 0., -0.0016052880612403384, 
    0.0016052880612403705}, {-0.0015318741650301674, 0.0016052880612403384, 
    0., -0.0016052880612403273}, {-0.001531874165030179, 
    -0.0016052880612403705, 0.0016052880612403273, 0.}}, 
  {{0., 0.001531874165030178, 0.0015318741650301787, 0.00153187416503018}, 
   {-0.001531874165030178, 0., -0.0016052880612402634, 0.001605288061240366}, 
   {-0.0015318741650301787, 0.0016052880612402634, 0., 
    -0.0016052880612403427}, {-0.00153187416503018, -0.001605288061240366, 
    0.0016052880612403427, 0.}}}, {0, 0}, 
 {{-1.5744972312101773, -1.5744441655324852}, 
  {-6.298447550208979, -1.5745502968878695, -1.57467347821662}, 
  {-1.574551568453852, -1.57449850277616}, {{2, 0.0007366321049017057}, 
   {3, 0.000288374822817804}, {4, 0.00011289333898362175}, 
   {5, 0.00004419581523541858}}, {{2, 0.1130987318503155}, 
   {3, 0.052276536933194465}, {4, 0.03163029654485909}, 
   {5, 0.023962117087049793}}, {1.7112673122943793*^-17, 0.9998334371727419}}}
