{20, 20, {{{-0.5239421454377714, 0, -0.000501112492876787, 
    0.0005011124928755865}, {0, 0.9985382067154467, -0.0003637918526941989, 
    -0.0003637918526932574}, {-0.0005011124928769062, 
    -0.00036379185269205035, 0.0002911295118672545, 0.012732192057682556}, 
   {0.0005011124928760572, -0.0003637918526924852, 0.012732192057678155, 
    0.0002911295118652943}}, {{-0.5239421454377715, 0.0005011124928769751, 0, 
    -0.0005011124928756915}, {0.0005011124928769061, 0.0002911295118662961, 
    -0.0003637918526924994, 0.012732192057681698}, 
   {0, -0.00036379185269364825, 0.9985382067154471, -0.0003637918526928276}, 
   {-0.0005011124928760291, 0.01273219205767776, -0.000363791852692318, 
    0.0002911295118669544}}, {{-0.5239421454377695, -0.0005011124928770461, 
    0.0005011124928770792, 0}, {-0.0005011124928766101, 
    0.0002911295118653307, 0.012732192057674816, -0.0003637918526930191}, 
   {0.0005011124928763761, 0.012732192057674136, 0.0002911295118637469, 
    -0.0003637918526924266}, {0, -0.00036379185269270553, 
    -0.0003637918526927911, 0.9985382067154512}}}, 
 {{{0, 0.03297118015819239, 0.03297118015819231, 0.03297118015819285}, 
   {-0.03297118015819239, 0, -0.012885048744732171, 0.012885048744734007}, 
   {-0.03297118015819231, 0.012885048744732171, 0, -0.012885048744734208}, 
   {-0.03297118015819285, -0.012885048744734007, 0.012885048744734208, 0}}, 
  {{0, 0.0329711801581924, 0.03297118015819242, 0.032971180158192864}, 
   {-0.0329711801581924, 0, -0.012885048744733216, 0.012885048744735223}, 
   {-0.03297118015819242, 0.012885048744733216, 0, -0.012885048744735006}, 
   {-0.032971180158192864, -0.012885048744735223, 0.012885048744735006, 0}}}, 
 {0, 0}, {{-1.5556577193814525, -1.538525391615603}, 
  {-3.149265060545969, -3.1526507833082613, -1.5729396688918382}, 
  {-1.567571517126959, -1.5504391893611096}, {{2, 0.004230071173397257}, 
   {3, 0.0009284976707939659}, {4, 0.0007925056673178162}, 
   {5, 0.0007673103780571162}, {6, 0.0007424256063609958}, 
   {7, 0.0007197502803294913}, {8, 0.0006988561372104803}, 
   {9, 0.0006801660514719468}, {10, 0.0006630158585559627}, 
   {11, 0.0006477577581713648}, {12, 0.0006337925799150754}, 
   {13, 0.0006214636686788216}, {14, 0.0006102397610418531}, 
   {15, 0.0006004537884720662}, {16, 0.0005916334186869734}, 
   {17, 0.0005840985176694194}, {18, 0.0005774281471389881}, 
   {19, 0.0005719277893673023}}, {{2, 0.019974494196186948}, 
   {3, 0.019862251216165985}, {4, 0.01984076760036329}, 
   {5, 0.019863377436380565}, {6, 0.019871724760952593}, 
   {7, 0.01989885310963212}, {8, 0.019908223988030327}, 
   {9, 0.019933775770440722}, {10, 0.019942917306488922}, 
   {11, 0.019966849386741634}, {12, 0.0199758165028409}, 
   {13, 0.019998344109787573}, {14, 0.02000723305266168}, 
   {15, 0.020028555644681433}, {16, 0.02003744844558409}, 
   {17, 0.020057742326906082}, {18, 0.02006670874081082}, 
   {19, 0.020086131413458566}}, {4.5763201065324405*^-12, 
   0.9912612304828868}}}
{20, 20, {{{-0.5239421454377707, 0, -0.0005011124928765487, 
    0.0005011124928768728}, {0, 0.9985382067154459, -0.0003637918526952511, 
    -0.00036379185269229874}, {-0.0005011124928768354, 
    -0.00036379185269333475, 0.0002911295118599019, 0.012732192057683004}, 
   {0.0005011124928769674, -0.0003637918526925174, 0.012732192057682333, 
    0.00029112951186734863}}, {{-0.523942145437771, 0.0005011124928762208, 0, 
    -0.0005011124928771105}, {0.0005011124928763756, 0.0002911295118608417, 
    -0.00036379185269329084, 0.012732192057680088}, 
   {0, -0.00036379185269526105, 0.9985382067154461, -0.00036379185269300537}, 
   {-0.0005011124928767822, 0.01273219205768239, -0.0003637918526915502, 
    0.00029112951186734733}}, {{-0.5239421454377717, -0.0005011124928765962, 
    0.0005011124928768429, 0}, {-0.0005011124928758846, 
    0.00029112951186648604, 0.012732192057675487, -0.0003637918526924928}, 
   {0.0005011124928764458, 0.01273219205767326, 0.00029112951186729963, 
    -0.00036379185269152603}, {0, -0.00036379185269199863, 
    -0.0003637918526925339, 0.9985382067154518}}}, 
 {{{0, 0.03297118015819247, 0.03297118015819256, 0.032971180158192795}, 
   {-0.03297118015819247, 0, -0.012885048744730648, 0.01288504874473493}, 
   {-0.03297118015819256, 0.012885048744730648, 0, -0.012885048744734411}, 
   {-0.032971180158192795, -0.01288504874473493, 0.012885048744734411, 0}}, 
  {{0, 0.032971180158192476, 0.032971180158192545, 0.03297118015819285}, 
   {-0.032971180158192476, 0, -0.012885048744732555, 0.01288504874473554}, 
   {-0.032971180158192545, 0.012885048744732555, 0, -0.012885048744735596}, 
   {-0.03297118015819285, -0.01288504874473554, 0.012885048744735596, 0}}}, 
 {0, 0}, {{-1.555657719381452, -1.5385253916156025}, 
  {-6.298530121091939, -3.165267545683448, 0.016002485137478484}, 
  {-1.5675715171269586, -1.5504391893611091}, {{2, 0.004230071173397345}, 
   {3, 0.0009284976707930343}, {4, 0.0007925056673179606}, 
   {5, 0.0007673103780564822}, {6, 0.000742425606359994}, 
   {7, 0.0007197502803285476}, {8, 0.0006988561372088028}, 
   {9, 0.000680166051469375}, {10, 0.0006630158585540797}, 
   {11, 0.0006477577581718201}, {12, 0.0006337925799156582}, 
   {13, 0.0006214636686823569}, {14, 0.000610239761044672}, 
   {15, 0.0006004537884742017}, {16, 0.000591633418687107}, 
   {17, 0.0005840985176699745}, {18, 0.0005774281471406066}, 
   {19, 0.0005719277893670039}}, {{2, 0.01997449419618689}, 
   {3, 0.019862251216166006}, {4, 0.019840767600363254}, 
   {5, 0.019863377436380423}, {6, 0.01987172476095265}, 
   {7, 0.019898853109632117}, {8, 0.019908223988030268}, 
   {9, 0.019933775770441066}, {10, 0.0199429173064889}, 
   {11, 0.019966849386741647}, {12, 0.019975816502840936}, 
   {13, 0.019998344109787725}, {14, 0.02000723305266174}, 
   {15, 0.020028555644681444}, {16, 0.020037448445583864}, 
   {17, 0.02005774232690609}, {18, 0.020066708740810707}, 
   {19, 0.020086131413458667}}, {4.576320106532386*^-12, 0.9912612304828845}}}
