{8, 20, {{{-0.5244728254565634, 0, -0.00021179987571183316, 
    0.00021179987571226318}, {0, 0.9994924428364629, -0.0001567141104323099, 
    -0.0001567141104328624}, {-0.00021179987571169411, 
    -0.00015671411043229275, 0.0001481296763704166, 0.002295813236395582}, 
   {0.0002117998757128531, -0.00015671411043153291, 0.002295813236394486, 
    0.00014812967637066682}}, {{-0.5244728254565629, 0.00021179987571174778, 
    0, -0.00021179987571237022}, {0.0002117998757116843, 
    0.0001481296763716244, -0.00015671411043223765, 0.002295813236393305}, 
   {0, -0.00015671411043232178, 0.9994924428364624, -0.0001567141104321564}, 
   {-0.0002117998757127841, 0.0022958132363975793, -0.00015671411043193385, 
    0.00014812967636839477}}, {{-0.5244728254565632, -0.0002117998757116889, 
    0.00021179987571172978, 0}, {-0.00021179987571159892, 
    0.00014812967636961168, 0.0022958132363972957, -0.0001567141104313532}, 
   {0.00021179987571180256, 0.0022958132363946736, 0.00014812967637362062, 
    -0.00015671411043214733}, {0, -0.00015671411043300515, 
    -0.00015671411043196342, 0.9994924428364595}}}, 
 {{{0, 0.021646219481256838, 0.02164621948125679, 0.021646219481256723}, 
   {-0.021646219481256838, 0, -0.008419908645055221, 0.00841990864505524}, 
   {-0.02164621948125679, 0.008419908645055221, 0, -0.008419908645055232}, 
   {-0.021646219481256723, -0.00841990864505524, 0.008419908645055232, 0}}, 
  {{0, 0.021646219481256883, 0.02164621948125689, 0.02164621948125672}, 
   {-0.021646219481256883, 0, -0.008419908645055133, 0.008419908645055494}, 
   {-0.02164621948125689, 0.008419908645055133, 0, -0.00841990864505452}, 
   {-0.02164621948125672, -0.008419908645055494, 0.00841990864505452, 0}}}, 
 {0, 0}, {{-1.5665270826175914, -1.5590286122309267}, 
  {-6.298597314661306, -1.5753479374846833, -1.5739507198459697}, 
  {-1.5717346887677561, -1.5642362183810914}, {{2, 0.0028048467487025355}, 
   {3, 0.0006115799317635909}, {4, 0.00034722734997733235}, 
   {5, 0.0003337321231761585}, {6, 0.0003202379856571693}, 
   {7, 0.00030745754065246477}}, {{2, 0.01332561175409775}, 
   {3, 0.013232351427267228}, {4, 0.013212951952066407}, 
   {5, 0.013216758194703748}, {6, 0.013218550979763533}, 
   {7, 0.013226310836201668}}, {3.563233451997192*^-13, 0.9969585186187995}}}
