{3, 20, {{{0, 0, 0, 0}, {0, 0, 0, 0}, {0, 0, 0, 0}, {0, 0, 0, 0}}, 
  {{0, 0, 0, 0}, {0, 0, 0, 0}, {0, 0, 0, 0}, {0, 0, 0, 0}}, 
  {{0, 0, 0, 0}, {0, 0, 0, 0}, {0, 0, 0, 0}, {0, 0, 0, 0}}}, 
 {{{0., 0.5773502691896459, 0.5773502691896457, 0.577350269189586}, 
   {-0.5773502691896459, 0., -0.5773502691896668, 0.5773502691896054}, 
   {-0.5773502691896457, 0.5773502691896668, 0., -0.5773502691896055}, 
   {-0.577350269189586, -0.5773502691896054, 0.5773502691896055, 0.}}, 
  {{0., 0.5773502691896188, 0.5773502691896192, 0.5773502691896388}, 
   {-0.5773502691896188, 0., -0.5773502691896129, 0.5773502691896323}, 
   {-0.5773502691896192, 0.5773502691896129, 0., -0.577350269189632}, 
   {-0.5773502691896388, -0.5773502691896323, 0.577350269189632, 0.}}}, 
 {0, 0}, {{-0.9960000000000001, -0.9920000000000002}, 
  {-1.0020000000000016, -1., 0.4989999999999992}, {-1., -0.9960000000000002}, 
  {{2, 1.4344081478157023*^-13}}, {{2, 3.561965537339044*^-14}}, 
  {0.03703703703703705, 0}}}
