{8, 20, {{{-0.5248723940296989, 0, -5.553782182005952*^-6, 
    5.553782297560794*^-6}, {0, 0.9999647612582943, 1.2960011732440063*^-6, 
    1.2960014004542722*^-6}, {-5.553782427300685*^-6, 1.2960010798725966*^-6, 
    -1.948648389038521*^-7, 0.0003333798185600858}, 
   {5.553782311701355*^-6, 1.2960008505411095*^-6, 0.0003333798185639099, 
    -1.948648473953235*^-7}}, {{-0.5248723940296987, 5.553782144784719*^-6, 
    0, -5.553782310862923*^-6}, {5.553782464476898*^-6, 
    -1.9486484023785444*^-7, 1.2960011708892819*^-6, 0.0003333798185620814}, 
   {0, 1.2960010822096553*^-6, 0.9999647612582945, 1.296001424820061*^-6}, 
   {-5.553782298396397*^-6, 0.00033337981856132264, 1.2960008261210908*^-6, 
    -1.948648450378343*^-7}}, {{-0.5248723940297004, -5.553782465254117*^-6, 
    5.553782427361861*^-6, 0}, {-5.5537821438700166*^-6, 
    -1.9486483954569978*^-7, 0.0003333798185597331, 1.2960013985809402*^-6}, 
   {5.5537821817849324*^-6, 0.00033337981856705265, -1.9486484248432134*^-7, 
    1.296001427829696*^-6}, {0, 1.2960008526636114*^-6, 
    1.2960008234984938*^-6, 0.999964761258294}}}, 
 {{{0., 0.003526246953071406, 0.0035262469530712164, 0.0035262469530720248}, 
   {-0.003526246953071406, 0., -0.003575471147220271, 0.0035754711472161084}, 
   {-0.0035262469530712164, 0.003575471147220271, 0., -0.003575471147215766}, 
   {-0.0035262469530720248, -0.0035754711472161084, 0.003575471147215766, 
    0.}}, {{0., 0.003526246953070979, 0.0035262469530712728, 
    0.0035262469530723253}, {-0.003526246953070979, 0., 
    -0.003575471147219426, 0.0035754711472158174}, 
   {-0.0035262469530712728, 0.003575471147219426, 0., -0.003575471147215843}, 
   {-0.0035262469530723253, -0.0035754711472158174, 0.003575471147215843, 
    0.}}}, {0, 0}, {{-1.5745867825358897, -1.574574567258124}, 
  {-0.7873249623105342, -0.39367833277517117, 0.00001585161990408368}, 
  {-1.5745990830724603, -1.5745868677946946}, {{2, 1.8696280026922127*^-6}, 
   {3, 1.6255211934376908*^-6}, {4, 1.4117425243057036*^-6}, 
   {5, 1.227301026958047*^-6}, {6, 1.0663377797812297*^-6}, 
   {7, 9.273693744745425*^-7}}, {{2, 0.00004811071808607419}, 
   {3, 0.00004840082039444185}, {4, 0.00004865143102426167}, 
   {5, 0.00004886996863135329}, {6, 0.000049059101887624876}, 
   {7, 0.000049224194145667914}}, {2.08929452757712*^-15, 
   0.9997885861754241}}}
{8, 20, {{{-0.5248723940296989, 0, -5.553782182005952*^-6, 
    5.553782297560794*^-6}, {0, 0.9999647612582943, 1.2960011732440063*^-6, 
    1.2960014004542722*^-6}, {-5.553782427300685*^-6, 1.2960010798725966*^-6, 
    -1.948648389038521*^-7, 0.0003333798185600858}, 
   {5.553782311701355*^-6, 1.2960008505411095*^-6, 0.0003333798185639099, 
    -1.948648473953235*^-7}}, {{-0.5248723940296987, 5.553782144784719*^-6, 
    0, -5.553782310862923*^-6}, {5.553782464476898*^-6, 
    -1.9486484023785444*^-7, 1.2960011708892819*^-6, 0.0003333798185620814}, 
   {0, 1.2960010822096553*^-6, 0.9999647612582945, 1.296001424820061*^-6}, 
   {-5.553782298396397*^-6, 0.00033337981856132264, 1.2960008261210908*^-6, 
    -1.948648450378343*^-7}}, {{-0.5248723940297004, -5.553782465254117*^-6, 
    5.553782427361861*^-6, 0}, {-5.5537821438700166*^-6, 
    -1.9486483954569978*^-7, 0.0003333798185597331, 1.2960013985809402*^-6}, 
   {5.5537821817849324*^-6, 0.00033337981856705265, -1.9486484248432134*^-7, 
    1.296001427829696*^-6}, {0, 1.2960008526636114*^-6, 
    1.2960008234984938*^-6, 0.999964761258294}}}, 
 {{{0., 0.003526246953071406, 0.0035262469530712164, 0.0035262469530720248}, 
   {-0.003526246953071406, 0., -0.003575471147220271, 0.0035754711472161084}, 
   {-0.0035262469530712164, 0.003575471147220271, 0., -0.003575471147215766}, 
   {-0.0035262469530720248, -0.0035754711472161084, 0.003575471147215766, 
    0.}}, {{0., 0.003526246953070979, 0.0035262469530712728, 
    0.0035262469530723253}, {-0.003526246953070979, 0., 
    -0.003575471147219426, 0.0035754711472158174}, 
   {-0.0035262469530712728, 0.003575471147219426, 0., -0.003575471147215843}, 
   {-0.0035262469530723253, -0.0035754711472158174, 0.003575471147215843, 
    0.}}}, {0, 0}, {{-1.5745867825358897, -1.574574567258124}, 
  {-0.7873249623105342, -0.39367833277517117, 0.00001585161990408368}, 
  {-1.5745990830724603, -1.5745868677946946}, {{2, 1.8696280026922127*^-6}, 
   {3, 1.6255211934376908*^-6}, {4, 1.4117425243057036*^-6}, 
   {5, 1.227301026958047*^-6}, {6, 1.0663377797812297*^-6}, 
   {7, 9.273693744745425*^-7}}, {{2, 0.00004811071808607419}, 
   {3, 0.00004840082039444185}, {4, 0.00004865143102426167}, 
   {5, 0.00004886996863135329}, {6, 0.000049059101887624876}, 
   {7, 0.000049224194145667914}}, {2.08929452757712*^-15, 
   0.9997885861754241}}}
