{6, 32, {{{-0.5248704774651649, 0, -5.095167535798596*^-8, 
    5.095167535383244*^-8}, {0, 0.999999724020336, 1.1436035569878898*^-8, 
    1.1436035690981472*^-8}, {-5.0951675320676606*^-8, 
    1.1436036006345152*^-8, -3.9046816552659735*^-9, 1.241154519990832*^-7}, 
   {5.0951675355094546*^-8, 1.1436035871119102*^-8, 1.2411545183225814*^-7, 
    -3.9046817810334256*^-9}}, {{-0.5248704774651647, 5.0951675348589664*^-8, 
    0, -5.095167535563444*^-8}, {5.095167532516884*^-8, 
    -3.904681777130298*^-9, 1.1436036000200124*^-8, 1.241154518036531*^-7}, 
   {0, 1.1436035558787204*^-8, 0.9999997240203359, 1.1436035910335477*^-8}, 
   {-5.0951675355047145*^-8, 1.241154520763666*^-7, 1.1436035650070598*^-8, 
    -3.904681772359808*^-9}}, {{-0.524870477465165, -5.0951675325006175*^-8, 
    5.095167533897851*^-8, 0}, {-5.095167526132024*^-8, 
    -3.904681742869509*^-9, 1.2411545207500894*^-7, 1.143603586955631*^-8}, 
   {5.095167525876828*^-8, 1.2411545179123708*^-7, -3.904681827870959*^-9, 
    1.1436035650668057*^-8}, {0, 1.143603568790112*^-8, 
    1.1436035918126391*^-8, 0.9999997240203359}}}, 
 {{{0., 0.00015484994208383538, 0.00015484994208382947, 
    0.00015484994208383096}, {-0.00015484994208383538, 0., 
    -0.00015927588737627972, 0.00015927588737626392}, 
   {-0.00015484994208382947, 0.00015927588737627972, 0., 
    -0.00015927588737636586}, {-0.00015484994208383096, 
    -0.00015927588737626392, 0.00015927588737636586, 0.}}, 
  {{0., 0.0001548499420838665, 0.0001548499420838354, 0.0001548499420838309}, 
   {-0.0001548499420838665, 0., -0.00015927588737629257, 
    0.0001592758873763012}, {-0.0001548499420838354, 0.00015927588737629257, 
    0., -0.00015927588737634326}, {-0.0001548499420838309, 
    -0.0001592758873763012, 0.00015927588737634326, 0.}}}, {0, 0}, 
 {{-1.57461053335434, -1.5746099969384058}, {-6.298446748030856, 
   -1.5746110697702738, -1.5746123042451543}, {-1.5746110774362367, 
   -1.5746105410203024}, {{2, 0.00007446059808129195}, 
   {3, 0.000029148366379903087}, {4, 0.000011410428737128483}, 
   {5, 4.466730242934814*^-6}}, {{2, 0.10178049199195817}, 
   {3, 0.04208155196300763}, {4, 0.02181711860141259}, 
   {5, 0.01429107829460273}}, {1.6326767193859117*^-23, 0.9999983441231579}}}
