{3, 28, {{{-0.5208930043807309, 0, -0.0022889403715110708, 
    0.0022889403715110634}, {0, 0.9888428382470419, 0.00006880232039481048, 
    0.0000688023203947901}, {-0.0022889403715110426, 0.00006880232039478489, 
    0.00032341291810009717, 0.005482971587731898}, 
   {0.0022889403715110708, 0.00006880232039481959, 0.005482971587731824, 
    0.0003234129181000781}}, {{-0.5208930043807309, 0.0022889403715110786, 0, 
    -0.0022889403715110617}, {0.002288940371511037, 0.00032341291810008416, 
    0.00006880232039478901, 0.005482971587731862}, 
   {0, 0.00006880232039482479, 0.9888428382470421, 0.00006880232039483826}, 
   {-0.002288940371511063, 0.005482971587731867, 0.00006880232039478999, 
    0.00032341291810006334}}, {{-0.5208930043807309, -0.00228894037151107, 
    0.002288940371511048, 0}, {-0.0022889403715110127, 0.0003234129181000399, 
    0.005482971587731876, 0.00006880232039484268}, 
   {0.0022889403715110044, 0.005482971587731921, 0.00032341291810006334, 
    0.00006880232039479434}, {0, 0.00006880232039478684, 
    0.00006880232039482697, 0.988842838247042}}}, 
 {{{0., 0.03372568075817103, 0.03372568075817103, 0.033725680758171055}, 
   {-0.03372568075817103, 0., -0.03104956301908636, 0.031049563019086242}, 
   {-0.03372568075817103, 0.03104956301908636, 0., -0.031049563019086242}, 
   {-0.033725680758171055, -0.031049563019086242, 0.031049563019086242, 0.}}, 
  {{0., 0.03372568075817102, 0.033725680758171034, 0.03372568075817113}, 
   {-0.03372568075817102, 0., -0.031049563019086256, 0.031049563019086415}, 
   {-0.033725680758171034, 0.031049563019086256, 0., -0.03104956301908641}, 
   {-0.03372568075817113, -0.031049563019086415, 0.03104956301908641, 0.}}}, 
 {0, 0}, {{-1.5252903782152196, -1.5019245411780173}, 
  {-6.297621288278298, -1.548656215252419, -1.6001544288867298}, 
  {-1.5477291808741935, -1.5243633438369912}, {{2, 0.00020707377078542366}}, 
  {{2, 0.03967477718646731}}, {8.960514659146228*^-10, 0.934896717386216}}}
