{3, 28, {{{-0.523904993332318, 0, -0.0005342938755288602, 
    0.0005342938755288627}, {0, 0.9972802605191633, 0.000016697372967182887, 
    0.0000166973729671309}, {-0.0005342938755288395, 0.0000166973729671309, 
    0.00007224551158066007, 0.0013207061996799853}, 
   {0.0005342938755288373, 0.00001669737296713849, 0.0013207061996800106, 
    0.00007224551158087171}}, {{-0.5239049933323181, 0.0005342938755288758, 
    0, -0.0005342938755288704}, {0.0005342938755288477, 
    0.00007224551158069824, 0.000016697372967119245, 0.0013207061996800091}, 
   {0, 0.00001669737296718034, 0.9972802605191633, 0.000016697372967104137}, 
   {-0.0005342938755288398, 0.00132070619967997, 0.000016697372967183094, 
    0.00007224551158069303}}, {{-0.5239049933323184, -0.0005342938755288527, 
    0.0005342938755288379, 0}, {-0.0005342938755288156, 
    0.0000722455115805291, 0.0013207061996801325, 0.000016697372967147326}, 
   {0.0005342938755288208, 0.0013207061996802164, 0.00007224551158066528, 
    0.00001669737296718015}, {0, 0.000016697372967123554, 
    0.000016697372967098543, 0.9972802605191633}}}, 
 {{{0., 0.01663070325399832, 0.016630703253998326, 0.01663070325399834}, 
   {-0.01663070325399832, 0., -0.015324367599724695, 0.015324367599724597}, 
   {-0.016630703253998326, 0.015324367599724695, 0., -0.015324367599724574}, 
   {-0.01663070325399834, -0.015324367599724597, 0.015324367599724574, 0.}}, 
  {{0., 0.016630703253998298, 0.016630703253998312, 0.016630703253998368}, 
   {-0.016630703253998298, 0., -0.015324367599724605, 0.015324367599724676}, 
   {-0.016630703253998312, 0.015324367599724605, 0., -0.015324367599724671}, 
   {-0.016630703253998368, -0.015324367599724676, 0.015324367599724671, 
    0.}}}, {0, 0}, {{-1.562509020985096, -1.5567479763847913}, 
  {-6.298438805109163, -1.5682700655854018, -1.5809493369691798}, 
  {-1.5680438016129072, -1.5622827570126026}, {{2, 0.00010421140073282875}}, 
  {{2, 0.039274817015318444}}, {1.2950763349562888*^-11, 0.9837921163201463}}}
