{8, 32, {{{-0.5237787894352819, 0, -0.0006423509593285338, 
    0.0006423509593285089}, {0, 0.996654492990003, 0.00009031314509389102, 
    0.00009031314509384364}, {-0.0006423509593285106, 0.00009031314509387763, 
    0.00001060981575501125, 0.0015599831495576079}, 
   {0.000642350959328527, 0.00009031314509376715, 0.0015599831495576812, 
    0.00001060981575516564}}, {{-0.523778789435282, 0.0006423509593285454, 0, 
    -0.0006423509593285112}, {0.0006423509593285143, 0.000010609815754960943, 
    0.0000903131450938821, 0.0015599831495576777}, 
   {0, 0.00009031314509388866, 0.996654492990003, 0.00009031314509378296}, 
   {-0.0006423509593285312, 0.001559983149557632, 0.00009031314509383965, 
    0.000010609815755180385}}, {{-0.5237787894352822, -0.0006423509593285005, 
    0.0006423509593285013, 0}, {-0.0006423509593284487, 
    0.000010609815754877676, 0.0015599831495576731, 0.00009031314509378683}, 
   {0.0006423509593284539, 0.0015599831495578113, 0.000010609815754930585, 
    0.00009031314509385063}, {0, 0.00009031314509383795, 
    0.00009031314509376986, 0.9966544929900031}}}, 
 {{{0., 0.017642205465352168, 0.01764220546535217, 0.01764220546535218}, 
   {-0.017642205465352168, 0., -0.017318769912284857, 0.01731876991228484}, 
   {-0.01764220546535217, 0.017318769912284857, 0., -0.01731876991228484}, 
   {-0.01764220546535218, -0.01731876991228484, 0.01731876991228484, 0.}}, 
  {{0., 0.017642205465352154, 0.017642205465352164, 0.017642205465352216}, 
   {-0.017642205465352154, 0., -0.01731876991228478, 0.017318769912284926}, 
   {-0.017642205465352164, 0.01731876991228478, 0., -0.017318769912284933}, 
   {-0.017642205465352216, -0.017318769912284926, 0.017318769912284933, 
    0.}}}, {0, 0}, {{-1.5602906105424776, -1.5535680273732937}, 
  {-6.298397142824334, -1.5670131937116607, -1.5821853777005064}, 
  {-1.566951570962463, -1.5602289877932791}, {{2, 0.008441591036152656}, 
   {3, 0.003322726030188815}, {4, 0.0013096405560884261}, 
   {5, 0.0005164948212950798}, {6, 0.0002037439689921844}, 
   {7, 0.00008037954583556273}}, {{2, 0.07908213875519612}, 
   {3, 0.021631872715355497}, {4, 0.0020678515649018517}, 
   {5, 0.005239409220400605}, {6, 0.008062062821404183}, 
   {7, 0.009166528348808597}}, {2.6983746906522408*^-11, 0.9800940971876662}}}
