{12, 40, {{{-0.5235415684588984, 0, -0.0008140058296964823, 
    0.0008140058296964656}, {0, 0.9957070116499744, 0.00016642442927176048, 
    0.0001664244292717621}, {-0.0008140058296964398, 0.00016642442927185334, 
    -0.000042216954218690476, 0.0019571469779743824}, 
   {0.000814005829696458, 0.00016642442927167916, 0.001957146977974417, 
    -0.00004221695421850139}}, {{-0.5235415684588984, 0.0008140058296964763, 
    0, -0.0008140058296964644}, {0.0008140058296964409, 
    -0.000042216954218671394, 0.00016642442927184206, 0.0019571469779744426}, 
   {0, 0.00016642442927176308, 0.9957070116499744, 0.00016642442927170402}, 
   {-0.0008140058296964522, 0.001957146977974342, 0.00016642442927173793, 
    -0.000042216954218549096}}, 
  {{-0.5235415684588987, -0.0008140058296964385, 0.0008140058296964437, 0}, 
   {-0.0008140058296963984, -0.00004221695421871997, 0.0019571469779744713, 
    0.0001664244292716978}, {0.0008140058296963933, 0.001957146977974523, 
    -0.00004221695421871563, 0.00016642442927176227}, 
   {0, 0.00016642442927176, 0.0001664244292716848, 0.9957070116499747}}}, 
 {{{0., 0.03891199428834789, 0.03891199428834789, 0.03891199428834806}, 
   {-0.03891199428834789, 0., -0.039645041982507845, 0.03964504198250764}, 
   {-0.03891199428834789, 0.039645041982507845, 0., -0.039645041982507664}, 
   {-0.03891199428834806, -0.03964504198250764, 0.039645041982507664, 0.}}, 
  {{0., 0.0389119942883479, 0.038911994288347906, 0.03891199428834811}, 
   {-0.0389119942883479, 0., -0.03964504198250768, 0.03964504198250787}, 
   {-0.038911994288347906, 0.03964504198250768, 0., -0.0396450419825079}, 
   {-0.03891199428834811, -0.03964504198250787, 0.0396450419825079, 0.}}}, 
 {0, 0}, {{-1.5562929025091155, -1.54416134330549}, 
  {-6.298324965489614, -1.5684244617127403, -1.5807380210320665}, 
  {-1.5685387325392992, -1.5564071733356737}, {{2, 0.00008421789900622811}, 
   {3, 0.00006631279375095278}, {4, 0.00005221475595430097}, 
   {5, 0.000041114200424345604}, {6, 0.00003237371554844909}, 
   {7, 0.000025491471218240525}, {8, 0.000020072365736728548}, 
   {9, 0.000015805318470424323}, {10, 0.000012445396898388972}, 
   {11, 9.799747599181785*^-6}}, {{2, 0.013012587785473284}, 
   {3, 0.012143383787566357}, {4, 0.011461080091819495}, 
   {5, 0.010925131383177942}, {6, 0.010503924357768086}, 
   {7, 0.010172757944746785}, {8, 0.009912300277301476}, 
   {9, 0.009707402020862444}, {10, 0.009546179349382662}, 
   {11, 0.009419302551389851}}, {3.882695143708368*^-9, 0.9745169388465884}}}
