{5, 32, {{{-0.5245890888479434, 0, -0.00018548354217305486, 
    0.00018548354217305104}, {0, 0.9989592821182872, 0.00006778904505870228, 
    0.00006778904505883246}, {-0.00018548354217299797, 
    0.00006778904505876892, -0.0000423066849513736, 0.0004454165610924366}, 
   {0.00018548354217306993, 0.00006778904505872498, 0.0004454165610923027, 
    -0.00004230668495141393}}, {{-0.5245890888479435, 0.0001854835421730552, 
    0, -0.0001854835421730584}, {0.00018548354217301223, 
    -0.00004230668495134064, 0.00006778904505876999, 0.0004454165610925375}, 
   {0, 0.00006778904505872936, 0.9989592821182871, 0.0000677890450587395}, 
   {-0.0001854835421730678, 0.00044541656109224544, 0.00006778904505880356, 
    -0.00004230668495117107}}, {{-0.5245890888479441, -0.0001854835421730223, 
    0.00018548354217301513, 0}, {-0.00018548354217296897, 
    -0.000042306684951369695, 0.00044541656109239777, 
    0.00006778904505871499}, {0.00018548354217296832, 0.00044541656109227726, 
    -0.00004230668495136536, 0.00006778904505879628}, 
   {0, 0.00006778904505883359, 0.00006778904505864808, 0.9989592821182878}}}, 
 {{{0., 0.017910783221985194, 0.017910783221985145, 0.017910783221985194}, 
   {-0.017910783221985194, 0., -0.01995858231995066, 0.01995858231995052}, 
   {-0.017910783221985145, 0.01995858231995066, 0., -0.01995858231995048}, 
   {-0.017910783221985194, -0.01995858231995052, 0.01995858231995048, 0.}}, 
  {{0., 0.017910783221985093, 0.017910783221985114, 0.017910783221985208}, 
   {-0.017910783221985093, 0., -0.01995858231995059, 0.01995858231995059}, 
   {-0.017910783221985114, 0.01995858231995059, 0., -0.01995858231995064}, 
   {-0.017910783221985208, -0.01995858231995059, 0.01995858231995064, 0.}}}, 
 {0, 0}, {{-1.5699895686203758, -1.5668873299659936}, 
  {-6.2991282252136465, -1.57309180727476, -1.5764723053320633}, 
  {-1.5732691518788273, -1.5701669132244451}, {{2, 0.004876250026092632}, 
   {3, 0.003821376934563709}, {4, 0.0029949616235133633}}, 
  {{2, 0.3989328603978873}, {3, 0.1688271927717494}, 
   {4, 0.05716665409282007}}, {6.320888621099957*^-11, 0.9937719165890531}}}
{5, 32, {{{-0.5245890888479435, 0, -0.00018548354217307446, 
    0.00018548354217306367}, {0, 0.9989592821182872, 0.00006778904505882411, 
    0.00006778904505871709}, {-0.0001854835421730288, 0.00006778904505885782, 
    -0.000042306684951276454, 0.00044541656109248304}, 
   {0.0001854835421730616, 0.00006778904505879823, 0.00044541656109226983, 
    -0.00004230668495119709}}, {{-0.5245890888479435, 0.0001854835421730768, 
    0, -0.00018548354217306113}, {0.0001854835421730223, 
    -0.000042306684951295536, 0.0000677890450588528, 0.0004454165610923784}, 
   {0, 0.00006778904505882403, 0.9989592821182873, 0.00006778904505883813}, 
   {-0.00018548354217306142, 0.00044541656109242347, 0.00006778904505867501, 
    -0.000042306684951393114}}, 
  {{-0.5245890888479439, -0.0001854835421730395, 0.0001854835421730433, 0}, 
   {-0.00018548354217296146, -0.000042306684951442554, 0.0004454165610923215, 
    0.00006778904505878511}, {0.00018548354217296704, 0.0004454165610922039, 
    -0.00004230668495142087, 0.00006778904505865715}, 
   {0, 0.00006778904505871605, 0.00006778904505884385, 0.9989592821182877}}}, 
 {{{0., 0.017910783221985138, 0.01791078322198517, 0.01791078322198518}, 
   {-0.017910783221985138, 0., -0.01995858231995034, 0.019958582319950603}, 
   {-0.01791078322198517, 0.01995858231995034, 0., -0.019958582319950603}, 
   {-0.01791078322198518, -0.019958582319950603, 0.019958582319950603, 0.}}, 
  {{0., 0.017910783221985117, 0.01791078322198511, 0.01791078322198522}, 
   {-0.017910783221985117, 0., -0.019958582319950444, 0.019958582319950707}, 
   {-0.01791078322198511, 0.019958582319950444, 0., -0.019958582319950763}, 
   {-0.01791078322198522, -0.019958582319950707, 0.019958582319950763, 0.}}}, 
 {0, 0}, {{-1.569989568620377, -1.566887329965995}, 
  {-6.2991282252136465, -1.5730918072747597, -1.5764723053320635}, 
  {-1.5732691518788287, -1.5701669132244465}, {{2, 0.0048762500260926345}, 
   {3, 0.003821376934563631}, {4, 0.0029949616235133286}}, 
  {{2, 0.39893286039788756}, {3, 0.16882719277175}, 
   {4, 0.05716665409282005}}, {6.320888621099952*^-11, 0.9937719165890533}}}
{5, 32, {{{-0.5245890888479435, 0, -0.00018548354217307446, 
    0.00018548354217306367}, {0, 0.9989592821182872, 0.00006778904505882411, 
    0.00006778904505871709}, {-0.0001854835421730288, 0.00006778904505885782, 
    -0.000042306684951276454, 0.00044541656109248304}, 
   {0.0001854835421730616, 0.00006778904505879823, 0.00044541656109226983, 
    -0.00004230668495119709}}, {{-0.5245890888479435, 0.0001854835421730768, 
    0, -0.00018548354217306113}, {0.0001854835421730223, 
    -0.000042306684951295536, 0.0000677890450588528, 0.0004454165610923784}, 
   {0, 0.00006778904505882403, 0.9989592821182873, 0.00006778904505883813}, 
   {-0.00018548354217306142, 0.00044541656109242347, 0.00006778904505867501, 
    -0.000042306684951393114}}, 
  {{-0.5245890888479439, -0.0001854835421730395, 0.0001854835421730433, 0}, 
   {-0.00018548354217296146, -0.000042306684951442554, 0.0004454165610923215, 
    0.00006778904505878511}, {0.00018548354217296704, 0.0004454165610922039, 
    -0.00004230668495142087, 0.00006778904505865715}, 
   {0, 0.00006778904505871605, 0.00006778904505884385, 0.9989592821182877}}}, 
 {{{0., 0.017910783221985138, 0.01791078322198517, 0.01791078322198518}, 
   {-0.017910783221985138, 0., -0.01995858231995034, 0.019958582319950603}, 
   {-0.01791078322198517, 0.01995858231995034, 0., -0.019958582319950603}, 
   {-0.01791078322198518, -0.019958582319950603, 0.019958582319950603, 0.}}, 
  {{0., 0.017910783221985117, 0.01791078322198511, 0.01791078322198522}, 
   {-0.017910783221985117, 0., -0.019958582319950444, 0.019958582319950707}, 
   {-0.01791078322198511, 0.019958582319950444, 0., -0.019958582319950763}, 
   {-0.01791078322198522, -0.019958582319950707, 0.019958582319950763, 0.}}}, 
 {0, 0}, {{-1.569989568620377, -1.566887329965995}, 
  {-6.2991282252136465, -1.5730918072747597, -1.5764723053320635}, 
  {-1.5732691518788287, -1.5701669132244465}, {{2, 0.0048762500260926345}, 
   {3, 0.003821376934563631}, {4, 0.0029949616235133286}}, 
  {{2, 0.39893286039788756}, {3, 0.16882719277175}, 
   {4, 0.05716665409282005}}, {6.320888621099952*^-11, 0.9937719165890533}}}
