{3, 28, {{{-0.5248754592558094, 0, -8.960283874932813*^-9, 
    8.960283896081095*^-9}, {0, 0.999999949695501, -1.76477257535084*^-8, 
    -1.7647725645746376*^-8}, {-8.96028387925472*^-9, -1.76477256305998*^-8, 
    2.16022268025029*^-8, 4.1520107542053144*^-8}, 
   {8.960283895983947*^-9, -1.7647725738204846*^-8, 4.1520107487711984*^-8, 
    2.160222694821967*^-8}}, {{-0.5248754592558095, 8.960283882355827*^-9, 0, 
    -8.960283898241614*^-9}, {8.960283880723338*^-9, 2.160222687189184*^-8, 
    -1.7647725620699046*^-8, 4.152010752963513*^-8}, 
   {0, -1.7647725753399386*^-8, 0.9999999496955012, -1.7647725642301863*^-8}, 
   {-8.96028389590393*^-9, 4.152010748257195*^-8, -1.7647725744985864*^-8, 
    2.1602226785155665*^-8}}, {{-0.5248754592558096, -8.960283880372663*^-9, 
    8.960283871410785*^-9, 0}, {-8.960283871034294*^-9, 
    2.1602226771277877*^-8, 4.1520107487929843*^-8, -1.764772574317233*^-8}, 
   {8.96028387236927*^-9, 4.152010741088529*^-8, 2.1602226896177967*^-8, 
    -1.7647725749495888*^-8}, {0, -1.7647725643335085*^-8, 
    -1.76477256451285*^-8, 0.999999949695501}}}, 
 {{{0., 0.00011221463331103463, 0.00011221463331102533, 
    0.00011221463331102525}, {-0.00011221463331103463, 0., 
    -0.0000386710248937386, 0.00003867102489368038}, 
   {-0.00011221463331102533, 0.0000386710248937386, 0., 
    -0.00003867102489367835}, {-0.00011221463331102525, 
    -0.00003867102489368038, 0.00003867102489367835, 0.}}, 
  {{0., 0.00011221463331101265, 0.00011221463331102438, 
    0.0001122146333110252}, {-0.00011221463331101265, 0., 
    -0.0000386710248936371, 0.000038671024893701}, 
   {-0.00011221463331102438, 0.0000386710248936371, 0., 
    -0.00003867102489369267}, {-0.0001122146333110252, -0.000038671024893701, 
    0.00003867102489369267, 0.}}}, {0, 0}, 
 {{-1.5746224491040837, -1.5746185618751605}, 
  {-6.298614081774077, -1.5746263363330093, -1.5746807045540292}, 
  {-1.574625062520345, -1.5746211752914219}, {{2, 1.7288451653130546*^-7}}, 
  {{2, 1.3107668090577136}}, {3.344368264759292*^-27, 0.9999996981730443}}}
