{14, 35, {{{-0.523809761444609, 0, -0.0007134181050732094, 
    0.0007134181050731845}, {0, 0.9945764706410052, 0.0002424968246759118, 
    0.0002424968246761178}, {-0.0007134181050732233, 0.000242496824676329, 
    -0.005292432754237811, -0.022916804444330828}, 
   {0.0007134181050731749, 0.0002424968246760844, -0.02291680444433098, 
    -0.005292432754237805}}, {{-0.5238097614446091, 0.0007134181050732131, 0, 
    -0.0007134181050731859}, {0.0007134181050732044, -0.005292432754237599, 
    0.00024249682467646257, -0.022916804444330568}, 
   {0, 0.00024249682467605317, 0.994576470641005, 0.00024249682467588344}, 
   {-0.0007134181050731752, -0.022916804444330877, 0.00024249682467603338, 
    -0.00529243275423763}}, {{-0.5238097614446089, -0.0007134181050732406, 
    0.0007134181050732352, 0}, {-0.0007134181050732454, 
    -0.005292432754238132, -0.02291680444432999, 0.00024249682467629386}, 
   {0.0007134181050732464, -0.022916804444329916, -0.0052924327542385186, 
    0.0002424968246762037}, {0, 0.0002424968246763073, 
    0.00024249682467608106, 0.9945764706410049}}}, 
 {{{0., 0.03416295136863484, 0.034162951368634786, 0.034162951368634814}, 
   {-0.03416295136863484, 0., -0.040789075338308486, 0.04078907533830891}, 
   {-0.034162951368634786, 0.040789075338308486, 0., -0.04078907533830906}, 
   {-0.034162951368634814, -0.04078907533830891, 0.04078907533830906, 0.}}, 
  {{0., 0.03416295136863484, 0.034162951368634786, 0.03416295136863484}, 
   {-0.03416295136863484, 0., -0.04078907533830829, 0.04078907533830877}, 
   {-0.034162951368634786, 0.04078907533830829, 0., -0.040789075338308944}, 
   {-0.03416295136863484, -0.04078907533830877, 0.040789075338308944, 0.}}}, 
 {0, 0}, {{-1.5608604055968964, -0.7770456725306266, -0.003384530267821595, 
   -1.5574758753290747, -0.7905837936019017}, 
  {-1.503713201124951, 0.038543750434906224}, {{2, 0.009297027553650528}, 
   {3, 0.0031662883250983334}, {4, 0.0010932276380522382}, 
   {5, 0.0003791493331146978}, {6, 0.0001317095898600712}, 
   {7, 0.00004577979629174361}, {8, 0.000015915395065818627}, 
   {9, 5.533390591991316*^-6}, {10, 1.9238702755886017*^-6}, 
   {11, 6.68904183070973*^-7}, {12, 2.325697978367014*^-7}, 
   {13, 8.086175511817784*^-8}}, {{2, 0.09741485818839953}, 
   {3, 0.09715082223378235}, {4, 0.09704067784162476}, 
   {5, 0.09700022029576735}, {6, 0.09698589702936344}, 
   {7, 0.0969808861594334}, {8, 0.09697914021862647}, 
   {9, 0.09697853272606796}, {10, 0.09697832145370223}, 
   {11, 0.0969782479902065}, {12, 0.09697822244701435}, 
   {13, 0.09697821356584897}}, {4.6053555141249474*^-9, 0.9678968662302576}}}
