{21, 40, {{{-0.5238092423786678, 0, -0.0007134548214472311, 
    0.0007134548214471847}, {0, 0.994576388186315, 0.00024249355068323066, 
    0.0002424935506827393}, {-0.0007134548214472326, 0.0002424935506829956, 
    -0.00529237988669955, -0.022916811214449412}, 
   {0.0007134548214472005, 0.00024249355068268943, -0.0229168112144493, 
    -0.005292379886699928}}, {{-0.5238092423786678, 0.0007134548214472337, 0, 
    -0.0007134548214471873}, {0.0007134548214472338, -0.005292379886699529, 
    0.00024249355068302553, -0.022916811214449405}, 
   {0, 0.0002424935506832532, 0.9945763881863152, 0.0002424935506827372}, 
   {-0.000713454821447199, -0.02291681121444928, 0.00024249355068270943, 
    -0.005292379886699838}}, {{-0.5238092423786682, -0.0007134548214472747, 
    0.000713454821447266, 0}, {-0.0007134548214472545, -0.005292379886700115, 
    -0.022916811214448142, 0.00024249355068290367}, 
   {0.0007134548214472673, -0.022916811214448194, -0.005292379886700088, 
    0.00024249355068292378}, {0, 0.0002424935506829518, 
    0.0002424935506829367, 0.9945763881863147}}}, 
 {{{0., 0.03416333677343248, 0.03416333677343248, 0.03416333677343249}, 
   {-0.03416333677343248, 0., -0.04078929756483899, 0.04078929756483993}, 
   {-0.03416333677343248, 0.04078929756483899, 0., -0.04078929756483985}, 
   {-0.03416333677343249, -0.04078929756483993, 0.04078929756483985, 0.}}, 
  {{0., 0.03416333677343247, 0.03416333677343245, 0.0341633367734325}, 
   {-0.03416333677343247, 0., -0.040789297564839094, 0.04078929756483994}, 
   {-0.03416333677343245, 0.040789297564839094, 0., -0.04078929756483987}, 
   {-0.0341633367734325, -0.04078929756483994, 0.04078929756483987, 0.}}}, 
 {0, 0}, {{-6.243435432326037, -0.7770448739659606, -2.344672842197058}, 
  {-1.5037109843403895, 0.03854423658199754}, {{2, 0.009297120623638161}, 
   {3, 0.0031663340852099986}, {4, 0.0010932509539907098}, 
   {5, 0.00037916013487233197}, {6, 0.00013171430322646283}, 
   {7, 0.000045781771052008646}, {8, 0.000015916198896591405}, 
   {9, 5.533710890036347*^-6}, {10, 1.9239958379685396*^-6}, 
   {11, 6.689527775605164*^-7}, {12, 2.325884107812204*^-7}, 
   {13, 8.086882312408061*^-8}, {14, 2.8117346805023313*^-8}, 
   {15, 9.776143922168856*^-9}, {16, 3.3990759651381097*^-9}, 
   {17, 1.1818278439212904*^-9}, {18, 4.109105278260472*^-10}, 
   {19, 1.42870153208019*^-10}, {20, 4.967428551827524*^-11}}, 
  {{2, 0.09741140522586544}, {3, 0.09714735642745484}, 
   {4, 0.09703720517540582}, {5, 0.09699674467424481}, 
   {6, 0.09698242023772687}, {7, 0.09697740891904513}, 
   {8, 0.09697566280867254}, {9, 0.09697505525258822}, 
   {10, 0.09697484395656378}, {11, 0.09697477048429799}, 
   {12, 0.09697474493786892}, {13, 0.09697473605551243}, 
   {14, 0.0969747329671864}, {15, 0.09697473189340236}, 
   {16, 0.09697473152005706}, {17, 0.09697473139024866}, 
   {18, 0.09697473134511503}, {19, 0.09697473132942325}, 
   {20, 0.09697473132396708}}, {4.605506061217848*^-9, 0.9678963847733445}}}
