{6, 32, {{{-0.5248618991808931, 0, -5.11558188736489*^-6, 
    5.11558188739183*^-6}, {0, 0.9999726106338842, 9.241371574929861*^-7, 
    9.241371585436758*^-7}, {-5.115581887366106*^-6, 9.241371592547125*^-7, 
    -1.4889173840767003*^-7, 0.000012520257773958822}, 
   {5.115581887371513*^-6, 9.241371596663197*^-7, 0.00001252025777288096, 
    -1.4889173858331078*^-7}}, {{-0.5248618991808938, 5.11558188737863*^-6, 
    0, -5.115581887387368*^-6}, {5.115581887366212*^-6, 
    -1.4889173805205172*^-7, 9.241371592608395*^-7, 0.000012520257773351779}, 
   {0, 9.241371574931942*^-7, 0.9999726106338843, 9.241371591490205*^-7}, 
   {-5.115581887375009*^-6, 0.000012520257773483384, 9.241371590580707*^-7, 
    -1.488917396597067*^-7}}, {{-0.5248618991808949, -5.115581887343652*^-6, 
    5.115581887330767*^-6, 0}, {-5.115581887304673*^-6, 
    -1.4889173918525983*^-7, 0.000012520257773434809, 9.241371596599543*^-7}, 
   {5.115581887309574*^-6, 0.00001252025777326933, -1.4889173843846137*^-7, 
    9.241371590555416*^-7}, {0, 9.241371585378618*^-7, 9.241371591511428*^-7, 
    0.9999726106338851}}}, 
 {{{0., 0.0015708544742842993, 0.0015708544742843097, 0.0015708544742843128}, 
   {-0.0015708544742842993, 0., -0.001576158311138149, 
    0.0015761583111382007}, {-0.0015708544742843097, 0.001576158311138149, 
    0., -0.0015761583111382196}, {-0.0015708544742843128, 
    -0.0015761583111382007, 0.0015761583111382196, 0.}}, 
  {{0., 0.0015708544742843147, 0.0015708544742843037, 0.0015708544742843136}, 
   {-0.0015708544742843147, 0., -0.0015761583111384464, 
    0.0015761583111380585}, {-0.0015708544742843037, 0.0015761583111384464, 
    0., -0.0015761583111382695}, {-0.0015708544742843136, 
    -0.0015761583111380585, 0.0015761583111382695, 0.}}}, {0, 0}, 
 {{-1.5744955573946553, -1.5744411413994386}, 
  {-6.298447592167115, -1.5745499733898698, -1.5746738226936876}, 
  {-1.5745500652550195, -1.5744956492598028}, {{2, 0.0007553754590749846}, 
   {3, 0.00029571239081852213}, {4, 0.0001157659057294206}, 
   {5, 0.00004532040420794506}}, {{2, 0.08703503330774306}, 
   {3, 0.02879878873633058}, {4, 0.009030357875323426}, 
   {5, 0.0016882012117422319}}, {1.5332007331848773*^-17, 
   0.9998356750555569}}}
