{21, 40, {{{-0.5091575702299607, 0, -0.009991455521545189, 
    0.009991455521545137}, {0, 0.9562027139213634, 0.00019193098364951415, 
    0.0001919309836494942}, {-0.009991455521545142, 0.0001919309836494387, 
    0.0017316749789485098, 0.022259948088051304}, 
   {0.009991455521545123, 0.000191930983649417, 0.02225994808805125, 
    0.0017316749789485597}}, {{-0.5091575702299607, 0.00999145552154519, 0, 
    -0.009991455521545138}, {0.00999145552154513, 0.0017316749789485107, 
    0.0001919309836494426, 0.022259948088051287}, 
   {0, 0.0001919309836495098, 0.9562027139213634, 0.00019193098364950531}, 
   {-0.009991455521545116, 0.022259948088051255, 0.00019193098364940535, 
    0.001731674978948522}}, {{-0.5091575702299607, -0.009991455521545092, 
    0.009991455521545088, 0}, {-0.00999145552154509, 0.001731674978948463, 
    0.02225994808805131, 0.00019193098364951285}, 
   {0.009991455521545092, 0.02225994808805131, 0.0017316749789484664, 
    0.00019193098364949312}, {0, 0.00019193098364938058, 
    0.0001919309836493879, 0.9562027139213632}}}, 
 {{{0., 0.13462673206720366, 0.13462673206720369, 0.13462673206720413}, 
   {-0.13462673206720366, 0., -0.12312463732009529, 0.12312463732009464}, 
   {-0.13462673206720369, 0.12312463732009529, 0., -0.12312463732009465}, 
   {-0.13462673206720413, -0.12312463732009464, 0.12312463732009465, 0.}}, 
  {{0., 0.13462673206720366, 0.13462673206720366, 0.13462673206720427}, 
   {-0.13462673206720366, 0., -0.12312463732009485, 0.12312463732009535}, 
   {-0.13462673206720366, 0.12312463732009485, 0., -0.12312463732009535}, 
   {-0.13462673206720427, -0.12312463732009535, 0.12312463732009535, 0.}}}, 
 {0, 0}, {{-1.3936928455651432, -1.2724390687665166}, 
  {-6.285678237291365, -1.5149466223637706, -1.627892496281912}, 
  {-1.5097668471149495, -1.3885130703163229}, {{2, 0.00022269508829048101}, 
   {3, 0.00018712446755370093}, {4, 0.00015716508200941393}, 
   {5, 0.000132015306155836}, {6, 0.000110897403953647}, 
   {7, 0.00009316286608890278}, {8, 0.0000782680978745065}, 
   {9, 0.00006575729311483758}, {10, 0.00005524812422386116}, 
   {11, 0.000046419803919450775}, {12, 0.00003900311374160914}, 
   {13, 0.000032772067495911994}, {14, 0.000027536935972516385}, 
   {15, 0.000023138406703065995}, {16, 0.00001944269125508935}, 
   {17, 0.000016337424350504337}, {18, 0.000013728225256776083}, 
   {19, 0.00001153581350507582}, {20, 9.693588871678704*^-6}}, 
  {{2, 0.03943547089543368}, {3, 0.03998880179402077}, 
   {4, 0.04045201085180898}, {5, 0.04084016587142687}, 
   {6, 0.04116557289360814}, {7, 0.04143847916825104}, 
   {8, 0.041667427995157165}, {9, 0.041859551013405605}, 
   {10, 0.04202080773299975}, {11, 0.04215618260317961}, 
   {12, 0.04226984766299029}, {13, 0.04236529715276295}, 
   {14, 0.04244545918068524}, {15, 0.042512788540085}, 
   {16, 0.04256934398991047}, {17, 0.04261685269167468}, 
   {18, 0.04265676400287434}, {19, 0.04269029443128215}, 
   {20, 0.04271846523529639}}, {3.4839329276082805*^-6, 0.7643633091208134}}}
