{8, 32, {{{-0.5231061457847228, 0, -0.0003130876095265041, 
    0.000313087609526514}, {0, 0.9981185211717871, -0.0007387528306442051, 
    -0.0007387528306450242}, {-0.00031308760952648905, 
    -0.0007387528306444799, 0.0008963985832599235, 0.0016235491093608298}, 
   {0.0003130876095264694, -0.0007387528306439281, 0.0016235491093600282, 
    0.0008963985832598125}}, {{-0.5231061457847224, 0.0003130876095265129, 0, 
    -0.00031308760952651225}, {0.00031308760952646216, 0.0008963985832600102, 
    -0.0007387528306444836, 0.0016235491093598874}, 
   {0, -0.0007387528306442078, 0.9981185211717872, -0.0007387528306442348}, 
   {-0.0003130876095264435, 0.0016235491093607197, -0.0007387528306447577, 
    0.0008963985832595445}}, {{-0.5231061457847237, -0.0003130876095264917, 
    0.0003130876095264754, 0}, {-0.0003130876095264488, 
    0.0008963985832593615, 0.0016235491093612973, -0.0007387528306439236}, 
   {0.00031308760952647344, 0.0016235491093599546, 0.0008963985832593224, 
    -0.0007387528306447629}, {0, -0.0007387528306450536, 
    -0.0007387528306440586, 0.9981185211717887}}}, 
 {{{0., 0.04484521280698987, 0.04484521280698985, 0.04484521280699018}, 
   {-0.04484521280698987, 0., -0.013144003123756905, 0.013144003123757169}, 
   {-0.04484521280698985, 0.013144003123756905, 0., -0.01314400312375737}, 
   {-0.04484521280699018, -0.013144003123757169, 0.01314400312375737, 0.}}, 
  {{0., 0.044845212806989755, 0.044845212806989804, 0.04484521280699026}, 
   {-0.044845212806989755, 0., -0.013144003123756319, 0.013144003123757207}, 
   {-0.044845212806989804, 0.013144003123756319, 0., -0.0131440031237572}, 
   {-0.04484521280699026, -0.013144003123757207, 0.0131440031237572, 0.}}}, 
 {0, 0}, {{-1.5646316585688802, -1.556864239863088}, 
  {-6.299950504895188, -1.5723990772746763, -1.5775761751729176}, 
  {-1.569653671983037, -1.5618862532772448}, {{2, 0.009293232836079466}, 
   {3, 0.007276559734231004}, {4, 0.005699213045131858}, 
   {5, 0.00446542185627221}, {6, 0.0035000112735954353}, 
   {7, 0.0027442430886637503}}, {{2, 0.19102648083591905}, 
   {3, 0.26984137017602566}, {4, 0.30804427655645605}, 
   {5, 0.33006073407264097}, {6, 0.344032974300407}, 
   {7, 0.35345143549292857}}, {5.15662941745189*^-12, 0.9887640934499767}}}
