{8, 32, {{{-0.52367148598861, 0, -1.8506133520179252*^-6, 
    1.8506133520272464*^-6}, {0, 0.9989569740087952, -0.0005605163716932667, 
    -0.0005605163716940167}, {-1.8506133520900483*^-6, 
    -0.0005605163716930015, 0.0006674981645626017, 0.0010446065292299767}, 
   {1.8506133520800171*^-6, -0.0005605163716941223, 0.0010446065292300675, 
    0.0006674981645663864}}, {{-0.5236714859886089, 1.8506133520488355*^-6, 
    0, -1.8506133520370222*^-6}, {1.8506133520575735*^-6, 
    0.0006674981645641937, -0.000560516371692996, 0.0010446065292297024}, 
   {0, -0.0005605163716932748, 0.9989569740087969, -0.0005605163716941033}, 
   {-1.8506133520719614*^-6, 0.0010446065292298037, -0.0005605163716941287, 
    0.0006674981645635181}}, {{-0.5236714859886089, -1.850613352027838*^-6, 
    1.8506133519718335*^-6, 0}, {-1.8506133520838597*^-6, 
    0.0006674981645651782, 0.001044606529230455, -0.0005605163716941212}, 
   {1.8506133521372198*^-6, 0.0010446065292306324, 0.0006674981645668765, 
    -0.0005605163716941189}, {0, -0.0005605163716940241, 
    -0.0005605163716941122, 0.9989569740087898}}}, 
 {{{0., 0.018483074679563144, 0.018483074679563158, 0.01848307467956309}, 
   {-0.018483074679563144, 0., -0.0000475416970260663, 
    0.000047541697025684164}, {-0.018483074679563158, 0.0000475416970260663, 
    0., -0.000047541697025590896}, {-0.01848307467956309, 
    -0.000047541697025684164, 0.000047541697025590896, 0.}}, 
  {{0., 0.01848307467956315, 0.018483074679563158, 0.01848307467956312}, 
   {-0.01848307467956315, 0., -0.00004754169702488952, 
    0.000047541697025127216}, {-0.018483074679563158, 0.00004754169702488952, 
    0., -0.00004754169702520889}, {-0.01848307467956312, 
    -0.000047541697025127216, 0.00004754169702520889, 0.}}}, {0, 0}, 
 {{-1.5671993587599307, -1.5639979963174206}, 
  {-6.29846386359314, -1.5704007212024402, -1.5788312105941298}, 
  {-1.5688041572129217, -1.5656027947704116}, {{2, 0.008810837125351488}, 
   {3, 0.0034573998206786846}, {4, 0.0013586039527090574}, 
   {5, 0.0005341973572669245}, {6, 0.00021009657522820524}, 
   {7, 0.00008263793282559107}}, {{2, 0.498485316190269}, 
   {3, 0.49863430672101017}, {4, 0.49868494336186486}, 
   {5, 0.49870380942446313}, {6, 0.4987110770724892}, 
   {7, 0.4987139126511782}}, {1.154643939056356*^-26, 0.9937581399245577}}}
