{13, 32, {{{-0.5144781491014112, 0, -0.007025057901459528, 
    0.007025057901459518}, {0, 0.9667779564847676, 0.0012337243259825429, 
    0.0012337243259825954}, {-0.007025057901459483, 0.0012337243259825052, 
    0.000013108134004688812, 0.015837802086897262}, 
   {0.007025057901459502, 0.001233724325982513, 0.015837802086897262, 
    0.000013108134004600341}}, {{-0.5144781491014113, 0.007025057901459533, 
    0, -0.0070250579014595246}, {0.007025057901459497, 
    0.000013108134004725675, 0.001233724325982507, 0.015837802086897307}, 
   {0, 0.0012337243259825464, 0.9667779564847678, 0.0012337243259825758}, 
   {-0.007025057901459516, 0.015837802086897262, 0.001233724325982523, 
    0.000013108134004652383}}, {{-0.5144781491014113, -0.007025057901459478, 
    0.007025057901459478, 0}, {-0.007025057901459442, 
    0.000013108134004625495, 0.015837802086897244, 0.0012337243259825576}, 
   {0.007025057901459441, 0.015837802086897286, 0.000013108134004596872, 
    0.0012337243259825845}, {0, 0.001233724325982532, 0.0012337243259825277, 
    0.9667779564847677}}}, 
 {{{0., 0.05466638041856327, 0.05466638041856326, 0.05466638041856331}, 
   {-0.05466638041856327, 0., -0.055157002380763626, 0.05515700238076336}, 
   {-0.05466638041856326, 0.055157002380763626, 0., -0.05515700238076335}, 
   {-0.05466638041856331, -0.05515700238076336, 0.05515700238076335, 0.}}, 
  {{0., 0.05466638041856325, 0.05466638041856325, 0.05466638041856339}, 
   {-0.05466638041856325, 0., -0.05515700238076347, 0.05515700238076367}, 
   {-0.05466638041856325, 0.05515700238076347, 0., -0.05515700238076365}, 
   {-0.05466638041856339, -0.05515700238076367, 0.05515700238076365, 0.}}}, 
 {0, 0}, {{-1.4386315744656313, -1.376139508554077}, 
  {-6.291624248704987, -1.5011236403771855, -1.644688483975308}, 
  {-1.501404068491913, -1.4389120025803588}, {{2, 0.02665222633788196}, 
   {3, 0.011074874360567255}, {4, 0.004683609725888632}, 
   {5, 0.0019969702219413688}, {6, 0.0008545447633688114}, 
   {7, 0.00036625308087701036}, {8, 0.00015708057857363733}, 
   {9, 0.00006738922390772673}, {10, 0.000028914311910918644}, 
   {11, 0.000012406767402509122}, {12, 5.323710732432763*^-6}}, 
  {{2, 0.09985327414104173}, {3, 0.03997099191214771}, 
   {4, 0.018866313122559222}, {5, 0.010504608321705081}, 
   {6, 0.007034649597804942}, {7, 0.005566706073889968}, 
   {8, 0.004940622875343548}, {9, 0.00467266643549924}, 
   {10, 0.004557813395081055}, {11, 0.004508553013416771}, 
   {12, 0.004487419492965291}}, {2.8158138009657798*^-8, 0.8165079863446368}}}
