{9, 32, {{{-0.5140410114320726, 0, -0.000019675311493149048, 
    0.000019675311493154235}, {0, 0.990388929402211, -0.0051100675147358705, 
    -0.005110067514735564}, {-0.00001967531149312444, -0.0051100675147358905, 
    0.006052328015326175, 0.009383301551585886}, {0.000019675311493119083, 
    -0.005110067514735564, 0.009383301551585878, 0.006052328015325713}}, 
  {{-0.5140410114320726, 0.000019675311493154045, 0, 
    -0.000019675311493170417}, {0.000019675311493113655, 
    0.006052328015326172, -0.005110067514735882, 0.00938330155158588}, 
   {0, -0.005110067514735866, 0.9903889294022109, -0.005110067514735571}, 
   {-0.000019675311493106144, 0.009383301551585857, -0.005110067514735609, 
    0.006052328015326042}}, {{-0.5140410114320723, -0.000019675311493146534, 
    0.000019675311493126483, 0}, {-0.000019675311493133713, 
    0.006052328015326314, 0.009383301551585364, -0.005110067514735559}, 
   {0.000019675311493153805, 0.009383301551585444, 0.006052328015326319, 
    -0.0051100675147356025}, {0, -0.005110067514735644, 
    -0.0051100675147356875, 0.9903889294022109}}}, 
 {{{0., 0.055571496810303406, 0.05557149681030339, 0.05557149681030341}, 
   {-0.055571496810303406, 0., -0.00014845619546727463, 
    0.00014845619546723923}, {-0.05557149681030339, 0.00014845619546727463, 
    0., -0.00014845619546721022}, {-0.05557149681030341, 
    -0.00014845619546723923, 0.00014845619546721022, 0.}}, 
  {{0., 0.05557149681030339, 0.05557149681030338, 0.05557149681030352}, 
   {-0.05557149681030339, 0., -0.00014845619546708316, 
    0.00014845619546710362}, {-0.05557149681030338, 0.00014845619546708316, 
    0., -0.0001484561954671212}, {-0.05557149681030352, 
    -0.00014845619546710362, 0.0001484561954671212, 0.}}}, {0, 0}, 
 {{-1.5076903579379022, -1.4788145611594727}, 
  {-6.298428769662708, -1.5365661547163325, -1.6126482301150216}, 
  {-1.5221668263781039, -1.4932910295996744}, {{2, 0.017560456293189974}, 
   {3, 0.007060707813202061}, {4, 0.0028639660069250394}, 
   {5, 0.0011660937738412203}, {6, 0.0004755388145823991}, 
   {7, 0.0001940534375976799}, {8, 0.00007920864841715058}}, 
  {{2, 0.49852634459735407}, {3, 0.49861292147142955}, 
   {4, 0.4986443376648514}, {5, 0.4986565782226241}, {6, 0.4986614821599833}, 
   {7, 0.49866346893472496}, {8, 0.4986642775164583}}, 
  {1.0705081040165802*^-23, 0.9437015380766145}}}
