{13, 32, {{{-0.5132648458693649, 0, -0.008055776466999103, 
    0.008055776466999075}, {0, 0.9618954631678449, 0.0016430707251989156, 
    0.001643070725198919}, {-0.008055776466999048, 0.0016430707251988558, 
    -0.00019000306155376578, 0.01806834032759823}, 
   {0.008055776466999072, 0.0016430707251988345, 0.018068340327598183, 
    -0.00019000306155377098}}, {{-0.5132648458693649, 0.008055776466999105, 
    0, -0.008055776466999068}, {0.008055776466999042, 
    -0.00019000306155372328, 0.0016430707251988631, 0.018068340327598215}, 
   {0, 0.00164307072519893, 0.9618954631678446, 0.0016430707251989195}, 
   {-0.008055776466999055, 0.01806834032759816, 0.001643070725198832, 
    -0.00019000306155375624}}, {{-0.5132648458693648, -0.008055776466999023, 
    0.00805577646699902, 0}, {-0.008055776466999016, -0.00019000306155381695, 
    0.018068340327598215, 0.0016430707251989282}, 
   {0.008055776466999006, 0.01806834032759828, -0.0001900030615538395, 
    0.0016430707251989104}, {0, 0.0016430707251988384, 0.0016430707251988484, 
    0.9618954631678446}}}, 
 {{{0., 0.057813676241821745, 0.05781367624182175, 0.05781367624182181}, 
   {-0.057813676241821745, 0., -0.05939644512252017, 0.059396445122519854}, 
   {-0.05781367624182175, 0.05939644512252017, 0., -0.05939644512251988}, 
   {-0.05781367624182181, -0.059396445122519854, 0.05939644512251988, 0.}}, 
  {{0., 0.05781367624182174, 0.057813676241821724, 0.057813676241821876}, 
   {-0.05781367624182174, 0., -0.05939644512251993, 0.05939644512252021}, 
   {-0.057813676241821724, 0.05939644512251993, 0., -0.05939644512252023}, 
   {-0.057813676241821876, -0.05939644512252021, 0.05939644512252023, 0.}}}, 
 {0, 0}, {{-1.4210532861814182, -1.3509579289451943}, 
  {-6.289575233220011, -1.491148643417638, -1.6536389731923677}, 
  {-1.4921081460589423, -1.4220127888227183}, {{2, 0.028270204285349543}, 
   {3, 0.011852231293805984}, {4, 0.005071227370570877}, 
   {5, 0.002190636123968498}, {6, 0.0009503563841921081}, 
   {7, 0.00041306804660938556}, {8, 0.00017968628691944488}, 
   {9, 0.00007819239868754602}, {10, 0.000034031588568878}, 
   {11, 0.000014812540680267383}, {12, 6.447476940008023*^-6}}, 
  {{2, 0.11188632065235349}, {3, 0.050541113163437915}, 
   {4, 0.02879080318444304}, {5, 0.02008841454051617}, 
   {6, 0.016433763951592767}, {7, 0.0148673459330115}, 
   {8, 0.014190063181368619}, {9, 0.013896110949633868}, 
   {10, 0.013768320784839142}, {11, 0.013712726710178882}, 
   {12, 0.013688533436949252}}, {4.3909927434965574*^-8, 0.7920767366114472}}}
