{10, 32, {{{-0.5245435796800964, 0, -0.0001934922201112661, 
    0.0001934922201112914}, {0, 0.9989711952047877, 0.000033668276384997615, 
    0.00003366827638516812}, {-0.00019349222011123363, 
    0.00003366827638538416, -4.107641381052591*^-6, 0.0004721608857672328}, 
   {0.0001934922201112661, 0.00003366827638515, 0.0004721608857670067, 
    -4.107641380885624*^-6}}, {{-0.5245435796800961, 0.00019349222011125862, 
    0, -0.00019349222011128233}, {0.00019349222011122915, 
    -4.107641381055627*^-6, 0.00003366827638538904, 0.0004721608857671983}, 
   {0, 0.00003366827638499829, 0.9989711952047879, 0.00003366827638520491}, 
   {-0.00019349222011126653, 0.00047216088576706376, 0.000033668276385108366, 
    -4.107641381173588*^-6}}, {{-0.5245435796800968, -0.000193492220111239, 
    0.00019349222011124723, 0}, {-0.00019349222011119356, 
    -4.1076413812013435*^-6, 0.00047216088576716394, 
    0.000033668276385149295}, {0.000193492220111187, 0.00047216088576713624, 
    -4.107641381118077*^-6, 0.00003366827638510925}, 
   {0, 0.00003366827638516931, 0.00003366827638521306, 0.9989711952047883}}}, 
 {{{0., 0.00965223511201844, 0.009652235112018433, 0.009652235112018445}, 
   {-0.00965223511201844, 0., -0.009651741073036528, 0.009651741073036457}, 
   {-0.009652235112018433, 0.009651741073036528, 0., -0.009651741073036468}, 
   {-0.009652235112018445, -0.009651741073036457, 0.009651741073036468, 0.}}, 
  {{0., 0.009652235112018424, 0.009652235112018433, 0.009652235112018476}, 
   {-0.009652235112018424, 0., -0.009651741073036462, 0.009651741073036547}, 
   {-0.009652235112018433, 0.009651741073036462, 0., -0.009651741073036502}, 
   {-0.009652235112018476, -0.009651741073036547, 0.009651741073036502, 
    0.}}}, {0, 0}, {{-1.570251661400329, -1.568212045682614}, 
  {-6.298441319174426, -1.5722912771180448, -1.5769293824691681}, 
  {-1.5722912249203065, -1.5702516092025915}, {{2, 0.004603816144711184}, 
   {3, 0.0018051957999240253}, {4, 0.0007081090576904481}, 
   {5, 0.0002778110784485144}, {6, 0.00010900061061812003}, 
   {7, 0.000042768126360649694}, {8, 0.000016780937599599616}, 
   {9, 6.584367614356074*^-6}}, {{2, 0.0904170689493467}, 
   {3, 0.03183945042437481}, {4, 0.011936465694944567}, 
   {5, 0.0045321351968209585}, {6, 0.0016856828267251826}, 
   {7, 0.0005776635203622523}, {8, 0.00014425756439982103}, 
   {9, 0.000025591947161162025}}, {8.084142784159593*^-13, 
   0.9938430260565764}}}
