{11, 32, {{{-0.523383983094683, 0, -0.0009038255783001178, 
    0.0009038255783001164}, {0, 0.9952669801721147, 0.0001678109649020347, 
    0.00016781096490194974}, {-0.0009038255783000957, 0.0001678109649020573, 
    -0.000028309210839446396, 0.0021743710928805483}, 
   {0.0009038255783001046, 0.0001678109649020135, 0.0021743710928804447, 
    -0.000028309210839173177}}, {{-0.5233839830946829, 0.0009038255783001149, 
    0, -0.000903825578300118}, {0.0009038255783000691, 
    -0.000028309210839405196, 0.00016781096490205583, 0.0021743710928804685}, 
   {0, 0.0001678109649020323, 0.9952669801721146, 0.00016781096490200656}, 
   {-0.000903825578300105, 0.0021743710928804946, 0.00016781096490195525, 
    -0.000028309210839183585}}, 
  {{-0.5233839830946829, -0.0009038255783000825, 0.0009038255783000814, 0}, 
   {-0.0009038255783000362, -0.00002830921083956609, 0.0021743710928806117, 
    0.00016781096490203518}, {0.0009038255783000509, 0.002174371092880547, 
    -0.000028309210839544408, 0.00016781096490198178}, 
   {0, 0.0001678109649019388, 0.0001678109649019888, 0.9952669801721148}}}, 
 {{{0., 0.020590017117648223, 0.02059001711764822, 0.020590017117648247}, 
   {-0.020590017117648223, 0., -0.02075436312747052, 0.020754363127470407}, 
   {-0.02059001711764822, 0.02075436312747052, 0., -0.020754363127470393}, 
   {-0.020590017117648247, -0.020754363127470407, 0.020754363127470393, 0.}}, 
  {{0., 0.02059001711764823, 0.020590017117648213, 0.020590017117648282}, 
   {-0.02059001711764823, 0., -0.02075436312747042, 0.02075436312747053}, 
   {-0.020590017117648213, 0.02075436312747042, 0., -0.020754363127470532}, 
   {-0.020590017117648282, -0.02075436312747053, 0.020754363127470532, 0.}}}, 
 {0, 0}, {{-1.5547198668881261, -1.5454474983862414}, 
  {-6.298316573444576, -1.56399223539001, -1.585166051332278}, 
  {-1.5640292406230851, -1.5547568721212004}, {{2, 0.009850775677925343}, 
   {3, 0.0038862222931888846}, {4, 0.001536029502816165}, 
   {5, 0.000607614322763822}, {6, 0.00024043788853298637}, 
   {7, 0.0000951560949618846}, {8, 0.00003766116249442897}, 
   {9, 0.000014905965633450757}, {10, 5.899703522986577*^-6}}, 
  {{2, 0.09560280124321725}, {3, 0.03647568270277422}, 
   {4, 0.016313105835636624}, {5, 0.008764752066612203}, 
   {6, 0.005840835277158088}, {7, 0.004693305646841854}, 
   {8, 0.004240629950601839}, {9, 0.0040616984470504824}, 
   {10, 0.003990914841964025}}, {7.992018240583608*^-11, 0.9719357901635411}}}
