{8, 20, {{{-0.5248724431688587, 0, -5.483447942122943*^-6, 
    5.483448291893655*^-6}, {0, 0.9999641464279168, 1.4820451687050091*^-6, 
    1.4820458547785555*^-6}, {-5.483448682413969*^-6, 1.4820448903371856*^-6, 
    -2.8730237947895143*^-7, 0.0003371550028259793}, 
   {5.483448332720435*^-6, 1.4820442041507399*^-6, 0.0003371550028259182, 
    -2.8730238740316827*^-7}}, {{-0.5248724431688578, 5.483447829014143*^-6, 
    0, -5.483448332336626*^-6}, {5.483448795467306*^-6, 
    -2.873023815762321*^-7, 1.4820451654740934*^-6, 0.00033715500282483575}, 
   {0, 1.4820448935142164*^-6, 0.9999641464279168, 1.4820459369370888*^-6}, 
   {-5.483448292283088*^-6, 0.00033715500282705663, 1.4820441219681017*^-6, 
    -2.873023867422386*^-7}}, {{-0.524872443168859, -5.483448796755801*^-6, 
    5.483448682682757*^-6, 0}, {-5.483447827591423*^-6, 
    -2.8730238238287853*^-7, 0.0003371550028304567, 1.482045857559202*^-6}, 
   {5.483447941708288*^-6, 0.00033715500282804634, -2.873023825511467*^-7, 
    1.4820459381774068*^-6}, {0, 1.4820442016692112*^-6, 
    1.482044121072375*^-6, 0.9999641464279169}}}, 
 {{{0., 0.0035183081653500318, 0.003518308165349166, 0.0035183081653524535}, 
   {-0.0035183081653500318, 0., -0.0036208189159224113, 
    0.0036208189159156645}, {-0.003518308165349166, 0.0036208189159224113, 
    0., -0.003620818915916717}, {-0.0035183081653524535, 
    -0.0036208189159156645, 0.003620818915916717, 0.}}, 
  {{0., 0.0035183081653484575, 0.003518308165349555, 0.0035183081653533677}, 
   {-0.0035183081653484575, 0., -0.0036208189159214615, 0.00362081891591628}, 
   {-0.003518308165349555, 0.0036208189159214615, 0., 
    -0.0036208189159151398}, {-0.0035183081653533677, -0.00362081891591628, 
    0.0036208189159151398, 0.}}}, {0, 0}, 
 {{-1.5745858215506892, -1.5745736337736915}, {-0.7873249621385329, 
   -0.39367852904495393, 0.000016047975687494276}, 
  {-1.5745981868815155, -1.574585999104518}, {{2, 1.8664977903932144*^-6}, 
   {3, 1.6224540387316938*^-6}, {4, 1.4088809880542612*^-6}, 
   {5, 1.2244892368803648*^-6}, {6, 1.063718178009182*^-6}, 
   {7, 9.247966801738915*^-7}}, {{2, 0.00010139930096398752}, 
   {3, 0.00010168890472855323}, {4, 0.00010193917961204373}, 
   {5, 0.00010215725467807991}, {6, 0.00010234608061627398}, 
   {7, 0.0001025107505674404}}, {2.253413193681863*^-15, 0.9997848978487583}}}
{8, 20, {{{-0.5248724431688587, 0, -5.483447942122943*^-6, 
    5.483448291893655*^-6}, {0, 0.9999641464279168, 1.4820451687050091*^-6, 
    1.4820458547785555*^-6}, {-5.483448682413969*^-6, 1.4820448903371856*^-6, 
    -2.8730237947895143*^-7, 0.0003371550028259793}, 
   {5.483448332720435*^-6, 1.4820442041507399*^-6, 0.0003371550028259182, 
    -2.8730238740316827*^-7}}, {{-0.5248724431688578, 5.483447829014143*^-6, 
    0, -5.483448332336626*^-6}, {5.483448795467306*^-6, 
    -2.873023815762321*^-7, 1.4820451654740934*^-6, 0.00033715500282483575}, 
   {0, 1.4820448935142164*^-6, 0.9999641464279168, 1.4820459369370888*^-6}, 
   {-5.483448292283088*^-6, 0.00033715500282705663, 1.4820441219681017*^-6, 
    -2.873023867422386*^-7}}, {{-0.524872443168859, -5.483448796755801*^-6, 
    5.483448682682757*^-6, 0}, {-5.483447827591423*^-6, 
    -2.8730238238287853*^-7, 0.0003371550028304567, 1.482045857559202*^-6}, 
   {5.483447941708288*^-6, 0.00033715500282804634, -2.873023825511467*^-7, 
    1.4820459381774068*^-6}, {0, 1.4820442016692112*^-6, 
    1.482044121072375*^-6, 0.9999641464279169}}}, 
 {{{0., 0.0035183081653500318, 0.003518308165349166, 0.0035183081653524535}, 
   {-0.0035183081653500318, 0., -0.0036208189159224113, 
    0.0036208189159156645}, {-0.003518308165349166, 0.0036208189159224113, 
    0., -0.003620818915916717}, {-0.0035183081653524535, 
    -0.0036208189159156645, 0.003620818915916717, 0.}}, 
  {{0., 0.0035183081653484575, 0.003518308165349555, 0.0035183081653533677}, 
   {-0.0035183081653484575, 0., -0.0036208189159214615, 0.00362081891591628}, 
   {-0.003518308165349555, 0.0036208189159214615, 0., 
    -0.0036208189159151398}, {-0.0035183081653533677, -0.00362081891591628, 
    0.0036208189159151398, 0.}}}, {0, 0}, 
 {{-1.5745858215506892, -1.5745736337736915}, {-0.7873249621385329, 
   -0.39367852904495393, 0.000016047975687494276}, 
  {-1.5745981868815155, -1.574585999104518}, {{2, 1.8664977903932144*^-6}, 
   {3, 1.6224540387316938*^-6}, {4, 1.4088809880542612*^-6}, 
   {5, 1.2244892368803648*^-6}, {6, 1.063718178009182*^-6}, 
   {7, 9.247966801738915*^-7}}, {{2, 0.00010139930096398752}, 
   {3, 0.00010168890472855323}, {4, 0.00010193917961204373}, 
   {5, 0.00010215725467807991}, {6, 0.00010234608061627398}, 
   {7, 0.0001025107505674404}}, {2.253413193681863*^-15, 0.9997848978487583}}}
