{3, 20, {{{0, 0, 0, 0}, {0, 0, 0, 0}, {0, 0, 0, 0}, {0, 0, 0, 0}}, 
  {{0, 0, 0, 0}, {0, 0, 0, 0}, {0, 0, 0, 0}, {0, 0, 0, 0}}, 
  {{0, 0, 0, 0}, {0, 0, 0, 0}, {0, 0, 0, 0}, {0, 0, 0, 0}}}, 
 {{{0., 0.5773502691896408, 0.577350269189641, 0.5773502691895955}, 
   {-0.5773502691896408, 0., -0.5773502691896557, 0.577350269189611}, 
   {-0.577350269189641, 0.5773502691896557, 0., -0.5773502691896109}, 
   {-0.5773502691895955, -0.577350269189611, 0.5773502691896109, 0.}}, 
  {{0., 0.5773502691896404, 0.5773502691896406, 0.577350269189596}, 
   {-0.5773502691896404, 0., -0.577350269189657, 0.5773502691896105}, 
   {-0.5773502691896406, 0.577350269189657, 0., -0.57735026918961}, 
   {-0.577350269189596, -0.5773502691896105, 0.57735026918961, 0.}}}, {0, 0}, 
 {{-0.9899999999999998, -0.98}, {-1.0050000000000008, -1., 
   0.4974999999999996}, {-0.9999999999999998, -0.99}, 
  {{2, 1.3322676295501878*^-14}}, {{2, 4.030109579389318*^-14}}, 
  {0.03703703703703707, 0}}}
