{10, 32, {{{-0.5161295969450034, 0, -0.005997458713799391, 
    0.005997458713799388}, {0, 0.970839668869242, 0.0013481510208101922, 
    0.0013481510208101914}, {-0.005997458713799354, 0.0013481510208100938, 
    -0.0003192821323728576, 0.013607463257808795}, 
   {0.005997458713799345, 0.0013481510208101658, 0.013607463257808749, 
    -0.00031928213237295434}}, {{-0.5161295969450033, 0.005997458713799388, 
    0, -0.005997458713799392}, {0.005997458713799345, -0.0003192821323728702, 
    0.0013481510208100992, 0.013607463257808768}, 
   {0, 0.001348151020810177, 0.9708396688692421, 0.0013481510208102226}, 
   {-0.0059974587137993545, 0.013607463257808771, 0.0013481510208101252, 
    -0.00031928213237295}}, {{-0.5161295969450033, -0.005997458713799331, 
    0.0059974587137993345, 0}, {-0.005997458713799307, 
    -0.0003192821323728997, 0.01360746325780882, 0.0013481510208102057}, 
   {0.005997458713799314, 0.013607463257808754, -0.0003192821323728945, 
    0.0013481510208101862}, {0, 0.0013481510208101378, 0.0013481510208101575, 
    0.970839668869242}}}, 
 {{{0., 0.050104685234907326, 0.050104685234907326, 0.05010468523490736}, 
   {-0.050104685234907326, 0., -0.052066607881998406, 0.052066607881998114}, 
   {-0.050104685234907326, 0.052066607881998406, 0., -0.052066607881998114}, 
   {-0.05010468523490736, -0.052066607881998114, 0.052066607881998114, 0.}}, 
  {{0., 0.05010468523490731, 0.05010468523490731, 0.05010468523490744}, 
   {-0.05010468523490731, 0., -0.05206660788199824, 0.05206660788199842}, 
   {-0.05010468523490731, 0.05206660788199824, 0., -0.05206660788199841}, 
   {-0.05010468523490744, -0.05206660788199842, 0.05206660788199841, 0.}}}, 
 {0, 0}, {{-1.456962705897629, -1.403156712372683}, 
  {-6.293370451203307, -1.5107686994225746, -1.635916526179079}, 
  {-1.511822125831212, -1.4580161323062657}, {{2, 0.024407373635487867}, 
   {3, 0.010061799135981903}, {4, 0.004208450051494894}, 
   {5, 0.0017720203639900595}, {6, 0.0007483154978587953}, 
   {7, 0.00031640638433039214}, {8, 0.00013385587579307912}, 
   {9, 0.000056640611081071324}}, {{2, 0.11744929594032656}, 
   {3, 0.05560572364337191}, {4, 0.033918057335845894}, 
   {5, 0.025403882233978218}, {6, 0.0219108597983613}, 
   {7, 0.0204517052064581}, {8, 0.01983755216450727}, 
   {9, 0.019578235427413583}}, {1.9923044589445334*^-8, 0.8373076916653981}}}
