{12, 32, {{{-0.5234953482254632, 0, -0.0009254664238968291, 
    0.0009254664238968256}, {0, 0.9948923304092768, 0.0003383207426895223, 
    0.00033832074268953533}, {-0.0009254664238967925, 0.00033832074268949175, 
    -0.00020781726986775695, 0.0021995919164429535}, 
   {0.0009254664238968199, 0.00033832074268950216, 0.002199591916442978, 
    -0.00020781726986767064}}, {{-0.5234953482254632, 0.0009254664238968386, 
    0, -0.0009254664238968278}, {0.0009254664238968066, 
    -0.00020781726986777646, 0.00033832074268949316, 0.002199591916442997}, 
   {0, 0.00033832074268952417, 0.9948923304092769, 0.0003383207426895049}, 
   {-0.000925466423896823, 0.002199591916442936, 0.000338320742689536, 
    -0.00020781726986765503}}, {{-0.5234953482254633, -0.0009254664238967953, 
    0.000925466423896794, 0}, {-0.0009254664238967445, 
    -0.00020781726986782677, 0.0021995919164430394, 0.00033832074268951343}, 
   {0.0009254664238967335, 0.0021995919164430784, -0.00020781726986784932, 
    0.00033832074268955116}, {0, 0.0003383207426895375, 
    0.00033832074268949896, 0.9948923304092772}}}, 
 {{{0., 0.03960962820869639, 0.03960962820869639, 0.03960962820869651}, 
   {-0.03960962820869639, 0., -0.04426375527227231, 0.04426375527227214}, 
   {-0.03960962820869639, 0.04426375527227231, 0., -0.04426375527227212}, 
   {-0.03960962820869651, -0.04426375527227214, 0.04426375527227212, 0.}}, 
  {{0., 0.03960962820869638, 0.03960962820869639, 0.03960962820869658}, 
   {-0.03960962820869638, 0., -0.044263755272272186, 0.04426375527227239}, 
   {-0.03960962820869639, 0.044263755272272186, 0., -0.044263755272272415}, 
   {-0.03960962820869658, -0.04426375527227239, 0.044263755272272415, 0.}}}, 
 {0, 0}, {{-1.5534501110985595, -1.5397289333932833}, 
  {-6.298710392024083, -1.5671712888038347, -1.582183907208207}, 
  {-1.5679774072577342, -1.554256229552458}, {{2, 0.0071538930869609295}, 
   {3, 0.005628956895322841}, {4, 0.004430065065673165}, 
   {5, 0.003487441788476049}, {6, 0.002746109918549261}, 
   {7, 0.0021628848154133934}, {8, 0.0017038849517098664}, 
   {9, 0.0013425323495674032}, {10, 0.0010579712863019591}, 
   {11, 0.0008338272540523023}}, {{2, 0.8587674860167216}, 
   {3, 0.5092855875347662}, {4, 0.3396978290562636}, 
   {5, 0.24179851669815355}, {6, 0.17954243337108258}, 
   {7, 0.1374806587346659}, {8, 0.10788510889506803}, 
   {9, 0.08646010878322152}, {10, 0.07062797448376745}, 
   {11, 0.05874994633948608}}, {7.521241546563434*^-9, 0.969742651966352}}}
{12, 32, {{{-0.5234953482254632, 0, -0.0009254664238968291, 
    0.0009254664238968256}, {0, 0.9948923304092768, 0.0003383207426895223, 
    0.00033832074268953533}, {-0.0009254664238967925, 0.00033832074268949175, 
    -0.00020781726986775695, 0.0021995919164429535}, 
   {0.0009254664238968199, 0.00033832074268950216, 0.002199591916442978, 
    -0.00020781726986767064}}, {{-0.5234953482254632, 0.0009254664238968386, 
    0, -0.0009254664238968278}, {0.0009254664238968066, 
    -0.00020781726986777646, 0.00033832074268949316, 0.002199591916442997}, 
   {0, 0.00033832074268952417, 0.9948923304092769, 0.0003383207426895049}, 
   {-0.000925466423896823, 0.002199591916442936, 0.000338320742689536, 
    -0.00020781726986765503}}, {{-0.5234953482254633, -0.0009254664238967953, 
    0.000925466423896794, 0}, {-0.0009254664238967445, 
    -0.00020781726986782677, 0.0021995919164430394, 0.00033832074268951343}, 
   {0.0009254664238967335, 0.0021995919164430784, -0.00020781726986784932, 
    0.00033832074268955116}, {0, 0.0003383207426895375, 
    0.00033832074268949896, 0.9948923304092772}}}, 
 {{{0., 0.03960962820869639, 0.03960962820869639, 0.03960962820869651}, 
   {-0.03960962820869639, 0., -0.04426375527227231, 0.04426375527227214}, 
   {-0.03960962820869639, 0.04426375527227231, 0., -0.04426375527227212}, 
   {-0.03960962820869651, -0.04426375527227214, 0.04426375527227212, 0.}}, 
  {{0., 0.03960962820869638, 0.03960962820869639, 0.03960962820869658}, 
   {-0.03960962820869638, 0., -0.044263755272272186, 0.04426375527227239}, 
   {-0.03960962820869639, 0.044263755272272186, 0., -0.044263755272272415}, 
   {-0.03960962820869658, -0.04426375527227239, 0.044263755272272415, 0.}}}, 
 {0, 0}, {{-1.5534501110985595, -1.5397289333932833}, 
  {-6.298710392024083, -1.5671712888038347, -1.582183907208207}, 
  {-1.5679774072577342, -1.554256229552458}, {{2, 0.0071538930869609295}, 
   {3, 0.005628956895322841}, {4, 0.004430065065673165}, 
   {5, 0.003487441788476049}, {6, 0.002746109918549261}, 
   {7, 0.0021628848154133934}, {8, 0.0017038849517098664}, 
   {9, 0.0013425323495674032}, {10, 0.0010579712863019591}, 
   {11, 0.0008338272540523023}}, {{2, 0.8587674860167216}, 
   {3, 0.5092855875347662}, {4, 0.3396978290562636}, 
   {5, 0.24179851669815355}, {6, 0.17954243337108258}, 
   {7, 0.1374806587346659}, {8, 0.10788510889506803}, 
   {9, 0.08646010878322152}, {10, 0.07062797448376745}, 
   {11, 0.05874994633948608}}, {7.521241546563434*^-9, 0.969742651966352}}}
