{3, 28, {{{-0.5248511581834059, 0, -4.48774471148324*^-6, 
    4.487744711491436*^-6}, {0, 0.9999734416135662, -0.000010003040031492402, 
    -0.000010003040030177488}, {-4.487744711506863*^-6, 
    -0.000010003040028649573, 0.000012180519731813666, 
    0.00002257667649337046}, {4.487744711489103*^-6, 
    -0.000010003040030133717, 0.00002257667649093246, 
    0.000012180519732873582}}, {{-0.5248511581834067, 4.487744711472544*^-6, 
    0, -4.487744711472773*^-6}, {4.487744711456457*^-6, 
    0.00001218051973275909, -0.00001000304002865041, 
    0.000022576676491908327}, {0, -0.000010003040031492595, 
    0.9999734416135655, -0.000010003040029098724}, 
   {-4.487744711491598*^-6, 0.000022576676491921836, 
    -0.000010003040031268623, 0.000012180519733062667}}, 
  {{-0.5248511581834058, -4.487744711448347*^-6, 4.487744711493309*^-6, 0}, 
   {-4.487744711434891*^-6, 0.000012180519731893463, 0.00002257667649415509, 
    -0.000010003040030127734}, {4.487744711510944*^-6, 
    0.00002257667649004358, 0.000012180519732701844, 
    -0.000010003040031277801}, {0, -0.000010003040030170938, 
    -0.000010003040029099487, 0.9999734416135665}}}, 
 {{{0., 0.0026331780949735246, 0.002633178094973511, 0.002633178094973524}, 
   {-0.0026331780949735246, 0., -0.0008250579705683942, 
    0.0008250579705672826}, {-0.002633178094973511, 0.0008250579705683942, 
    0., -0.0008250579705668711}, {-0.002633178094973524, 
    -0.0008250579705672826, 0.0008250579705668711, 0.}}, 
  {{0., 0.002633178094973503, 0.0026331780949735064, 0.002633178094973541}, 
   {-0.002633178094973503, 0., -0.0008250579705681522, 
    0.0008250579705672261}, {-0.0026331780949735064, 0.0008250579705681522, 
    0., -0.0008250579705668356}, {-0.002633178094973541, 
    -0.0008250579705672261, 0.0008250579705668356, 0.}}}, {0, 0}, 
 {{-1.5744412418663025, -1.574350025901384}, {-6.298502749383068, 
   -1.5745324578312196, -1.5747189168603142}, {-1.5745011402720033, 
   -1.5744099243070848}, {{2, 0.00010446316412486816}}, 
  {{2, 0.34333418766045176}}, {3.154327521689277*^-19, 0.99984066026124}}}
{3, 28, {{{-0.5248511581985353, 0, -4.487743315379371*^-6, 
    4.487743315449849*^-6}, {0, 0.999973441626689, -0.000010003032968593197, 
    -0.000010003032967207895}, {-4.487743315432961*^-6, 
    -0.000010003032967593488, 0.000012180511316765494, 
    0.000022576663306433456}, {4.48774331541169*^-6, 
    -0.000010003032967296147, 0.0000225766633069873, 
    0.000012180511316010022}}, {{-0.5248511581985368, 4.4877433154234215*^-6, 
    0, -4.4877433154516896*^-6}, {4.487743315438719*^-6, 
    0.000012180511316926823, -0.000010003032967587343, 
    0.000022576663306882502}, {0, -0.000010003032968588487, 
    0.9999734416266892, -0.000010003032967581836}, 
   {-4.487743315432383*^-6, 0.00002257666330668754, -0.000010003032966863474, 
    0.000012180511316184361}}, 
  {{-0.5248511581985377, -4.4877433153702245*^-6, 4.487743315345781*^-6, 0}, 
   {-4.487743315379691*^-6, 0.000012180511316077676, 0.0000225766633063701, 
    -0.000010003032967293033}, {4.487743315382888*^-6, 
    0.000022576663307737626, 0.000012180511316017828, 
    -0.000010003032966861323}, {0, -0.000010003032967202206, 
    -0.000010003032967584228, 0.9999734416266899}}}, 
 {{{0., 0.002633177276713688, 0.0026331772767136676, 0.0026331772767137257}, 
   {-0.002633177276713688, 0., -0.0008250579704828701, 
    0.0008250579704837686}, {-0.0026331772767136676, 0.0008250579704828701, 
    0., -0.0008250579704837878}, {-0.0026331772767137257, 
    -0.0008250579704837686, 0.0008250579704837878, 0.}}, 
  {{0., 0.0026331772767137084, 0.0026331772767137006, 0.0026331772767137084}, 
   {-0.0026331772767137084, 0., -0.0008250579704832291, 
    0.0008250579704839219}, {-0.0026331772767137006, 0.0008250579704832291, 
    0., -0.0008250579704837049}, {-0.0026331772767137084, 
    -0.0008250579704839219, 0.0008250579704837049, 0.}}}, {0, 0}, 
 {{-1.5744412419477738, -1.5743500260112016}, 
  {-6.298502749463852, -1.5745324578843458, -1.5747189168475801}, 
  {-1.5745011403393006, -1.5744099244027283}, {{2, 0.00010446062031400135}}, 
  {{2, 0.34333413899248566}}, {3.1543275197643945*^-19, 0.9998406603399695}}}
