{3, 28, {{{-0.5248754533669185, 0, -7.4187217931681846*^-9, 
    7.418721798140938*^-9}, {0, 0.9999999493151548, -2.1578212660590075*^-8, 
    -2.1578212081526727*^-8}, {-7.418721786880535*^-9, 
    -2.1578211727400278*^-8, 2.605942069078271*^-8, 4.5470298272188524*^-8}, 
   {7.418721798086493*^-9, -2.1578212456662472*^-8, 4.547029809632523*^-8, 
    2.6059420892010632*^-8}}, {{-0.5248754533669184, 7.418721794263554*^-9, 
    0, -7.4187217974161524*^-9}, {7.4187217862342595*^-9, 
    2.6059420732416072*^-8, -2.1578211716884824*^-8, 4.5470298188645545*^-8}, 
   {0, -2.1578212661364746*^-8, 0.9999999493151546, -2.1578212028515415*^-8}, 
   {-7.4187217975888446*^-9, 4.5470298113032416*^-8, -2.157821251918878*^-8, 
    2.60594208156828*^-8}}, {{-0.5248754533669184, -7.418721793304968*^-9, 
    7.418721788077307*^-9, 0}, {-7.418721782574929*^-9, 
    2.6059420653486154*^-8, 4.547029810454903*^-8, -2.1578212457333435*^-8}, 
   {7.418721779162653*^-9, 4.547029798065071*^-8, 2.6059420760171648*^-8, 
    -2.1578212511747433*^-8}, {0, -2.157821208425691*^-8, 
    -2.1578212034642845*^-8, 0.9999999493151543}}}, 
 {{{0., 0.0001194541465228076, 0.00011945414652280261, 
    0.00011945414652280806}, {-0.0001194541465228076, 0., 
    -0.000030077464408560704, 0.000030077464408543153}, 
   {-0.00011945414652280261, 0.000030077464408560704, 0., 
    -0.000030077464408476983}, {-0.00011945414652280806, 
    -0.000030077464408543153, 0.000030077464408476983, 0.}}, 
  {{0., 0.00011945414652279624, 0.00011945414652280933, 
    0.00011945414652280708}, {-0.00011945414652279624, 0., 
    -0.00003007746440852762, 0.00003007746440856176}, 
   {-0.00011945414652280933, 0.00003007746440852762, 0., 
    -0.000030077464408524715}, {-0.00011945414652280708, 
    -0.00003007746440856176, 0.000030077464408524715, 0.}}}, {0, 0}, 
 {{-1.5746221850859226, -1.5746180470729023}, 
  {-6.298623396745462, -1.574626323098941, -1.5746853752737902}, 
  {-1.5746247750493974, -1.5746206370363771}, {{2, 1.7288468390444663*^-7}}, 
  {{2, 1.4964182444216725}}, {7.403674711913301*^-28, 0.9999996958909659}}}
