{6, 32, {{{-0.5243680372978304, 0, -0.00023174442899011408, 
    0.0002317444289901115}, {0, 0.9988723606733942, -0.00006174688435911827, 
    -0.00006174688435922869}, {-0.00023174442899006996, 
    -0.00006174688435938636, 0.00010704173865327092, 0.0006116911740848581}, 
   {0.00023174442899009007, -0.00006174688435929394, 0.0006116911740852442, 
    0.00010704173865329434}}, {{-0.5243680372978303, 0.00023174442899013097, 
    0, -0.00023174442899013422}, {0.00023174442899009901, 
    0.00010704173865356496, -0.00006174688435938164, 0.0006116911740849135}, 
   {0, -0.00006174688435910557, 0.9988723606733938, -0.00006174688435933805}, 
   {-0.00023174442899008438, 0.0006116911740850501, -0.00006174688435915134, 
    0.00010704173865325184}}, {{-0.5243680372978305, -0.0002317444289901271, 
    0.00023174442899009267, 0}, {-0.00023174442899008018, 
    0.00010704173865294046, 0.0006116911740850729, -0.0000617468843592819}, 
   {0.00023174442899004751, 0.0006116911740853695, 0.0001070417386530853, 
    -0.00006174688435914952}, {0, -0.00006174688435921784, 
    -0.00006174688435926136, 0.9988723606733951}}}, 
 {{{0., 0.023931841268249248, 0.0239318412682492, 0.023931841268249304}, 
   {-0.023931841268249248, 0., -0.018595946207765227, 0.018595946207764988}, 
   {-0.0239318412682492, 0.018595946207765227, 0., -0.0185959462077651}, 
   {-0.023931841268249304, -0.018595946207764988, 0.0185959462077651, 0.}}, 
  {{0., 0.0239318412682492, 0.02393184126824921, 0.02393184126824934}, 
   {-0.0239318412682492, 0., -0.01859594620776507, 0.018595946207765245}, 
   {-0.02393184126824921, 0.01859594620776507, 0., -0.0185959462077651}, 
   {-0.02393184126824934, -0.018595946207765245, 0.0185959462077651, 0.}}}, 
 {0, 0}, {{-1.568903300412014, -1.5647581839124851}, 
  {-6.299272421693022, -1.5730484169115413, -1.5765877939349697}, 
  {-1.5725863148441115, -1.5684411983445825}, {{2, 0.005760741358750283}, 
   {3, 0.004513722524610953}, {4, 0.003537065608781715}, 
   {5, 0.0027721367227241216}}, {{2, 0.20837644610623896}, 
   {3, 0.02715600153961814}, {4, 0.06076783990203616}, 
   {5, 0.11148108080516447}}, {4.135325385385263*^-11, 0.9932532089439156}}}
