{7, 32, {{{-0.5247934766854803, 0, -0.00004624132664430266, 
    0.00004624132664429801}, {0, 0.9997510668982517, 9.527220160918666*^-6, 
    9.527220161130753*^-6}, {-0.00004624132664427289, 9.527220161552894*^-6, 
    -2.612614689247346*^-6, 0.00011276017771345747}, 
   {0.00004624132664429289, 9.527220160993649*^-6, 0.00011276017771345029, 
    -2.6126146888127977*^-6}}, 
  {{-0.5247934766854804, 0.000046241326644287024, 0, 
    -0.000046241326644293855}, {0.00004624132664426553, 
    -2.612614689134155*^-6, 9.527220161566907*^-6, 0.00011276017771359259}, 
   {0, 9.52722016090841*^-6, 0.9997510668982522, 9.527220161034652*^-6}, 
   {-0.00004624132664429674, 0.00011276017771336758, 9.527220161105986*^-6, 
    -2.612614689256887*^-6}}, {{-0.5247934766854808, -0.00004624132664426126, 
    0.00004624132664426053, 0}, {-0.000046241326644204876, 
    -2.612614689532708*^-6, 0.00011276017771338597, 9.527220160992703*^-6}, 
   {0.000046241326644210195, 0.00011276017771357871, -2.6126146892846425*^-6, 
    9.527220161089192*^-6}, {0, 9.527220161118013*^-6, 9.527220161019317*^-6, 
    0.9997510668982529}}}, 
 {{{0., 0.00468609683747651, 0.004686096837476505, 0.004686096837476526}, 
   {-0.00468609683747651, 0., -0.004770540799517513, 0.004770540799517858}, 
   {-0.004686096837476505, 0.004770540799517513, 0., -0.004770540799517791}, 
   {-0.004686096837476526, -0.004770540799517858, 0.004770540799517791, 0.}}, 
  {{0., 0.004686096837476514, 0.004686096837476522, 0.004686096837476531}, 
   {-0.004686096837476514, 0., -0.00477054079951748, 0.004770540799517872}, 
   {-0.004686096837476522, 0.00477054079951748, 0., -0.004770540799517814}, 
   {-0.004686096837476531, -0.004770540799517872, 0.004770540799517814, 
    0.}}}, {0, 0}, {{-1.5735673996946655, -1.5730804062259638}, 
  {-6.298449355512312, -1.5740543931633673, -1.5751702845927886}, 
  {-1.5740587810003468, -1.573571787531645}, {{2, 0.0022412113167639804}, 
   {3, 0.0008776939775994759}, {4, 0.00034375036640442794}, 
   {5, 0.00013463576513984138}, {6, 0.00005273327158006498}}, 
  {{2, 0.09898293833650776}, {3, 0.03955913940075948}, 
   {4, 0.0193834406662802}, {5, 0.011887324022641243}, 
   {6, 0.009010053032394966}}, {1.178706522450855*^-14, 0.998507330596392}}}
