{10, 32, {{{-0.5244271880327573, 0, -0.00026290792541496086, 
    0.0002629079254149532}, {0, 0.9986047807913034, 0.00004572796666130121, 
    0.000045727966661208617}, {-0.00026290792541494096, 
    0.000045727966661261824, -5.497041319071135*^-6, 0.0006406872147395651}, 
   {0.0002629079254149541, 0.00004572796666124629, 0.0006406872147396147, 
    -5.497041319073304*^-6}}, {{-0.5244271880327573, 0.0002629079254149578, 
    0, -0.0002629079254149479}, {0.0002629079254149337, -5.4970413191106*^-6, 
    0.00004572796666126395, 0.0006406872147396199}, 
   {0, 0.00004572796666129629, 0.9986047807913037, 0.00004572796666120838}, 
   {-0.00026290792541495235, 0.0006406872147396805, 0.000045727966661247045, 
    -5.497041319163509*^-6}}, {{-0.5244271880327578, -0.0002629079254149412, 
    0.00026290792541493874, 0}, {-0.0002629079254148882, 
    -5.497041319244174*^-6, 0.0006406872147397568, 0.00004572796666125613}, 
   {0.0002629079254148921, 0.0006406872147396811, -5.4970413192745315*^-6, 
    0.00004572796666125048}, {0, 0.00004572796666121905, 
    0.00004572796666122088, 0.9986047807913041}}}, 
 {{{0., 0.011240088582152558, 0.011240088582152568, 0.011240088582152558}, 
   {-0.011240088582152558, 0., -0.011240486695411413, 0.011240486695411426}, 
   {-0.011240088582152568, 0.011240486695411413, 0., -0.01124048669541143}, 
   {-0.011240088582152558, -0.011240486695411426, 0.01124048669541143, 0.}}, 
  {{0., 0.011240088582152565, 0.011240088582152554, 0.011240088582152585}, 
   {-0.011240088582152565, 0., -0.011240486695411389, 0.011240486695411467}, 
   {-0.011240088582152554, 0.011240486695411389, 0., -0.011240486695411483}, 
   {-0.011240088582152585, -0.011240486695411467, 0.011240486695411483, 
    0.}}}, {0, 0}, {{-1.568700996773527, -1.5659364833336937}, 
  {-6.29843639483835, -1.571465510213359, -1.577752687205816}, 
  {-1.5714655591715794, -1.568701045731746}, {{2, 0.005362881624692985}, 
   {3, 0.0021040820577006847}, {4, 0.0008259585934055937}, 
   {5, 0.0003243054858456315}, {6, 0.00012734773887074918}, 
   {7, 0.000050008575293452456}, {8, 0.0000196383123158006}, 
   {9, 7.7119885515467*^-6}}, {{2, 0.09050036062017726}, 
   {3, 0.03191222613327484}, {4, 0.011998737006061178}, 
   {5, 0.004585975041460151}, {6, 0.0017341875924305795}, 
   {7, 0.0006232117220498544}, {8, 0.00018829336996124666}, 
   {9, 0.00001770952497217977}}, {2.0170222800127314*^-12, 
   0.9916578300345397}}}
