{7, 32, {{{-0.5247879014944934, 0, -0.000046646869138440966, 
    0.00004664686913845474}, {0, 0.9997555480281319, 4.593778730179433*^-6, 
    4.593778729938743*^-6}, {-0.00004664686913842675, 4.59377872996719*^-6, 
    2.819054857115637*^-6, 0.00011528628465961007}, 
   {0.000046646869138443114, 4.593778730164762*^-6, 0.00011528628465963767, 
    2.819054856818999*^-6}}, {{-0.5247879014944934, 0.000046646869138436365, 
    0, -0.00004664686913844659}, {0.00004664686913840796, 
    2.819054857076172*^-6, 4.593778729964225*^-6, 0.00011528628465976061}, 
   {0, 4.5937787301853584*^-6, 0.9997555480281322, 4.593778729847906*^-6}, 
   {-0.000046646869138442796, 0.00011528628465959029, 4.593778730258586*^-6, 
    2.819054856773029*^-6}}, {{-0.5247879014944934, -0.000046646869138400803, 
    0.000046646869138402227, 0}, {-0.000046646869138362884, 
    2.819054856922215*^-6, 0.00011528628465944671, 4.5937787301746655*^-6}, 
   {0.00004664686913837191, 0.00011528628465967529, 2.8190548568562956*^-6, 
    4.593778730264298*^-6}, {0, 4.593778729932224*^-6, 4.593778729844345*^-6, 
    0.9997555480281333}}}, 
 {{{0., 0.004852596674983374, 0.0048525966749833616, 0.004852596674983367}, 
   {-0.004852596674983374, 0., -0.004646835588937815, 0.00464683558893764}, 
   {-0.0048525966749833616, 0.004646835588937815, 0., -0.004646835588937692}, 
   {-0.004852596674983367, -0.00464683558893764, 0.004646835588937692, 0.}}, 
  {{0., 0.004852596674983359, 0.004852596674983362, 0.004852596674983372}, 
   {-0.004852596674983359, 0., -0.004646835588937869, 0.004646835588937648}, 
   {-0.004852596674983362, 0.004646835588937869, 0., -0.004646835588937703}, 
   {-0.004852596674983372, -0.004646835588937648, 0.004646835588937703, 
    0.}}}, {0, 0}, {{-1.5735451946155696, -1.5730408979761883}, 
  {-6.298449566543495, -1.5740494912549527, -1.575175292016795}, 
  {-1.5740387995952947, -1.5735345029559134}, {{2, 0.002320800066479004}, 
   {3, 0.0009088613011354676}, {4, 0.0003559590984724588}, 
   {5, 0.0001394187060101068}, {6, 0.000054607148838269753}}, 
  {{2, 0.06342480019290819}, {3, 0.007532489075645356}, 
   {4, 0.011444164680865166}, {5, 0.01849482198517956}, 
   {6, 0.021201132077017633}}, {1.0068014702767675*^-14, 0.9985341842281933}}}
