{9, 32, {{{-0.5191275637821158, 0, -0.0036849899006445846, 
    0.003684989900644569}, {0, 0.9818328695896579, 0.0006264585252877997, 
    0.0006264585252877791}, {-0.003684989900644538, 0.0006264585252877598, 
    -0.00001638499766211431, 0.008541508431713906}, 
   {0.0036849899006445577, 0.0006264585252877236, 0.00854150843171391, 
    -0.000016384997662057497}}, {{-0.5191275637821159, 0.003684989900644574, 
    0, -0.0036849899006445724}, {0.003684989900644541, 
    -0.00001638499766209783, 0.0006264585252877641, 0.008541508431713902}, 
   {0, 0.000626458525287796, 0.9818328695896577, 0.0006264585252877984}, 
   {-0.0036849899006445603, 0.008541508431713895, 0.0006264585252877303, 
    -0.000016384997662072243}}, {{-0.5191275637821159, -0.003684989900644518, 
    0.0036849899006445325, 0}, {-0.0036849899006444935, 
    -0.000016384997662165918, 0.00854150843171397, 0.0006264585252877578}, 
   {0.003684989900644491, 0.008541508431713942, -0.000016384997662127754, 
    0.0006264585252877623}, {0, 0.0006264585252877572, 0.0006264585252877329, 
    0.9818328695896578}}}, 
 {{{0., 0.04054503444894604, 0.04054503444894604, 0.04054503444894609}, 
   {-0.04054503444894604, 0., -0.040654386784814464, 0.04065438678481429}, 
   {-0.04054503444894604, 0.040654386784814464, 0., -0.040654386784814284}, 
   {-0.04054503444894609, -0.04065438678481429, 0.040654386784814284, 0.}}, 
  {{0., 0.04054503444894604, 0.04054503444894603, 0.04054503444894615}, 
   {-0.04054503444894604, 0., -0.040654386784814284, 0.04065438678481453}, 
   {-0.04054503444894603, 0.040654386784814284, 0., -0.04065438678481452}, 
   {-0.04054503444894615, -0.04065438678481453, 0.04065438678481452, 0.}}}, 
 {0, 0}, {{-1.4989081865191438, -1.4637951566890446}, 
  {-6.296482175741873, -1.5340212163492475, -1.6142198715216889}, 
  {-1.5340685672996588, -1.4989555374695596}, {{2, 0.019607177852127948}, 
   {3, 0.007921883741774521}, {4, 0.0032281922588470735}, 
   {5, 0.0013205852539822371}, {6, 0.0005411111447674866}, 
   {7, 0.00022187235033900576}, {8, 0.00009100018855366654}}, 
  {{2, 0.09360511376289145}, {3, 0.034559802053524866}, 
   {4, 0.014124804383277437}, {5, 0.006276395385703793}, 
   {6, 0.0031408092415517006}, {7, 0.0018682693054531574}, 
   {8, 0.0013485293249167808}}, {4.514862082970615*^-9, 0.8958295897765961}}}
