{10, 32, {{{-0.5128350685736391, 0, -0.008128862578092953, 
    0.008128862578092925}, {0, 0.9622300257143073, 0.001250032942680654, 
    0.0012500329426806582}, {-0.008128862578092914, 0.0012500329426805555, 
    0.00023141441196126078, 0.018219617177583813}, 
   {0.00812886257809292, 0.0012500329426805724, 0.01821961717758378, 
    0.00023141441196120396}}, {{-0.5128350685736394, 0.008128862578092946, 0, 
    -0.008128862578092921}, {0.008128862578092897, 0.00023141441196128853, 
    0.0012500329426805624, 0.018219617177583802}, 
   {0, 0.0012500329426806665, 0.9622300257143073, 0.0012500329426806585}, 
   {-0.008128862578092907, 0.018219617177583778, 0.00125003294268057, 
    0.0002314144119612005}}, {{-0.5128350685736393, -0.008128862578092894, 
    0.008128862578092878, 0}, {-0.008128862578092862, 0.0002314144119612057, 
    0.01821961717758384, 0.0012500329426806231}, 
   {0.008128862578092866, 0.018219617177583847, 0.00023141441196122825, 
    0.0012500329426806292}, {0, 0.0012500329426806027, 0.0012500329426805808, 
    0.9622300257143072}}}, 
 {{{0., 0.05886933601458555, 0.05886933601458558, 0.058869336014585605}, 
   {-0.05886933601458555, 0., -0.05862484313052265, 0.058624843130522374}, 
   {-0.05886933601458558, 0.05862484313052265, 0., -0.05862484313052238}, 
   {-0.058869336014585605, -0.058624843130522374, 0.05862484313052238, 0.}}, 
  {{0., 0.058869336014585535, 0.05886933601458555, 0.0588693360145857}, 
   {-0.058869336014585535, 0., -0.05862484313052245, 0.0586248431305227}, 
   {-0.05886933601458555, 0.05862484313052245, 0., -0.05862484313052269}, 
   {-0.0588693360145857, -0.0586248431305227, 0.05862484313052269, 0.}}}, 
 {0, 0}, {{-1.4194174231412546, -1.348042146451679}, 
  {-6.28957552805675, -1.4907926998308287, -1.653995064197546}, 
  {-1.4906444838967792, -1.4192692072072035}, {{2, 0.02876076915054751}, 
   {3, 0.012055477433942197}, {4, 0.0051598208599275275}, 
   {5, 0.0022301527785631575}, {6, 0.0009681482954709691}, 
   {7, 0.00042110439523476706}, {8, 0.00018331823955151927}, 
   {9, 0.0000798329609923154}}, {{2, 0.09217292290035935}, 
   {3, 0.03316312567371868}, {4, 0.012251073161734856}, 
   {5, 0.003882960080566928}, {6, 0.0003670827097162102}, 
   {7, 0.0011407856013038746}, {8, 0.0017932048505470664}, 
   {9, 0.0020765724621258598}}, {4.0596646665829276*^-8, 0.7937311559598725}}}
