{9, 32, {{{-0.5228802576790107, 0, -0.0012179173890820307, 
    0.001217917389082039}, {0, 0.993675602515218, 0.0002219725986911047, 
    0.00022197259869101492}, {-0.0012179173890820025, 0.0002219725986909824, 
    -0.000032280193811854135, 0.00291562691661944}, 
   {0.0012179173890820277, 0.0002219725986910725, 0.002915626916619474, 
    -0.00003228019381181814}}, {{-0.5228802576790108, 0.0012179173890820411, 
    0, -0.001217917389082038}, {0.0012179173890819947, 
    -0.0000322801938118537, 0.00022197259869097654, 0.0029156269166194415}, 
   {0, 0.00022197259869109976, 0.9936756025152179, 0.0002219725986910069}, 
   {-0.0012179173890820207, 0.00291562691661946, 0.00022197259869107265, 
    -0.00003228019381179559}}, {{-0.522880257679011, -0.001217917389082004, 
    0.001217917389081982, 0}, {-0.0012179173890819513, 
    -0.000032280193811980336, 0.0029156269166194333, 0.0002219725986910811}, 
   {0.0012179173890819505, 0.0029156269166194593, -0.00003228019381196212, 
    0.00022197259869108935}, {0, 0.00022197259869101622, 
    0.00022197259869100126, 0.9936756025152182}}}, 
 {{{0., 0.023829280111354198, 0.023829280111354212, 0.023829280111354247}, 
   {-0.023829280111354198, 0., -0.023985254250141218, 0.02398525425014108}, 
   {-0.023829280111354212, 0.023985254250141218, 0., -0.023985254250141093}, 
   {-0.023829280111354247, -0.02398525425014108, 0.023985254250141093, 0.}}, 
  {{0., 0.023829280111354212, 0.02382928011135421, 0.02382928011135428}, 
   {-0.023829280111354212, 0., -0.023985254250141155, 0.02398525425014124}, 
   {-0.02382928011135421, 0.023985254250141155, 0., -0.023985254250141246}, 
   {-0.02382928011135428, -0.02398525425014124, 0.023985254250141246, 0.}}}, 
 {0, 0}, {{-1.548041511891189, -1.5356594547329934}, 
  {-6.298223415642133, -1.5604235690493868, -1.5886881387716798}, 
  {-1.5604640923193427, -1.548082035161147}, {{2, 0.011421361807014661}, 
   {3, 0.0045180307871227}, {4, 0.0017918317498666417}, 
   {5, 0.0007114357811545333}, {6, 0.0002826027864424943}, 
   {7, 0.00011227904369654623}, {8, 0.0000446121906571631}}, 
  {{2, 0.09461164814834958}, {3, 0.03557078805311456}, 
   {4, 0.015404764272005808}, {5, 0.007833698417124812}, 
   {6, 0.004890953404932363}, {7, 0.003731765183608578}, 
   {8, 0.0032727413093907587}}, {1.9039956804995738*^-10, 
   0.9626485498159908}}}
{3, 32, {{{-0.52287623082731, 0, -0.0012192532402099316, 
    0.001219253240209928}, {0, 0.9936718487368739, 0.0002201492100488957, 
    0.0002201492100490014}, {-0.0012192532402098822, 0.00022014921004906614, 
    -0.0000300777951654182, 0.00291921905140427}, 
   {0.0012192532402099214, 0.0002201492100489471, 0.0029192190514041915, 
    -0.00003007779516537093}}, {{-0.52287623082731, 0.0012192532402099322, 0, 
    -0.001219253240209927}, {0.0012192532402098967, -0.000030077795165435114, 
    0.0002201492100490636, 0.002919219051404251}, 
   {0, 0.00022014921004890345, 0.993671848736874, 0.00022014921004900984}, 
   {-0.0012192532402099262, 0.0029192190514041962, 0.0002201492100489354, 
    -0.000030077795165339705}}, 
  {{-0.5228762308273102, -0.0012192532402098984, 0.0012192532402098975, 0}, 
   {-0.0012192532402098542, -0.000030077795165507105, 0.002919219051404332, 
    0.00022014921004897203}, {0.0012192532402098472, 0.002919219051404264, 
    -0.000030077795165506238, 0.000220149210048963}, 
   {0, 0.00022014921004896444, 0.00022014921004898712, 0.9936718487368742}}}, 
 {{{0., 0.023853387261157686, 0.023853387261157682, 0.023853387261157714}, 
   {-0.023853387261157686, 0., -0.023985899801908135, 0.02398589980190802}, 
   {-0.023853387261157682, 0.023985899801908135, 0., -0.023985899801908017}, 
   {-0.023853387261157714, -0.02398589980190802, 0.023985899801908017, 0.}}, 
  {{0., 0.023853387261157682, 0.023853387261157682, 0.023853387261157766}, 
   {-0.023853387261157682, 0., -0.02398589980190803, 0.023985899801908142}, 
   {-0.023853387261157682, 0.02398589980190803, 0., -0.023985899801908142}, 
   {-0.023853387261157766, -0.023985899801908142, 0.023985899801908142, 
    0.}}}, {0, 0}, {{-1.5480145414910351, -1.5356199578903524}, 
  {-6.298201425623278, -1.5604091250917174, -1.5886915877199215}, 
  {-1.5604435528597005, -1.5480489692590178}, {{2, 0.000028512530279196924}}, 
  {{2, 0.0027776461954768066}}, {1.9043031720448448*^-10, 
   0.9626267306117571}}}
