{10, 32, {{{-0.5128350685736391, 0, -0.008128862578092953, 
    0.008128862578092925}, {0, 0.9622300257143073, 0.001250032942680654, 
    0.0012500329426806582}, {-0.008128862578092914, 0.0012500329426805555, 
    0.00023141441196126078, 0.018219617177583813}, 
   {0.00812886257809292, 0.0012500329426805724, 0.01821961717758378, 
    0.00023141441196120396}}, {{-0.5128350685736394, 0.008128862578092946, 0, 
    -0.008128862578092921}, {0.008128862578092897, 0.00023141441196128853, 
    0.0012500329426805624, 0.018219617177583802}, 
   {0, 0.0012500329426806665, 0.9622300257143073, 0.0012500329426806585}, 
   {-0.008128862578092907, 0.018219617177583778, 0.00125003294268057, 
    0.0002314144119612005}}, {{-0.5128350685736393, -0.008128862578092894, 
    0.008128862578092878, 0}, {-0.008128862578092862, 0.0002314144119612057, 
    0.01821961717758384, 0.0012500329426806231}, 
   {0.008128862578092866, 0.018219617177583847, 0.00023141441196122825, 
    0.0012500329426806292}, {0, 0.0012500329426806027, 0.0012500329426805808, 
    0.9622300257143072}}}, 
 {{{0., 0.05886933601458555, 0.05886933601458558, 0.058869336014585605}, 
   {-0.05886933601458555, 0., -0.05862484313052265, 0.058624843130522374}, 
   {-0.05886933601458558, 0.05862484313052265, 0., -0.05862484313052238}, 
   {-0.058869336014585605, -0.058624843130522374, 0.05862484313052238, 0.}}, 
  {{0., 0.058869336014585535, 0.05886933601458555, 0.0588693360145857}, 
   {-0.058869336014585535, 0., -0.05862484313052245, 0.0586248431305227}, 
   {-0.05886933601458555, 0.05862484313052245, 0., -0.05862484313052269}, 
   {-0.0588693360145857, -0.0586248431305227, 0.05862484313052269, 0.}}}, 
 {0, 0}, {{-1.4194174231412546, -1.348042146451679}, 
  {-6.28957552805675, -1.4907926998308287, -1.653995064197546}, 
  {-1.4906444838967792, -1.4192692072072035}, {{2, 0.02876076915054751}, 
   {3, 0.012055477433942197}, {4, 0.0051598208599275275}, 
   {5, 0.0022301527785631575}, {6, 0.0009681482954709691}, 
   {7, 0.00042110439523476706}, {8, 0.00018331823955151927}, 
   {9, 0.0000798329609923154}}, {{2, 0.09217292290035935}, 
   {3, 0.03316312567371868}, {4, 0.012251073161734856}, 
   {5, 0.003882960080566928}, {6, 0.0003670827097162102}, 
   {7, 0.0011407856013038746}, {8, 0.0017932048505470664}, 
   {9, 0.0020765724621258598}}, {4.0596646665829276*^-8, 0.7937311559598725}}}
{3, 32, {{{-0.5128119751156621, 0, -0.008139318677181609, 
    0.008139318677181602}, {0, 0.9622012061302773, 0.0012410842826967687, 
    0.0012410842826967743}, {-0.008139318677181578, 0.0012410842826966425, 
    0.0002430171070909419, 0.018242396615931446}, 
   {0.00813931867718158, 0.0012410842826966625, 0.018242396615931453, 
    0.00024301710709085777}}, {{-0.5128119751156621, 0.008139318677181602, 0, 
    -0.008139318677181602}, {0.00813931867718157, 0.0002430171070909523, 
    0.0012410842826966573, 0.018242396615931453}, 
   {0, 0.0012410842826967709, 0.9622012061302774, 0.0012410842826967414}, 
   {-0.008139318677181583, 0.01824239661593141, 0.0012410842826966893, 
    0.00024301710709082047}}, {{-0.5128119751156621, -0.008139318677181548, 
    0.008139318677181553, 0}, {-0.008139318677181543, 0.00024301710709085256, 
    0.018242396615931463, 0.0012410842826967514}, 
   {0.008139318677181543, 0.01824239661593146, 0.00024301710709087598, 
    0.001241084282696767}, {0, 0.0012410842826966573, 0.0012410842826966575, 
    0.9622012061302772}}}, 
 {{{0., 0.0589260215427177, 0.05892602154271769, 0.05892602154271773}, 
   {-0.0589260215427177, 0., -0.058633947357310964, 0.05863394735731068}, 
   {-0.05892602154271769, 0.058633947357310964, 0., -0.05863394735731067}, 
   {-0.05892602154271773, -0.05863394735731068, 0.05863394735731067, 0.}}, 
  {{0., 0.058926021542717685, 0.058926021542717685, 0.05892602154271781}, 
   {-0.058926021542717685, 0., -0.05863394735731076, 0.058633947357311006}, 
   {-0.058926021542717685, 0.05863394735731076, 0., -0.05863394735731099}, 
   {-0.05892602154271781, -0.058633947357311006, 0.05863394735731099, 0.}}}, 
 {0, 0}, {{-1.4192577267276578, -1.3478137224877378}, 
  {-6.28943365616824, -1.4907017309675779, -1.654015097116542}, 
  {-1.4905246704025312, -1.4190806661626112}, {{2, 0.00006694583076877203}}, 
  {{2, 0.002478312448050939}}, {4.0634488432119756*^-8, 0.7935885292174689}}}
