{7, 32, {{{-0.524654561772146, 0, -0.00012903666485349693, 
    0.00012903666485350064}, {0, 0.999309073201889, 0.000025059390018179054, 
    0.00002505939001798505}, {-0.0001290366648534861, 0.00002505939001784295, 
    -5.59645245889074*^-6, 0.0003145577249277447}, 
   {0.00012903666485350625, 0.000025059390018104406, 0.00031455772492772346, 
    -5.596452458853443*^-6}}, {{-0.524654561772146, 0.00012903666485350424, 
    0, -0.00012903666485350332}, {0.00012903666485350804, 
    -5.596452459027349*^-6, 0.00002505939001784842, 0.00031455772492766437}, 
   {0, 0.000025059390018185186, 0.9993090732018891, 0.000025059390018071108}, 
   {-0.0001290366648535108, 0.00031455772492781876, 0.000025059390018018565, 
    -5.596452458789258*^-6}}, {{-0.5246545617721466, -0.00012903666485346814, 
    0.0001290366648534787, 0}, {-0.00012903666485344846, 
    -5.596452459116254*^-6, 0.0003145577249279929, 0.000025059390018108906}, 
   {0.00012903666485344437, 0.0003145577249279077, -5.596452459205592*^-6, 
    0.000025059390018026825}, {0, 0.000025059390017988878, 
    0.000025059390018080296, 0.9993090732018898}}}, 
 {{{0., 0.007844685591577182, 0.007844685591577175, 0.007844685591577197}, 
   {-0.007844685591577182, 0., -0.007934026869126035, 0.007934026869125943}, 
   {-0.007844685591577175, 0.007934026869126035, 0., -0.00793402686912598}, 
   {-0.007844685591577197, -0.007934026869125943, 0.00793402686912598, 0.}}, 
  {{0., 0.007844685591577187, 0.007844685591577184, 0.007844685591577215}, 
   {-0.007844685591577187, 0., -0.007934026869126056, 0.007934026869125994}, 
   {-0.007844685591577184, 0.007934026869126056, 0., -0.007934026869126004}, 
   {-0.007844685591577215, -0.007934026869125994, 0.007934026869126004, 
    0.}}}, {0, 0}, {{-1.5717020695016903, -1.570343330100288}, 
  {-6.298452355454318, -1.5730608089030924, -1.5761653688240664}, 
  {-1.5730685460846883, -1.571709806683286}, {{2, 0.0037533970305094755}, 
   {3, 0.0014709358530407331}, {4, 0.0005766006213899152}, 
   {5, 0.00022605031889199288}, {6, 0.00008862473198316748}}, 
  {{2, 0.09511326900212477}, {3, 0.03607028106595686}, 
   {4, 0.01601556815000976}, {5, 0.008558983306660583}, 
   {6, 0.005694382299064826}}, {2.4943764721993856*^-13, 0.9958615933156678}}}
