{8, 32, {{{-0.5248617427082429, 0, -5.157272995047297*^-6, 
    5.157272995068893*^-6}, {0, 0.9999725081136757, 8.427724613997184*^-7, 
    8.42772462058292*^-7}, {-5.15727299503996*^-6, 8.427724611457279*^-7, 
    -5.35249526267996*^-8, 0.000012648349153933911}, 
   {5.157272995062777*^-6, 8.427724626866134*^-7, 0.000012648349153439522, 
    -5.352495272264307*^-8}}, {{-0.5248617427082428, 5.157272995060546*^-6, 
    0, -5.157272995068326*^-6}, {5.157272995033263*^-6, 
    -5.352495216449579*^-8, 8.42772461139418*^-7, 0.000012648349153971889}, 
   {0, 8.427724614057531*^-7, 0.9999725081136751, 8.42772462104979*^-7}, 
   {-5.157272995064409*^-6, 0.000012648349153573517, 8.427724626350922*^-7, 
    -5.352495280330771*^-8}}, {{-0.5248617427082427, -5.157272995023656*^-6, 
    5.157272995011179*^-6, 0}, {-5.157272994974086*^-6, 
    -5.352495264891732*^-8, 0.000012648349154021294, 8.427724626896039*^-7}, 
   {5.157272994973773*^-6, 0.000012648349153281025, -5.352495185961814*^-8, 
    8.427724626432572*^-7}, {0, 8.427724620610436*^-7, 8.427724621232683*^-7, 
    0.9999725081136744}}}, 
 {{{0., 0.0015849784078002603, 0.0015849784078002627, 0.0015849784078002555}, 
   {-0.0015849784078002603, 0., -0.0015748399684735563, 
    0.0015748399684721802}, {-0.0015849784078002627, 0.0015748399684735563, 
    0., -0.00157483996847213}, {-0.0015849784078002555, 
    -0.0015748399684721802, 0.00157483996847213, 0.}}, 
  {{0., 0.0015849784078002605, 0.0015849784078002483, 0.001584978407800257}, 
   {-0.0015849784078002605, 0., -0.0015748399684735208, 
    0.0015748399684721486}, {-0.0015849784078002483, 0.0015748399684735208, 
    0., -0.0015748399684720354}, {-0.001584978407800257, 
    -0.0015748399684721486, 0.0015748399684720354, 0.}}}, {0, 0}, 
 {{-1.5744945710136626, -1.5744396657510387}, 
  {-6.298446867611879, -1.5745494762762877, -1.574673957529652}, 
  {-1.5745493006733666, -1.5744943954107427}, {{2, 0.0007562246505214724}, 
   {3, 0.000296044828890534}, {4, 0.00011589605130484393}, 
   {5, 0.000045371355348908064}, {6, 0.00001776215518242393}, 
   {7, 6.953602845544398*^-6}}, {{2, 0.08588477842680059}, 
   {3, 0.027762657951910675}, {4, 0.008032966885899488}, 
   {5, 0.0007051983683087095}, {6, 0.002106238792195836}, 
   {7, 0.0031982894144700043}}, {1.525522334412192*^-17, 0.9998350600186923}}}
