{70, 40, {{{-0.44826775736955493, 0, -0.036465025822313576, 
    0.03646502582231335}, {0, 0.8357755376317362, -0.012061174596949682, 
    -0.012061174596949685}, {-0.036465025822313465, -0.012061174596949775, 
    0.019540670588967548, 0.08905668895735258}, {0.03646502582231338, 
    -0.012061174596949817, 0.08905668895735261, 0.01954067058896792}}, 
  {{-0.44826775736955493, 0.03646502582231356, 0, -0.03646502582231337}, 
   {0.036465025822313465, 0.019540670588967562, -0.012061174596949819, 
    0.0890566889573526}, {0, -0.012061174596949659, 0.8357755376317364, 
    -0.01206117459694965}, {-0.03646502582231338, 0.08905668895735258, 
    -0.012061174596949834, 0.01954067058896794}}, 
  {{-0.44826775736955493, -0.03646502582231333, 0.036465025822313354, 0}, 
   {-0.03646502582231341, 0.019540670588967662, 0.0890566889573526, 
    -0.012061174596949742}, {0.03646502582231339, 0.08905668895735253, 
    0.01954067058896762, -0.012061174596949721}, {0, -0.01206117459695005, 
    -0.01206117459695005, 0.8357755376317361}}}, 
 {{{0., 0.29697097881535206, 0.296970978815352, 0.29697097881535295}, 
   {-0.29697097881535206, 0., -0.22454430235184708, 0.22454430235184636}, 
   {-0.296970978815352, 0.22454430235184708, 0., -0.22454430235184636}, 
   {-0.29697097881535295, -0.22454430235184636, 0.22454430235184636, 0.}}, 
  {{0., 0.29697097881535206, 0.29697097881535195, 0.2969709788153533}, 
   {-0.29697097881535206, 0., -0.22454430235184675, 0.22454430235184702}, 
   {-0.29697097881535195, 0.22454430235184675, 0., -0.22454430235184708}, 
   {-0.2969709788153533, -0.22454430235184702, 0.22454430235184708, 0.}}}, 
 {0, 0}, {{-1.0181834114803954, -0.6478378584296048}, 
  {-6.148614951959899, -1.388528964531183, -1.6857785114487664}, 
  {-1.343368158486252, -0.9730226054354614}, {{2, 0.0002752323455585959}, 
   {3, 0.0002628625061159018}, {4, 0.0002489140047651217}, 
   {5, 0.00023655820284335105}, {6, 0.00022475762032447832}, 
   {7, 0.00021357900282392706}, {8, 0.00020297740009500576}, 
   {9, 0.0001929219925903003}, {10, 0.0001833826565851293}, 
   {11, 0.00017433122543653035}, {12, 0.00016574121504436823}, 
   {13, 0.0001575877228990885}, {14, 0.0001498473191312577}, 
   {15, 0.0001424979478232835}, {16, 0.00013551883579798751}, 
   {17, 0.0001288904084177367}, {18, 0.00012259421175370155}, 
   {19, 0.00011661284057562504}, {20, 0.00011092987166128054}, 
   {21, 0.00010552980197309214}, {22, 0.0001003979912952424}, 
   {23, 0.00009552060896000913}, {24, 0.00009088458432943147}, 
   {25, 0.00008647756072699408}, {26, 0.00008228785254471571}, 
   {27, 0.00007830440527190063}, {28, 0.0000745167582207884}, 
   {29, 0.00007091500973632758}, {30, 0.0000674897847028344}, 
   {31, 0.0000642322041738419}, {32, 0.00006113385696476792}, 
   {33, 0.000058186773065405095}, {34, 0.00005538339873673026}, 
   {35, 0.000052716573173405834}, {36, 0.00005017950661662107}, 
   {37, 0.000047765759817408604}, {38, 0.000045469224754124404}, 
   {39, 0.00004328410651821546}, {40, 0.00004120490628733986}, 
   {41, 0.00003922640531361932}, {42, 0.00003734364985635841}, 
   {43, 0.00003555193699922299}, {44, 0.000033846801291481654}, 
   {45, 0.000032224002161351795}, {46, 0.0000306795120493808}, 
   {47, 0.00002920950521895227}, {48, 0.000027810347197454455}, 
   {49, 0.000026478584811751027}, {50, 0.00002521093677848585}, 
   {51, 0.000024004284817247257}, {52, 0.000022855665252341506}, 
   {53, 0.000021762261075197742}, {54, 0.000020721394439204843}, 
   {55, 0.000019730519561000914}, {56, 0.000018787216005067275}, 
   {57, 0.000017889182327479602}, {58, 0.000017034230058998734}, 
   {59, 0.000016220278008349798}, {60, 0.000015445346866260756}, 
   {61, 0.000014707554093384978}, {62, 0.000014005109076398181}, 
   {63, 0.000013336308536615604}, {64, 0.00001269953217797326}, 
   {65, 0.000012093238559718333}, {66, 0.000011515961182484435}, 
   {67, 0.000010966304775816837}, {68, 0.000010442941775490322}, 
   {69, 9.944608981238279*^-6}}, {{2, 0.11968213212284232}, 
   {3, 0.11981104613205408}, {4, 0.11992296838137276}, 
   {5, 0.12002986763032653}, {6, 0.12013091651180269}, 
   {7, 0.12022657795308903}, {8, 0.12031715376593943}, 
   {9, 0.12040293947396699}, {10, 0.12048420982055152}, 
   {11, 0.12056122192729757}, {12, 0.12063421644753254}, 
   {13, 0.12070341880211904}, {14, 0.12076904028991586}, 
   {15, 0.12083127910627103}, {16, 0.12089032127617767}, 
   {17, 0.12094634151046518}, {18, 0.12099950399224753}, 
   {19, 0.12104996310012062}, {20, 0.12109786407392167}, 
   {21, 0.12114334362826842}, {22, 0.12118653051856583}, 
   {23, 0.12122754606369532}, {24, 0.12126650462918627}, 
   {25, 0.12130351407429163}, {26, 0.1213386761660606}, 
   {27, 0.12137208696320137}, {28, 0.12140383717226201}, 
   {29, 0.12143401247841965}, {30, 0.12146269385295372}, 
   {31, 0.12148995783928913}, {32, 0.12151587681932105}, 
   {33, 0.12154051926158123}, {34, 0.12156394995266324}, 
   {35, 0.12158623021320071}, {36, 0.12160741809957923}, 
   {37, 0.1216275685924595}, {38, 0.12164673377309732}, 
   {39, 0.12166496298836212}, {40, 0.12168230300528193}, 
   {41, 0.12169879815586938}, {42, 0.12171449047292666}, 
   {43, 0.1217294198174671}, {44, 0.12174362399834082}, 
   {45, 0.12175713888460352}, {46, 0.12176999851112916}, 
   {47, 0.12178223517792178}, {48, 0.12179387954355295}, 
   {49, 0.12180496071311367}, {50, 0.12181550632104396}, 
   {51, 0.12182554260917267}, {52, 0.12183509450027877}, 
   {53, 0.12184418566745925}, {54, 0.1218528385995713}, 
   {55, 0.12186107466299403}, {56, 0.12186891415994017}, 
   {57, 0.12187637638353001}, {58, 0.12188347966982652}, 
   {59, 0.12189024144701502}, {60, 0.12189667828190111}, 
   {61, 0.12190280592388472}, {62, 0.12190863934656218}, 
   {63, 0.12191419278709406}, {64, 0.12191947978346987}, 
   {65, 0.12192451320979103}, {66, 0.12192930530968722}, 
   {67, 0.1219338677279711}, {68, 0.12193821154063245}, 
   {69, 0.12194234728326489}}, {0.00012817763016581543, 0.3408300934229551}}}
