{6, 32, {{{-0.5242879836690854, 0, -0.00024065003398748017, 
    0.00024065003398750928}, {0, 0.998852727127576, -0.00011165157435781227, 
    -0.00011165157435802767}, {-0.00024065003398746673, 
    -0.00011165157435798105, 0.0001640947207814038, 0.0006688849037956089}, 
   {0.0002406500339874833, -0.00011165157435806066, 0.0006688849037955068, 
    0.00016409472078131575}}, {{-0.5242879836690852, 0.0002406500339874756, 
    0, -0.00024065003398750188}, {0.0002406500339874844, 
    0.00016409472078163234, -0.00011165157435798511, 0.0006688849037955553}, 
   {0, -0.00011165157435780232, 0.9988527271275758, -0.00011165157435803457}, 
   {-0.00024065003398747938, 0.0006688849037954993, -0.00011165157435806409, 
    0.00016409472078154907}}, {{-0.5242879836690856, -0.00024065003398746038, 
    0.0002406500339874315, 0}, {-0.00024065003398747366, 
    0.00016409472078086646, 0.0006688849037955917, -0.00011165157435803146}, 
   {0.00024065003398744745, 0.0006688849037955738, 0.00016409472078093845, 
    -0.0001116515743580446}, {0, -0.00011165157435803693, 
    -0.00011165157435839324, 0.9988527271275776}}}, 
 {{{0., 0.025767613093640597, 0.025767613093640587, 0.025767613093640722}, 
   {-0.025767613093640597, 0., -0.01791167939220995, 0.017911679392209716}, 
   {-0.025767613093640587, 0.01791167939220995, 0., -0.017911679392209553}, 
   {-0.025767613093640722, -0.017911679392209716, 0.017911679392209553, 0.}}, 
  {{0., 0.02576761309364062, 0.02576761309364057, 0.02576761309364071}, 
   {-0.02576761309364062, 0., -0.01791167939220974, 0.0179116793922098}, 
   {-0.02576761309364057, 0.01791167939220974, 0., -0.017911679392209695}, 
   {-0.02576761309364071, -0.0179116793922098, 0.017911679392209695, 0.}}}, 
 {0, 0}, {{-1.5685882750110878, -1.5641251935042906}, 
  {-6.299404651528928, -1.5730513565178832, -1.5766509692465807}, 
  {-1.5723710127022954, -1.5679079311954982}, {{2, 0.006202769601310788}, 
   {3, 0.004859637923683475}, {4, 0.0038078681679310777}, 
   {5, 0.0029842343487548537}}, {{2, 0.1335078317522333}, 
   {3, 0.028508249611363327}, {4, 0.10710720747267362}, 
   {5, 0.1524381337317136}}, {3.3023100197158634*^-11, 0.9931360761154758}}}
