{3, 28, {{{-0.5248754502844546, 0, -6.551595349699913*^-9, 
    6.551595353481835*^-9}, {0, 0.9999999485621998, -2.3497107418065922*^-8, 
    -2.3497107808249088*^-8}, {-6.551595341196886*^-9, 
    -2.3497108121432304*^-8, 2.825401441107489*^-8, 4.767644134735766*^-8}, 
   {6.551595353796472*^-9, -2.3497107689664496*^-8, 4.767644123549062*^-8, 
    2.8254014359900548*^-8}}, {{-0.5248754502844548, 6.551595348940316*^-9, 
    0, -6.55159535453459*^-9}, {6.551595344785856*^-9, 
    2.8254014317399823*^-8, -2.3497108123693674*^-8, 4.767644124280411*^-8}, 
   {0, -2.349710742237539*^-8, 0.9999999485621998, -2.3497107769701784*^-8}, 
   {-6.551595353272757*^-9, 4.767644119270891*^-8, -2.349710773477293*^-8, 
    2.825401446138187*^-8}}, {{-0.5248754502844546, -6.551595340844971*^-9, 
    6.55159534802111*^-9, 0}, {-6.5515953327374865*^-9, 
    2.8254014368574165*^-8, 4.767644126854867*^-8, -2.3497107688738298*^-8}, 
   {6.5515953388614255*^-9, 4.76764411556163*^-8, 2.8254014378115144*^-8, 
    -2.349710772791318*^-8}, {0, -2.3497107809573845*^-8, 
    -2.3497107767848436*^-8, 0.9999999485621998}}}, 
 {{{0., 0.0001230739031702327, 0.0001230739031702353, 
    0.00012307390317023133}, {-0.0001230739031702327, 0., 
    -0.000025780684052038396, 0.00002578068405203673}, 
   {-0.0001230739031702353, 0.000025780684052038396, 0., 
    -0.00002578068405199744}, {-0.00012307390317023133, 
    -0.00002578068405203673, 0.00002578068405199744, 0.}}, 
  {{0., 0.0001230739031702322, 0.00012307390317023044, 
    0.00012307390317023225}, {-0.0001230739031702322, 0., 
    -0.000025780684052084786, 0.000025780684052046297}, 
   {-0.00012307390317023044, 0.000025780684052084786, 0., 
    -0.00002578068405203145}, {-0.00012307390317023225, 
    -0.000025780684052046297, 0.00002578068405203145, 0.}}}, {0, 0}, 
 {{-1.5746220518945386, -1.5746177884894703}, 
  {-6.298628717335693, -1.574626315299605, -1.5746880433682415}, 
  {-1.5746246301316187, -1.5746203667265504}, {{2, 1.7288478081658966*^-7}}, 
  {{2, 1.5810536045748045}}, {2.9360714441250176*^-28, 0.9999996913732383}}}
{3, 28, {{{-0.5248397885707181, 0, -2.7183922595123424*^-6, 
    2.71839225960526*^-6}, {0, 0.9999676649772881, -0.000016331705589769836, 
    -0.000016331705588445625}, {-2.718392259547901*^-6, 
    -0.000016331705588096248, 0.000019525880203832835, 
    0.000031463092022350704}, {2.7183922594591216*^-6, 
    -0.000016331705588942474, 0.000031463092021669575, 
    0.000019525880203753905}}, {{-0.5248397885707183, 2.718392259503623*^-6, 
    0, -2.7183922596021533*^-6}, {2.7183922595564664*^-6, 
    0.0000195258802038311, -0.00001633170558809245, 0.00003146309202199698}, 
   {0, -0.000016331705589782663, 0.9999676649772875, 
    -0.000016331705588254406}, {-2.718392259461488*^-6, 
    0.000031463092021729666, -0.000016331705589135584, 
    0.00001952588020318058}}, {{-0.5248397885707187, -2.7183922595151325*^-6, 
    2.7183922594931664*^-6, 0}, {-2.7183922595601108*^-6, 
    0.000019525880203622066, 0.000031463092022019365, 
    -0.00001633170558894231}, {2.718392259519754*^-6, 0.00003146309202228817, 
    0.000019525880204207535, -0.000016331705589133917}, 
   {0, -0.00001633170558844904, -0.00001633170558824912, 
    0.9999676649772891}}}, 
 {{{0., 0.0031893167781950884, 0.0031893167781951066, 0.0031893167781950824}, 
   {-0.0031893167781950884, 0., -0.0004125458869032626, 
    0.00041254588690348663}, {-0.0031893167781951066, 0.0004125458869032626, 
    0., -0.0004125458869035893}, {-0.0031893167781950824, 
    -0.00041254588690348663, 0.0004125458869035893, 0.}}, 
  {{0., 0.003189316778195088, 0.003189316778195098, 0.0031893167781950945}, 
   {-0.003189316778195088, 0., -0.0004125458869033118, 
    0.00041254588690340266}, {-0.003189316778195098, 0.0004125458869033118, 
    0., -0.00041254588690345416}, {-0.0031893167781950945, 
    -0.00041254588690340266, 0.00041254588690345416, 0.}}}, {0, 0}, 
 {{-1.5743884876432144, -1.5742780064691884}, 
  {-6.298502158910353, -1.5744989688172397, -1.574752110637937}, 
  {-1.5744508737345928, -1.5743403925605668}, {{2, 0.00010168356836609289}}, 
  {{2, 0.43532378318078413}}, {4.929848456249666*^-21, 0.9998060055463585}}}
{3, 28, {{{-0.5248397936610161, 0, -2.7181982234133344*^-6, 
    2.7181982234448453*^-6}, {0, 0.9999676693922933, 
    -0.000016329329309304227, -0.000016329329309637748}, 
   {-2.7181982234379996*^-6, -0.000016329329307954033, 
    0.000019523048594011216, 0.000031458656098425287}, 
   {2.7181982234685766*^-6, -0.000016329329309652798, 0.00003145865609721906, 
    0.000019523048593488197}}, {{-0.5248397936610156, 2.7181982234356728*^-6, 
    0, -2.718198223456873*^-6}, {2.7181982234048793*^-6, 
    0.000019523048594007747, -0.000016329329307951888, 
    0.000031458656097587415}, {0, -0.000016329329309307348, 
    0.9999676693922913, -0.00001632932930920783}, 
   {-2.718198223448773*^-6, 0.00003145865609744166, -0.000016329329310176885, 
    0.000019523048595065928}}, 
  {{-0.5248397936610159, -2.7181982234406105*^-6, 2.718198223415405*^-6, 0}, 
   {-2.718198223394801*^-6, 0.000019523048593417074, 0.00003145865609730204, 
    -0.000016329329309643593}, {2.7181982234331935*^-6, 
    0.000031458656096704725, 0.00001952304859353937, 
    -0.000016329329310173974}, {0, -0.00001632932930963862, 
    -0.00001632932930921269, 0.9999676693922921}}}, 
 {{{0., 0.0031890894880996306, 0.0031890894880996484, 0.003189089488099623}, 
   {-0.0031890894880996306, 0., -0.0004125458728262056, 
    0.00041254587282612437}, {-0.0031890894880996484, 0.0004125458728262056, 
    0., -0.0004125458728258984}, {-0.003189089488099623, 
    -0.00041254587282612437, 0.0004125458728258984, 0.}}, 
  {{0., 0.0031890894880996358, 0.0031890894880996145, 0.0031890894880996267}, 
   {-0.0031890894880996358, 0., -0.00041254587282655143, 
    0.0004125458728262137}, {-0.0031890894880996145, 0.00041254587282655143, 
    0., -0.00041254587282590585}, {-0.0031890894880996267, 
    -0.0004125458728262137, 0.00041254587282590585, 0.}}}, {0, 0}, 
 {{-1.5743885133894364, -1.5742780400889707}, 
  {-6.298502186065421, -1.574498986689902, -1.5747521063428085}, 
  {-1.574450895543791, -1.5743404222433253}, {{2, 0.00010097701553495216}}, 
  {{2, 0.4353191758391226}}, {4.9298474469249735*^-21, 0.9998060320321005}}}
