{3, 40, {{{-9.359896431268496*^-6, 0, -2.6242889434345396*^-6, 
    2.624288943436325*^-6}, {0, 0.000013118336130333916, 
    7.450690947017863*^-7, 7.450690946997986*^-7}, 
   {-2.624288943438137*^-6, 7.450690947013555*^-7, -1.8792198483966445*^-6, 
    7.869758239905146*^-6}, {2.624288943433048*^-6, 7.450690947012986*^-7, 
    7.869758239906807*^-6, -1.8792198484013894*^-6}}, 
  {{-9.35989643127126*^-6, 2.624288943430883*^-6, 0, 
    -2.6242889434348267*^-6}, {2.624288943435927*^-6, 
    -1.8792198483956183*^-6, 7.45069094697485*^-7, 7.869758239907267*^-6}, 
   {0, 7.450690946987388*^-7, 0.000013118336130330608, 
    7.450690947001355*^-7}, {-2.6242889434299436*^-6, 7.869758239907746*^-6, 
    7.450690947010196*^-7, -1.8792198483965903*^-6}}, 
  {{-9.359896431278264*^-6, -2.624288943435639*^-6, 2.6242889434337146*^-6, 
    0}, {-2.6242889434354277*^-6, -1.8792198483999856*^-6, 
    7.869758239909435*^-6, 7.450690946979712*^-7}, 
   {2.6242889434306144*^-6, 7.86975823991214*^-6, -1.8792198484029585*^-6, 
    7.450690947014929*^-7}, {0, 7.450690947040144*^-7, 7.45069094703116*^-7, 
    0.000013118336130337365}}}, 
 {{{0., 0.5773502691018265, 0.5773502691018269, 0.5773502691018273}, 
   {-0.5773502691018265, 0., -0.5773502690953884, 0.577350269095388}, 
   {-0.5773502691018269, 0.5773502690953884, 0., -0.5773502690953878}, 
   {-0.5773502691018273, -0.577350269095388, 0.5773502690953878, 0.}}, 
  {{0., 0.5773502691018264, 0.5773502691018264, 0.5773502691018279}, 
   {-0.5773502691018264, 0., -0.577350269095389, 0.5773502690953876}, 
   {-0.5773502691018264, 0.577350269095389, 0., -0.5773502690953878}, 
   {-0.5773502691018279, -0.5773502690953876, 0.5773502690953878, 0.}}}, 
 {0, 0}, {{-0.02000000021324517, 0.9599999996377255}, 
  {-5.9599999999789475, -1.0000000000642146, -1.979999999925259}, 
  {-1.00000000005875, -0.020000000207779145}, {{2, 3.3556950181379557*^-6}}, 
  {{2, 5.576159124755877*^-12}}, {0.03703703700076494, 
   5.096505857134246*^-30}}}
