{35, 40, {{{-0.5204242681234776, 0, -0.002821777186477597, 
    0.0028217771864775584}, {0, 0.9858512278720457, 0.0005054400087859431, 
    0.0005054400087859674}, {-0.002821777186477534, 0.0005054400087859017, 
    -0.00004898841637856078, 0.006597059337501535}, 
   {0.0028217771864775506, 0.0005054400087859034, 0.006597059337501527, 
    -0.00004898841637860241}}, {{-0.5204242681234775, 0.0028217771864776035, 
    0, -0.0028217771864775623}, {0.00282177718647756, 
    -0.00004898841637857813, 0.0005054400087859058, 0.006597059337501553}, 
   {0, 0.0005054400087859425, 0.9858512278720455, 0.0005054400087859583}, 
   {-0.002821777186477562, 0.00659705933750152, 0.0005054400087859384, 
    -0.00004898841637862583}}, {{-0.5204242681234774, -0.0028217771864775323, 
    0.002821777186477535, 0}, {-0.0028217771864774872, 
    -0.000048988416378606316, 0.006597059337501494, 0.0005054400087859331}, 
   {0.0028217771864774773, 0.006597059337501514, -0.00004898841637857032, 
    0.0005054400087859546}, {0, 0.0005054400087859405, 0.0005054400087859417, 
    0.9858512278720453}}}, 
 {{{0., 0.07129884690334068, 0.07129884690334068, 0.07129884690334093}, 
   {-0.07129884690334068, 0., -0.07181651054397643, 0.071816510543976}, 
   {-0.07129884690334068, 0.07181651054397643, 0., -0.07181651054397598}, 
   {-0.07129884690334093, -0.071816510543976, 0.07181651054397598, 0.}}, 
  {{0., 0.07129884690334065, 0.07129884690334065, 0.07129884690334101}, 
   {-0.07129884690334065, 0., -0.07181651054397617, 0.07181651054397645}, 
   {-0.07129884690334065, 0.07181651054397617, 0., -0.07181651054397643}, 
   {-0.07129884690334101, -0.07181651054397645, 0.07181651054397643, 0.}}}, 
 {0, 0}, {{-1.5149154558266082, -1.4753976237121567}, 
  {-6.2972280595984085, -1.554433287941061, -1.5941807418581433}, 
  {-1.5545767470973497, -1.5150589149828981}, {{2, 0.011624100704642022}, 
   {3, 0.009221185536681484}, {4, 0.007320634103062371}, 
   {5, 0.005816930934540054}, {6, 0.004626118064426622}, 
   {7, 0.0036820124720973457}, {8, 0.0029326304744546824}, 
   {9, 0.0023371628035660855}, {10, 0.0018635394465795901}, 
   {11, 0.0014865142402842868}, {12, 0.001186173644017685}, 
   {13, 0.000946779715060686}, {14, 0.0007558721834816651}, 
   {15, 0.000603570142239454}, {16, 0.00048202737648686544}, 
   {17, 0.00038500616877337746}, {18, 0.0003075427673659842}, 
   {19, 0.00024568404862315707}, {20, 0.0001962796940498529}, 
   {21, 0.00015681781789675386}, {22, 0.00012529471810882042}, 
   {23, 0.00010011150533859037}, {24, 0.00007999195720695407}, 
   {25, 0.00006391717007256381}, {26, 0.00005107352821664968}, 
   {27, 0.000040811247122310434}, {28, 0.000032611322935652276}, 
   {29, 0.000026059171361073052}, {30, 0.000020823594181568206}, 
   {31, 0.000016639991629124884}, {32, 0.000013296960288081139}, 
   {33, 0.000010625591699217618}, {34, 8.490926105469976*^-6}}, 
  {{2, 0.851770079053385}, {3, 0.501126320427274}, {4, 0.3310359614184516}, 
   {5, 0.23272933826647346}, {6, 0.1700567478836557}, 
   {7, 0.1275550417652933}, {8, 0.09750393681480042}, 
   {9, 0.07562010393499247}, {10, 0.05933751980590621}, 
   {11, 0.04702685098450994}, {12, 0.03760556279455696}, 
   {13, 0.030328113255998396}, {14, 0.02466606104865228}, 
   {15, 0.020236060728178372}, {16, 0.016754762958644632}, 
   {17, 0.01400953090161715}, {18, 0.011838824303723638}, 
   {19, 0.010118698705573123}, {20, 0.00875329187730902}, 
   {21, 0.007667981575602684}, {22, 0.006804377127464147}, 
   {23, 0.006116597689355784}, {24, 0.005568471024497474}, 
   {25, 0.005131402282030833}, {26, 0.004782737857377772}, 
   {27, 0.004504499903133408}, {28, 0.004282401470448217}, 
   {29, 0.004105076163185176}, {30, 0.0039634730883157995}, 
   {31, 0.003850380035541442}, {32, 0.0037600466858330466}, 
   {33, 0.003687886208396625}, {34, 0.0036302385180034457}}, 
  {1.3719737356072912*^-7, 0.9180541330382652}}}
