{12, 32, {{{-0.5193021189526107, 0, -0.0036627377128643237, 
    0.0036627377128643115}, {0, 0.9816787861988868, 0.0007870427122171745, 
    0.0007870427122172294}, {-0.0036627377128642872, 0.0007870427122171849, 
    -0.00019079008529153786, 0.008475763444780994}, 
   {0.0036627377128643102, 0.0007870427122171637, 0.008475763444780939, 
    -0.00019079008529157733}}, {{-0.5193021189526106, 0.0036627377128643137, 
    0, -0.0036627377128643068}, {0.0036627377128642877, 
    -0.00019079008529157343, 0.0007870427122171778, 0.00847576344478099}, 
   {0, 0.0007870427122171691, 0.9816787861988869, 0.0007870427122172187}, 
   {-0.0036627377128643094, 0.008475763444780933, 0.0007870427122171554, 
    -0.00019079008529152008}}, {{-0.5193021189526108, -0.0036627377128642742, 
    0.0036627377128642807, 0}, {-0.003662737712864227, 
    -0.00019079008529155912, 0.008475763444781, 0.000787042712217207}, 
   {0.003662737712864221, 0.008475763444780987, -0.00019079008529160335, 
    0.0007870427122171988}, {0, 0.0007870427122171645, 0.0007870427122171986, 
    0.9816787861988868}}}, 
 {{{0., 0.03992531208995867, 0.03992531208995866, 0.03992531208995869}, 
   {-0.03992531208995867, 0., -0.04112792158151017, 0.041127921581509914}, 
   {-0.03992531208995866, 0.04112792158151017, 0., -0.04112792158150993}, 
   {-0.03992531208995869, -0.041127921581509914, 0.04112792158150993, 0.}}, 
  {{0., 0.03992531208995867, 0.03992531208995866, 0.03992531208995877}, 
   {-0.03992531208995867, 0., -0.04112792158151003, 0.04112792158151016}, 
   {-0.03992531208995866, 0.04112792158151003, 0., -0.04112792158151016}, 
   {-0.03992531208995877, -0.04112792158151016, 0.04112792158151016, 0.}}}, 
 {0, 0}, {{-1.499569378524242, -1.4649930440003145}, 
  {-6.296447594631276, -1.5341457130481682, -1.61407808426747}, 
  {-1.5346664582334262, -1.5000901237094986}, {{2, 0.019304997475916352}, 
   {3, 0.007800213245651749}, {4, 0.0031780790318030605}, 
   {5, 0.001299737382846694}, {6, 0.0005324034908788106}, 
   {7, 0.00021823028340824113}, {8, 0.00008947635253948871}, 
   {9, 0.000036690235309763675}, {10, 0.000015045714733846749}, 
   {11, 6.1699748833687895*^-6}}, {{2, 0.11052038946393006}, 
   {3, 0.04964660917619699}, {4, 0.028576356613628746}, 
   {5, 0.020484981974859044}, {6, 0.017253112081937937}, 
   {7, 0.015941886326265465}, {8, 0.015406518240022366}, 
   {9, 0.015187363832991902}, {10, 0.015097557405918272}, 
   {11, 0.015060740024294412}}, {4.839723792336038*^-9, 0.8949864015646345}}}
