{10, 32, {{{-0.524432368962695, 0, -0.0002624783512716543, 
    0.00026247835127165767}, {0, 0.9986005050999173, 0.0000503444273708414, 
    0.00005034442737069782}, {-0.00026247835127164276, 
    0.00005034442737070102, -0.00001057397058178795, 0.0006383865033145018}, 
   {0.0002624783512716588, 0.00005034442737080508, 0.0006383865033145876, 
    -0.000010573970581897671}}, {{-0.5244323689626951, 0.0002624783512716599, 
    0, -0.000262478351271659}, {0.00026247835127165046, 
    -0.000010573970581895503, 0.00005034442737069732, 0.0006383865033144718}, 
   {0, 0.000050344427370847646, 0.9986005050999172, 0.00005034442737071936}, 
   {-0.00026247835127165924, 0.0006383865033146084, 0.000050344427370777796, 
    -0.000010573970581739811}}, 
  {{-0.5244323689626954, -0.0002624783512716409, 0.0002624783512716235, 0}, 
   {-0.00026247835127161294, -0.000010573970582031245, 0.0006383865033147008, 
    0.000050344427370803695}, {0.00026247835127159885, 0.0006383865033144949, 
    -0.000010573970582100634, 0.000050344427370774584}, 
   {0, 0.000050344427370679825, 0.000050344427370700384, 
    0.998600505099918}}}, 
 {{{0., 0.011174232193333671, 0.011174232193333675, 0.011174232193333687}, 
   {-0.011174232193333671, 0., -0.011289200185081987, 0.011289200185081996}, 
   {-0.011174232193333675, 0.011289200185081987, 0., -0.011289200185081963}, 
   {-0.011174232193333687, -0.011289200185081996, 0.011289200185081963, 0.}}, 
  {{0., 0.011174232193333671, 0.011174232193333687, 0.011174232193333695}, 
   {-0.011174232193333671, 0., -0.011289200185081973, 0.011289200185082057}, 
   {-0.011174232193333687, 0.011289200185081973, 0., -0.011289200185082067}, 
   {-0.011174232193333695, -0.011289200185082057, 0.011289200185082067, 
    0.}}}, {0, 0}, {{-1.5687215600250042, -1.5659732440439953}, 
  {-6.298436405460194, -1.5714698760060126, -1.5777483267240844}, 
  {-1.5714840142646223, -1.5687356982836134}, {{2, 0.005331552635156471}, 
   {3, 0.002091792808384698}, {4, 0.0008211303792770644}, 
   {5, 0.0003224072789296019}, {6, 0.0001266012549312849}, 
   {7, 0.00004971498313434408}, {8, 0.00001952283774773675}, 
   {9, 7.666569860131228*^-6}}, {{2, 0.09656156454196675}, 
   {3, 0.037368245297280375}, {4, 0.017249029324424566}, 
   {5, 0.009759719521102921}, {6, 0.006878504042260158}, 
   {7, 0.005756073364217335}, {8, 0.005316674708722081}, 
   {9, 0.005144335188278691}}, {2.070041466711868*^-12, 0.9916323546260224}}}
