{3, 20, {{{-0.5248728930479152, 0, -5.282361611465318*^-6, 
    5.282361612823528*^-6}, {0, 0.9999660614904213, 1.3493578602911203*^-6, 
    1.3493578611882807*^-6}, {-5.282361611409739*^-6, 1.349357862690348*^-6, 
    2.632331842430946*^-8, 0.000192218185483494}, 
   {5.282361611361539*^-6, 1.3493578611679587*^-6, 0.00019221818548344883, 
    2.6323321895491136*^-8}}, {{-0.5248728930479156, 5.282361611371429*^-6, 
    0, -5.2823616128672555*^-6}, {5.282361611478632*^-6, 
    2.6323319180648896*^-8, 1.349357862761868*^-6, 0.00019221818548482546}, 
   {0, 1.3493578602075554*^-6, 0.9999660614904213, 1.3493578618557327*^-6}, 
   {-5.282361611300882*^-6, 0.00019221818548097609, 1.3493578604703785*^-6, 
    2.6323319579635296*^-8}}, {{-0.5248728930479151, -5.282361611663281*^-6, 
    5.2823616117754445*^-6, 0}, {-5.282361611023819*^-6, 
    2.6323317737358964*^-8, 0.00019221818548487458, 1.3493578621242216*^-6}, 
   {5.282361610927383*^-6, 0.00019221818547937965, 2.632331791430076*^-8, 
    1.3493578615938091*^-6}, {0, 1.3493578605628993*^-6, 
    1.3493578610183563*^-6, 0.9999660614904211}}}, 
 {{{0., 0.0034443916822097776, 0.0034443916822097173, 0.003444391682209306}, 
   {-0.0034443916822097776, 0., -0.0035245278382314824, 
    0.0035245278382287394}, {-0.0034443916822097173, 0.0035245278382314824, 
    0., -0.003524527838229475}, {-0.003444391682209306, 
    -0.0035245278382287394, 0.003524527838229475, 0.}}, 
  {{0., 0.003444391682209798, 0.0034443916822096453, 0.003444391682209483}, 
   {-0.003444391682209798, 0., -0.0035245278382320744, 0.003524527838228771}, 
   {-0.0034443916822096453, 0.0035245278382320744, 0., 
    -0.003524527838229272}, {-0.003444391682209483, -0.003524527838228771, 
    0.003524527838229272, 0.}}}, {0, 0}, 
 {{-1.574588898712013, -1.5745769669892236}, {-0.7873250926742125, 
   -0.3936777618021063, 0.000015215465000051331}, 
  {-1.574600969234696, -1.5745890375119067}, {{2, 0.000014022280964125049}}, 
  {{2, 0.00008013615602034778}}, {1.916927425864991*^-15, 
   0.9997963862190822}}}
