{12, 32, {{{-0.523166255139262, 0, -0.0010069943609862762, 
    0.0010069943609862634}, {0, 0.9948180659866519, 0.0001311560320178325, 
    0.0001311560320177925}, {-0.0010069943609862435, 0.00013115603201785528, 
    0.000029080093383853506, 0.002431967932076863}, 
   {0.0010069943609862637, 0.00013115603201783337, 0.0024319679320767944, 
    0.000029080093383919425}}, {{-0.5231662551392617, 0.0010069943609862862, 
    0, -0.0010069943609862667}, {0.0010069943609862355, 
    0.000029080093383879527, 0.00013115603201785945, 0.0024319679320767926}, 
   {0, 0.00013115603201782443, 0.9948180659866516, 0.00013115603201784877}, 
   {-0.001006994360986261, 0.002431967932076861, 0.0001311560320177746, 
    0.00002908009338395412}}, {{-0.523166255139262, -0.0010069943609862324, 
    0.0010069943609862348, 0}, {-0.0010069943609861865, 
    0.00002908009338382922, 0.0024319679320768525, 0.0001311560320178415}, 
   {0.0010069943609861973, 0.0024319679320768004, 0.000029080093383815342, 
    0.00013115603201778724}, {0, 0.00013115603201776155, 
    0.00013115603201782337, 0.9948180659866518}}}, 
 {{{0., 0.04409501528646724, 0.044095015286467226, 0.044095015286467434}, 
   {-0.04409501528646724, 0., -0.04304726997454471, 0.043047269974544444}, 
   {-0.044095015286467226, 0.04304726997454471, 0., -0.043047269974544486}, 
   {-0.044095015286467434, -0.043047269974544444, 0.043047269974544486, 0.}}, 
  {{0., 0.044095015286467226, 0.04409501528646721, 0.044095015286467476}, 
   {-0.044095015286467226, 0., -0.04304726997454449, 0.043047269974544805}, 
   {-0.04409501528646721, 0.04304726997454449, 0., -0.043047269974544784}, 
   {-0.044095015286467476, -0.043047269974544805, 0.043047269974544784, 
    0.}}}, {0, 0}, {{-1.5519238761333636, -1.5366489147660247}, 
  {-6.298785252402711, -1.5671988375007007, -1.5821937887006547}, 
  {-1.567017362689337, -1.551742401321998}, {{2, 0.00796672648406354}, 
   {3, 0.006266450761831258}, {4, 0.004930391465325597}, 
   {5, 0.0038804435721144087}, {6, 0.003055067649745377}, 
   {7, 0.002405958142969594}, {8, 0.001895252209988485}, 
   {9, 0.0014932784499985668}, {10, 0.0011767753012013882}, 
   {11, 0.0009274940638714368}}, {{2, 0.6849667313779433}, 
   {3, 0.3804665670704544}, {4, 0.2327395896939376}, 
   {5, 0.14747886426113155}, {6, 0.09327024921051996}, 
   {7, 0.05665109546106415}, {8, 0.030887941121584245}, 
   {9, 0.012238658173517675}, {10, 0.0015418288526768513}, 
   {11, 0.011880541429863545}}, {6.363172316367414*^-9, 0.9693084103636388}}}
