{100, 20, {{{-0.4846692131373073, 1.0032044031188277*^-10, 
    0.15677080250335637, -0.1567708024407932}, {-1.003205628050781*^-10, 
    0.36564717623777226, -0.13770506125230172, -0.13770506121535317}, 
   {0.15677080244128097, -0.1377050612130433, 0.34098369688839486, 
    0.46253829612668784}, {-0.15677080250384604, -0.13770506124999282, 
    0.4625382950130742, 0.3409836968883934}}, 
  {{-0.48466921313730726, -0.15677080244128008, 1.0032079340696042*^-10, 
    0.15677080250383996}, {-0.15677080250335632, 0.34098369688839464, 
    -0.1377050612522961, 0.46253829501307026}, {-1.0032056154692924*^-10, 
    -0.13770506121304887, 0.3656471762377732, -0.13770506125000131}, 
   {0.1567708024408005, 0.46253829612669317, -0.13770506121534443, 
    0.3409836968883928}}, {{-0.4846692131373071, 0.15677080250418995, 
    -0.15677080244045635, 1.0029884561779667*^-10}, 
   {0.1567708024404487, 0.34098369688839403, 0.4625382961258712, 
    -0.13770506121441886}, {-0.15677080250418357, 0.4625382950138921, 
    0.34098369688839364, -0.13770506125094148}, {-1.0029895664009914*^-10, 
    -0.13770506125092777, -0.13770506121440493, 0.36564717623777365}}}, 
 {{{0, -0.007787381472872572, -0.007787381472931315, -0.007787381472902394}, 
   {0.007787381472872572, 0, -0.025107872598815712, 0.025107872598816906}, 
   {0.007787381472931315, 0.025107872598815712, 0, -0.025107872598814612}, 
   {0.007787381472902394, -0.025107872598816906, 0.025107872598814612, 0}}, 
  {{0, -0.007787381472931709, -0.007787381472872925, -0.007787381472901703}, 
   {0.007787381472931709, 0, -0.02510787259881582, 0.02510787259881464}, 
   {0.007787381472872925, 0.02510787259881582, 0, -0.0251078725988171}, 
   {0.007787381472901703, -0.02510787259881464, 0.0251078725988171, 0}}}, 
 {0, 0}, {{-0.5345333455835304, -0.5372309736573275}, 
  {-7.1171175487009135, -0.5665115703453407, -2.9920472040051163}, 
  {-0.5375333426477432, -0.5402309707215404}, {{2, 0.0035277678547078195}, 
   {3, 0.0008735876099289653}, {4, 0.000856976331620068}, 
   {5, 0.0008387555809383036}, {6, 0.0008205121143902193}, 
   {7, 0.0008054056575446901}, {8, 0.0007911914640673923}, 
   {9, 0.0007800011646893973}, {10, 0.0007696115230663098}, 
   {11, 0.0007619689457800585}, {12, 0.0007550470848819643}, 
   {13, 0.0007506580526528469}, {14, 0.0007469620079718891}, 
   {15, 0.0007456483625939113}, {16, 0.000745047324653839}, 
   {17, 0.0007467360857211936}, {18, 0.0007492009983129534}, 
   {19, 0.0007539181597962432}, {20, 0.0007595188661088468}, 
   {21, 0.0007673899789355683}, {22, 0.0007762991654664993}, 
   {23, 0.0007875568253083373}, {24, 0.0008000611676996609}, 
   {25, 0.0008150602039866464}, {26, 0.0008315799540448039}, 
   {27, 0.0008508220613231733}, {28, 0.000871941393871218}, 
   {29, 0.0008961122078249388}, {30, 0.0009226241519562084}, 
   {31, 0.0009526476023119373}, {32, 0.000985619637055131}, 
   {33, 0.0010227372219628605}, {34, 0.0010636071573984877}, 
   {35, 0.0011094942808633108}, {36, 0.0011602118010866427}, 
   {37, 0.0012171507356078352}, {38, 0.0012803896153903635}, 
   {39, 0.0013515312532887958}, {40, 0.0014310138576842518}, 
   {41, 0.0015207824364734668}, {42, 0.0016217875492922917}, 
   {43, 0.001736522190689628}, {44, 0.001866701058586169}, 
   {45, 0.0020157016660492313}, {46, 0.00218642888646476}, 
   {47, 0.0023837155972641147}, {48, 0.002612400390480947}, 
   {49, 0.0028797775062594927}, {50, 0.003193963236656293}, 
   {51, 0.0035665575385429374}, {52, 0.004011475970822416}, 
   {53, 0.004548139469103998}, {54, 0.005201163007978765}, 
   {55, 0.006004703556071231}, {56, 0.007003802975798876}, 
   {57, 0.008261018319138502}, {58, 0.009860572054068178}, 
   {59, 0.01191798042112338}, {60, 0.01458496641550086}, 
   {61, 0.018051637926108005}, {62, 0.022518536060591482}, 
   {63, 0.02810588164380151}, {64, 0.03462243022579836}, 
   {65, 0.041186147301320114}, {66, 0.04596738637457887}, 
   {67, 0.054184658591534984}, {68, 0.05685730354707752}, 
   {69, 0.05220552815744617}, {70, 0.043794976456174584}, 
   {71, 0.031485659497219265}, {72, 0.02057509544976166}, 
   {73, 0.012920467711585504}, {74, 0.00728963784323311}, 
   {75, 0.010614633063259174}, {76, 0.016629679216458262}, 
   {77, 0.026801348513025354}, {78, 0.042384207922546845}, 
   {79, 0.06786209114412403}, {80, 0.10710086316935716}, 
   {81, 0.16878686488057143}, {82, 0.24090730061174065}, 
   {83, 0.3361812286170246}, {84, 0.4079861166851977}, 
   {85, 0.48805794841328637}, {86, 0.526179654778314}, 
   {87, 0.5662046715507644}, {88, 0.5803802525067496}, 
   {89, 0.595895219082947}, {90, 0.6005811027442192}, 
   {91, 0.6061486098495616}, {92, 0.6076413393264782}, 
   {93, 0.6096061225628628}, {94, 0.610071083253269}, 
   {95, 0.6107643177755844}, {96, 0.6109056807901805}, 
   {97, 0.6111513381106863}, {98, 0.6111929385377821}, 
   {99, 0.6112804871948526}}, {{2, 0.04702750691033548}, 
   {3, 0.04726153297777043}, {4, 0.047327060617433976}, 
   {5, 0.04739677092821287}, {6, 0.04742602462605076}, 
   {7, 0.047484958527168365}, {8, 0.047513011231625324}, 
   {9, 0.047569532926436425}, {10, 0.047598365035693875}, 
   {11, 0.047653324688757714}, {12, 0.047683230131813956}, 
   {13, 0.0477370832436398}, {14, 0.04776827857072019}, 
   {15, 0.04782145282752186}, {16, 0.047854165808289564}, 
   {17, 0.04790708918601816}, {18, 0.04794157165522767}, 
   {19, 0.04799468418015974}, {20, 0.048031222116653574}, 
   {21, 0.048084988046268574}, {22, 0.04812391320455896}, 
   {23, 0.04817883520795731}, {24, 0.048220539356064976}, 
   {25, 0.04827717574125091}, {26, 0.048322128679671825}, 
   {27, 0.04838111504409577}, {28, 0.0484298880255408}, 
   {29, 0.048491965267437466}, {30, 0.04854526213364875}, 
   {31, 0.04861131362954743}, {32, 0.04867001306322079}, 
   {33, 0.048741115172753854}, {34, 0.04880632916687595}, 
   {35, 0.048883821381294434}, {36, 0.04895697776511519}, 
   {37, 0.04904256231438238}, {38, 0.04912552366919516}, 
   {39, 0.04922141021708476}, {40, 0.049316649080413416}, 
   {41, 0.049425770058310066}, {42, 0.04953663340732169}, 
   {43, 0.04966297296185421}, {44, 0.04979409231739405}, 
   {45, 0.04994320342669204}, {46, 0.05010114994996169}, 
   {47, 0.05028099346765147}, {48, 0.05047535953052015}, 
   {49, 0.05069771393284306}, {50, 0.050942965052132694}, 
   {51, 0.051225887210154704}, {52, 0.05154466067405268}, 
   {53, 0.051916958900393384}, {54, 0.05234618340916715}, 
   {55, 0.05285587805483278}, {56, 0.05345854900264713}, 
   {57, 0.054189355235110793}, {58, 0.055077553164961386}, 
   {59, 0.056180663843239644}, {60, 0.05755787764870982}, 
   {61, 0.05930375848130865}, {62, 0.06151483833325776}, 
   {63, 0.06430335445765745}, {64, 0.06770963347743471}, 
   {65, 0.07163755289257434}, {66, 0.07571280700060197}, 
   {67, 0.07938409060143982}, {68, 0.08211273237592165}, 
   {69, 0.08360947792848747}, {70, 0.08527449953824091}, 
   {71, 0.08471148946354895}, {72, 0.0838416261008702}, 
   {73, 0.08305570636019691}, {74, 0.0824976817065889}, 
   {75, 0.08210397305086986}, {76, 0.0817702410926312}, 
   {77, 0.08132809606384508}, {78, 0.08047303246582502}, 
   {79, 0.07861316229893406}, {80, 0.0734461130186489}, 
   {81, 0.0670989356840806}, {82, 0.05897047402257227}, 
   {83, 0.05060253836445489}, {84, 0.04364573953651255}, 
   {85, 0.03889589495846819}, {86, 0.036102099949717956}, 
   {87, 0.034594385966611296}, {88, 0.03380628016624074}, 
   {89, 0.033392845977936056}, {90, 0.0331717009318479}, 
   {91, 0.03305070679745152}, {92, 0.03298321489498614}, 
   {93, 0.03294501624861282}, {94, 0.03292317800449372}, 
   {95, 0.03291060830022993}, {96, 0.03290334115146126}, 
   {97, 0.032899127186655705}, {98, 0.03289667874120318}, 
   {99, 0.032895254071717894}}, {2.5052986122999737*^-10, 
   0.0023898648583426684}}}
