{37, 32, {{{-0.45762183053804995, 0, -0.03236480662108747, 
    0.03236480662108726}, {0, 0.8606615707868581, -0.012295656893152398, 
    -0.01229565689315243}, {-0.03236480662108736, -0.012295656893152554, 
    0.019171541447548547, 0.077858655602311}, {0.03236480662108729, 
    -0.01229565689315258, 0.07785865560231095, 0.0191715414475488}}, 
  {{-0.45762183053804983, 0.03236480662108747, 0, -0.03236480662108727}, 
   {0.03236480662108734, 0.01917154144754854, -0.012295656893152545, 
    0.07785865560231098}, {0, -0.012295656893152446, 0.8606615707868579, 
    -0.012295656893152413}, {-0.03236480662108729, 0.07785865560231095, 
    -0.012295656893152608, 0.01917154144754879}}, 
  {{-0.45762183053804995, -0.03236480662108726, 0.03236480662108726, 0}, 
   {-0.032364806621087296, 0.019171541447548613, 0.07785865560231102, 
    -0.012295656893152478}, {0.03236480662108733, 0.07785865560231098, 
    0.019171541447548568, -0.012295656893152485}, 
   {0, -0.012295656893152776, -0.012295656893152802, 0.8606615707868577}}}, 
 {{{0., 0.2785537334551813, 0.2785537334551812, 0.27855373345518203}, 
   {-0.2785537334551813, 0., -0.20283091109476792, 0.20283091109476714}, 
   {-0.2785537334551812, 0.20283091109476792, 0., -0.2028309110947672}, 
   {-0.27855373345518203, -0.20283091109476714, 0.2028309110947672, 0.}}, 
  {{0., 0.2785537334551812, 0.2785537334551811, 0.27855373345518236}, 
   {-0.2785537334551812, 0., -0.20283091109476747, 0.2028309110947679}, 
   {-0.2785537334551811, 0.20283091109476747, 0., -0.20283091109476786}, 
   {-0.27855373345518236, -0.2028309110947679, 0.20283091109476786, 0.}}}, 
 {0, 0}, {{-1.076620664469505, -0.7388922111818443}, 
  {-6.189053508817604, -1.4143491177571668, -1.6801776366516354}, 
  {-1.368444596289904, -1.0307161430022431}, {{2, 0.030639056830774662}, 
   {3, 0.025711256721685907}, {4, 0.021776670428290693}, 
   {5, 0.018617747589594738}, {6, 0.016055418271127636}, 
   {7, 0.013953626149978193}, {8, 0.012210913625575304}, 
   {9, 0.010751377568082893}, {10, 0.009517707881555648}, 
   {11, 0.008466174328360776}, {12, 0.00756304599219737}, 
   {13, 0.0067820228934508675}, {14, 0.006102381319781108}, 
   {15, 0.005507624376523079}, {16, 0.004984491863562229}, 
   {17, 0.004522227175409926}, {18, 0.004112029319796179}, 
   {19, 0.003746639329948509}, {20, 0.0034200250958744682}, 
   {21, 0.003127138928174067}, {22, 0.0028637293706780254}, 
   {23, 0.0026261938488116865}, {24, 0.0024114623346689346}, 
   {25, 0.0022169047769429184}, {26, 0.0020402568926112252}, 
   {27, 0.0018795602599087635}, {28, 0.00173311363550821}, 
   {29, 0.0015994331451577581}, {30, 0.0014772195379337272}, 
   {31, 0.0013653311003278823}, {32, 0.001262761133592527}, 
   {33, 0.0011686191319276729}, {34, 0.0010821149788646234}, 
   {35, 0.0010025456181694814}, {36, 0.0009292837637359108}}, 
  {{2, 0.671175379518987}, {3, 0.35305156783109815}, {4, 0.1996180828894255}, 
   {5, 0.1106859674270767}, {6, 0.053409094336167945}, 
   {7, 0.013892817136097635}, {8, 0.014727582610397994}, 
   {9, 0.03622119161124519}, {10, 0.05282258206578022}, 
   {11, 0.06593639358213493}, {12, 0.07648728352638437}, 
   {13, 0.08510712967020702}, {14, 0.09224129485710049}, 
   {15, 0.09821195286112316}, {16, 0.10325739064453565}, 
   {17, 0.10755725690984994}, {18, 0.11124927099497253}, 
   {19, 0.11444056974128594}, {20, 0.11721558983593297}, 
   {21, 0.11964165451063065}, {22, 0.12177300468988073}, 
   {23, 0.12365375478065158}, {24, 0.1253200915627696}, 
   {25, 0.12680193158999276}, {26, 0.12812418543801662}, 
   {27, 0.12930773262473105}, {28, 0.13037018096392428}, 
   {29, 0.13132646347629465}, {30, 0.13218931160307296}, 
   {31, 0.1329696333112676}, {32, 0.13367681741403198}, 
   {33, 0.13431898017049962}, {34, 0.13490316638064595}, 
   {35, 0.13543551434513637}, {36, 0.13592139193603292}}, 
  {0.00006963135537229826, 0.4064381546391094}}}
