{14, 20, {{{-0.5248751465359206, 0, -4.363300947683147*^-6, 
    4.363300949147629*^-6}, {0, 0.9999769019676028, 1.9563442372991742*^-7, 
    1.9563442211133233*^-7}, {-4.36330094867752*^-6, 1.9563442154402524*^-7, 
    3.1448912089608594*^-7, 0.0000662571311125806}, 
   {4.363300947564439*^-6, 1.956344230445983*^-7, 0.00006625713111688135, 
    3.144891151298651*^-7}}, {{-0.5248751465359203, 4.363300947705821*^-6, 0, 
    -4.363300949161008*^-6}, {4.36330094867155*^-6, 3.144891167917302*^-7, 
    1.9563442153069463*^-7, 0.00006625713111286583}, 
   {0, 1.956344237012318*^-7, 0.999976901967605, 1.956344228033843*^-7}, 
   {-4.363300947552259*^-6, 0.0000662571311166769, 1.956344223571776*^-7, 
    3.144891185524745*^-7}}, {{-0.5248751465359203, -4.3633009477556385*^-6, 
    4.36330094773054*^-6, 0}, {-4.363300948539745*^-6, 
    3.1448912012760344*^-7, 0.00006625713111297298, 1.9563442331326022*^-7}, 
   {4.363300948535705*^-6, 0.00006625713111648227, 3.144891150275164*^-7, 
    1.9563442266930104*^-7}, {0, 1.9563442212676527*^-7, 
    1.956344227495275*^-7, 0.9999769019676032}}}, 
 {{{0., 0.0030488396297228583, 0.003048839629722572, 0.0030488396297201643}, 
   {-0.0030488396297228583, 0., -0.002830025242537371, 0.002830025242539736}, 
   {-0.003048839629722572, 0.002830025242537371, 0., -0.0028300252425399906}, 
   {-0.0030488396297201643, -0.002830025242539736, 0.0028300252425399906, 
    0.}}, {{0., 0.003048839629722842, 0.0030488396297225556, 
    0.0030488396297202415}, {-0.003048839629722842, 0., 
    -0.002830025242536287, 0.0028300252425394476}, 
   {-0.0030488396297225556, 0.002830025242536287, 0., -0.002830025242540563}, 
   {-0.0030488396297202415, -0.0028300252425394476, 0.002830025242540563, 
    0.}}}, {0, 0}, {{-1.574606393637323, -1.5745958321470368}, 
  {-0.7873257139461945, -0.39367319129359646, 0.00001033432049918348}, 
  {-1.5746165761299724, -1.5746060146396863}, {{2, 0.0004398695590996178}, 
   {3, 0.0003816758753619246}, {4, 0.00033118848048031065}, 
   {5, 0.00028738449934216344}, {6, 0.0002493813644859895}, 
   {7, 0.00021640971391338575}, {8, 0.00018780541248675448}, 
   {9, 0.00016298814853341753}, {10, 0.00014145842406884787}, 
   {11, 0.00012277859908020865}, {12, 0.00010657320976043168}, 
   {13, 0.00009251223440539646}}, {{2, 0.0006251164180031962}, 
   {3, 0.000557089066338079}, {4, 0.0004980618670718391}, 
   {5, 0.0004468450255674869}, {6, 0.00040240290164036876}, 
   {7, 0.0003638402903567218}, {8, 0.00033037664748952197}, 
   {9, 0.00030133869238152154}, {10, 0.0002761382158209643}, 
   {11, 0.00025426903977681043}, {12, 0.00023528790245693865}, 
   {13, 0.000218814387182973}}, {5.137381949991073*^-16, 0.9998614198081622}}}
