{72, 20, {{{-0.5248722182537839, 0, -5.766351037731875*^-6, 
    5.766351043663914*^-6}, {0, 0.9999664684621654, 7.556178713322929*^-7, 
    7.556178831258172*^-7}, {-5.7663510518657905*^-6, 7.556178720577393*^-7, 
    1.220538104682034*^-7, 0.00031301116049101195}, 
   {5.766351047521757*^-6, 7.55617861593745*^-7, 0.0003130111604932456, 
    1.2205380513045927*^-7}}, {{-0.5248722182537835, 5.766351037204605*^-6, 
    0, -5.7663510460344785*^-6}, {5.766351052282161*^-6, 
    1.2205381236425616*^-7, 7.55617873124845*^-7, 0.00031301116049319185}, 
   {0, 7.556178702899002*^-7, 0.9999664684621637, 7.556178850746329*^-7}, 
   {-5.766351045138529*^-6, 0.0003130111604902439, 7.556178597525241*^-7, 
    1.220538083102074*^-7}}, {{-0.5248722182537846, -5.766351052826924*^-6, 
    5.766351051948716*^-6, 0}, {-5.76635103649133*^-6, 
    1.2205381107015245*^-7, 0.0003130111604917983, 7.556178815651963*^-7}, 
   {5.766351037471288*^-6, 0.00031301116049894137, 1.2205381000329751*^-7, 
    7.55617885817892*^-7}, {0, 7.556178634361907*^-7, 7.556178593508458*^-7, 
    0.9999664684621665}}}, 
 {{{0., 0.00355448430253655, 0.003554484302536975, 0.0035544843025378924}, 
   {-0.00355448430253655, 0., -0.0034448273334169084, 0.0034448273334202134}, 
   {-0.003554484302536975, 0.0034448273334169084, 0., -0.003444827333419019}, 
   {-0.0035544843025378924, -0.0034448273334202134, 0.003444827333419019, 
    0.}}, {{0., 0.003554484302536735, 0.0035544843025370858, 
    0.003554484302537764}, {-0.003554484302536735, 0., 
    -0.0034448273334176157, 0.0034448273334204815}, 
   {-0.0035544843025370858, 0.0034448273334176157, 0., 
    -0.0034448273334193747}, {-0.003554484302537764, -0.0034448273334204815, 
    0.0034448273334193747, 0.}}}, {0, 0}, 
 {{-1.5745894454245752, -1.5745771323297617}, {-0.7873249549870049, 
   -0.3936777801022946, 0.00001530260879212264}, 
  {-1.5746015685879466, -1.574589255493133}, {{2, 0.0004398695590996178}, 
   {3, 0.0003816758753619246}, {4, 0.00033118848048031065}, 
   {5, 0.00028738449934216344}, {6, 0.0002493813644859895}, 
   {7, 0.00021640971391338575}, {8, 0.00018780541248675448}, 
   {9, 0.00016298814853341753}, {10, 0.00014145842406884787}, 
   {11, 0.00012277859908020865}, {12, 0.00010657320976043168}, 
   {13, 0.00009251223440539646}, {14, 0.00008031359720406467}, 
   {15, 0.00006972841607230836}, {16, 0.00006054488829250167}, 
   {17, 0.00005257528546837075}, {18, 0.00004566065733457945}, 
   {19, 0.000039659355305633054}, {20, 0.00003445216198785057}, 
   {21, 0.000029932146660944983}, {22, 0.000026009950434511056}, 
   {23, 0.000022604800453334545}, {24, 0.00001964976807876384}, 
   {25, 0.000017083791397306397}, {26, 0.000014856786068249712}, 
   {27, 0.000012922546592303383}, {28, 0.000011243633626182963}, 
   {29, 9.7850429099486*^-6}, {30, 8.518823991086628*^-6}, 
   {31, 7.4184216973622805*^-6}, {32, 6.4630028753704695*^-6}, 
   {33, 5.632388988389882*^-6}, {34, 5.244110991120272*^-6}, 
   {35, 5.032877050207879*^-6}, {36, 4.8273249722962785*^-6}, 
   {37, 4.627729955006916*^-6}, {38, 4.4342821388793086*^-6}, 
   {39, 4.247104204867691*^-6}, {40, 4.066257776672862*^-6}, 
   {41, 3.891757436969923*^-6}, {42, 3.7235747725342734*^-6}, 
   {43, 3.5616495443435117*^-6}, {44, 3.405891978836386*^-6}, 
   {45, 3.256191710259847*^-6}, {46, 3.1124187895978828*^-6}, 
   {47, 2.9744308780047055*^-6}, {48, 2.842073351006229*^-6}, 
   {49, 2.7151851136879724*^-6}, {50, 2.5935980743522027*^-6}, 
   {51, 2.477141886408408*^-6}, {52, 2.365642989275859*^-6}, 
   {53, 2.2589285070501*^-6}, {54, 2.156825026306344*^-6}, 
   {55, 2.0591618141801668*^-6}, {56, 1.965769441209951*^-6}, 
   {57, 1.8764824699805732*^-6}, {58, 1.7911379970858825*^-6}, 
   {59, 1.7095779151397547*^-6}, {60, 1.6316474398589257*^-6}, 
   {61, 1.5571970352691892*^-6}, {62, 1.4860809390015734*^-6}, 
   {63, 1.4181588266357547*^-6}, {64, 1.3532943815645882*^-6}, 
   {65, 1.2913567277645136*^-6}, {66, 1.232219067365313*^-6}, 
   {67, 1.1757599140309132*^-6}, {68, 1.121861830724331*^-6}, 
   {69, 1.070412487111079*^-6}, {70, 1.021303473242171*^-6}, 
   {71, 9.74431235901312*^-7}}, {{2, 0.0006251164180031962}, 
   {3, 0.000557089066338079}, {4, 0.0004980618670718391}, 
   {5, 0.0004468450255674869}, {6, 0.00040240290164036876}, 
   {7, 0.0003638402903567218}, {8, 0.00033037664748952197}, 
   {9, 0.00030133869238152154}, {10, 0.0002761382158209643}, 
   {11, 0.00025426903977681043}, {12, 0.00023528790245693865}, 
   {13, 0.000218814387182973}, {14, 0.0002045144293988768}, 
   {15, 0.00019210222217168885}, {16, 0.00018132594686176605}, 
   {17, 0.00017197094804631067}, {18, 0.0001638473464650838}, 
   {19, 0.00015679398240244177}, {20, 0.00015066762232729546}, 
   {21, 0.00014534731879559064}, {22, 0.0001407249690026696}, 
   {23, 0.00013670984679386191}, {24, 0.0001332203115975182}, 
   {25, 0.0001301883455282448}, {26, 0.00012755224509939617}, 
   {27, 0.00012526105192860637}, {28, 0.0001232680878486848}, 
   {29, 0.00012153520738315479}, {30, 0.0001200270601422313}, 
   {31, 0.00011871512139032155}, {32, 0.00011757258469688823}, 
   {33, 0.00011657814674461624}, {34, 0.00011571144881528466}, 
   {35, 0.00011495660579412446}, {36, 0.00011429812783344711}, 
   {37, 0.00011372419297421546}, {38, 0.00011322299077788478}, 
   {39, 0.00011278574432949706}, {40, 0.0001124034262025626}, 
   {41, 0.00011206953971676804}, {42, 0.00011177716466487791}, 
   {43, 0.0001115215102134543}, {44, 0.00011129725366918974}, 
   {45, 0.00011110087880232653}, {46, 0.00011092827579700438}, 
   {47, 0.00011077687938163478}, {48, 0.00011064350218332325}, 
   {49, 0.00011052628711366889}, {50, 0.00011042274978096654}, 
   {51, 0.00011033155927904933}, {52, 0.00011025076822392048}, 
   {53, 0.00011017943555407099}, {54, 0.00011011602524571042}, 
   {55, 0.00011005988404685303}, {56, 0.00011000979206125638}, 
   {57, 0.00010996530757112293}, {58, 0.0001099254545270721}, 
   {59, 0.00010988994580787583}, {60, 0.00010985799425987345}, 
   {61, 0.00010982942493060707}, {62, 0.0001098035977047595}, 
   {63, 0.00010978041825147056}, {64, 0.00010975936153784154}, 
   {65, 0.00010974039046087597}, {66, 0.00010972307060831276}, 
   {67, 0.00010970740481582326}, {68, 0.00010969303050864599}, 
   {69, 0.00010967997773731722}, {70, 0.00010966794129023015}, 
   {71, 0.00010965696911823162}}, {1.6711088944659639*^-15, 
   0.9997988276376979}}}
{72, 20, {{{-0.5248722182537839, 0, -5.766351037731875*^-6, 
    5.766351043663914*^-6}, {0, 0.9999664684621654, 7.556178713322929*^-7, 
    7.556178831258172*^-7}, {-5.7663510518657905*^-6, 7.556178720577393*^-7, 
    1.220538104682034*^-7, 0.00031301116049101195}, 
   {5.766351047521757*^-6, 7.55617861593745*^-7, 0.0003130111604932456, 
    1.2205380513045927*^-7}}, {{-0.5248722182537835, 5.766351037204605*^-6, 
    0, -5.7663510460344785*^-6}, {5.766351052282161*^-6, 
    1.2205381236425616*^-7, 7.55617873124845*^-7, 0.00031301116049319185}, 
   {0, 7.556178702899002*^-7, 0.9999664684621637, 7.556178850746329*^-7}, 
   {-5.766351045138529*^-6, 0.0003130111604902439, 7.556178597525241*^-7, 
    1.220538083102074*^-7}}, {{-0.5248722182537846, -5.766351052826924*^-6, 
    5.766351051948716*^-6, 0}, {-5.76635103649133*^-6, 
    1.2205381107015245*^-7, 0.0003130111604917983, 7.556178815651963*^-7}, 
   {5.766351037471288*^-6, 0.00031301116049894137, 1.2205381000329751*^-7, 
    7.55617885817892*^-7}, {0, 7.556178634361907*^-7, 7.556178593508458*^-7, 
    0.9999664684621665}}}, 
 {{{0., 0.00355448430253655, 0.003554484302536975, 0.0035544843025378924}, 
   {-0.00355448430253655, 0., -0.0034448273334169084, 0.0034448273334202134}, 
   {-0.003554484302536975, 0.0034448273334169084, 0., -0.003444827333419019}, 
   {-0.0035544843025378924, -0.0034448273334202134, 0.003444827333419019, 
    0.}}, {{0., 0.003554484302536735, 0.0035544843025370858, 
    0.003554484302537764}, {-0.003554484302536735, 0., 
    -0.0034448273334176157, 0.0034448273334204815}, 
   {-0.0035544843025370858, 0.0034448273334176157, 0., 
    -0.0034448273334193747}, {-0.003554484302537764, -0.0034448273334204815, 
    0.0034448273334193747, 0.}}}, {0, 0}, 
 {{-1.5745894454245752, -1.5745771323297617}, {-0.7873249549870049, 
   -0.3936777801022946, 0.00001530260879212264}, 
  {-1.5746015685879466, -1.574589255493133}, {{2, 0.0004398695590996178}, 
   {3, 0.0003816758753619246}, {4, 0.00033118848048031065}, 
   {5, 0.00028738449934216344}, {6, 0.0002493813644859895}, 
   {7, 0.00021640971391338575}, {8, 0.00018780541248675448}, 
   {9, 0.00016298814853341753}, {10, 0.00014145842406884787}, 
   {11, 0.00012277859908020865}, {12, 0.00010657320976043168}, 
   {13, 0.00009251223440539646}, {14, 0.00008031359720406467}, 
   {15, 0.00006972841607230836}, {16, 0.00006054488829250167}, 
   {17, 0.00005257528546837075}, {18, 0.00004566065733457945}, 
   {19, 0.000039659355305633054}, {20, 0.00003445216198785057}, 
   {21, 0.000029932146660944983}, {22, 0.000026009950434511056}, 
   {23, 0.000022604800453334545}, {24, 0.00001964976807876384}, 
   {25, 0.000017083791397306397}, {26, 0.000014856786068249712}, 
   {27, 0.000012922546592303383}, {28, 0.000011243633626182963}, 
   {29, 9.7850429099486*^-6}, {30, 8.518823991086628*^-6}, 
   {31, 7.4184216973622805*^-6}, {32, 6.4630028753704695*^-6}, 
   {33, 5.632388988389882*^-6}, {34, 5.244110991120272*^-6}, 
   {35, 5.032877050207879*^-6}, {36, 4.8273249722962785*^-6}, 
   {37, 4.627729955006916*^-6}, {38, 4.4342821388793086*^-6}, 
   {39, 4.247104204867691*^-6}, {40, 4.066257776672862*^-6}, 
   {41, 3.891757436969923*^-6}, {42, 3.7235747725342734*^-6}, 
   {43, 3.5616495443435117*^-6}, {44, 3.405891978836386*^-6}, 
   {45, 3.256191710259847*^-6}, {46, 3.1124187895978828*^-6}, 
   {47, 2.9744308780047055*^-6}, {48, 2.842073351006229*^-6}, 
   {49, 2.7151851136879724*^-6}, {50, 2.5935980743522027*^-6}, 
   {51, 2.477141886408408*^-6}, {52, 2.365642989275859*^-6}, 
   {53, 2.2589285070501*^-6}, {54, 2.156825026306344*^-6}, 
   {55, 2.0591618141801668*^-6}, {56, 1.965769441209951*^-6}, 
   {57, 1.8764824699805732*^-6}, {58, 1.7911379970858825*^-6}, 
   {59, 1.7095779151397547*^-6}, {60, 1.6316474398589257*^-6}, 
   {61, 1.5571970352691892*^-6}, {62, 1.4860809390015734*^-6}, 
   {63, 1.4181588266357547*^-6}, {64, 1.3532943815645882*^-6}, 
   {65, 1.2913567277645136*^-6}, {66, 1.232219067365313*^-6}, 
   {67, 1.1757599140309132*^-6}, {68, 1.121861830724331*^-6}, 
   {69, 1.070412487111079*^-6}, {70, 1.021303473242171*^-6}, 
   {71, 9.74431235901312*^-7}}, {{2, 0.0006251164180031962}, 
   {3, 0.000557089066338079}, {4, 0.0004980618670718391}, 
   {5, 0.0004468450255674869}, {6, 0.00040240290164036876}, 
   {7, 0.0003638402903567218}, {8, 0.00033037664748952197}, 
   {9, 0.00030133869238152154}, {10, 0.0002761382158209643}, 
   {11, 0.00025426903977681043}, {12, 0.00023528790245693865}, 
   {13, 0.000218814387182973}, {14, 0.0002045144293988768}, 
   {15, 0.00019210222217168885}, {16, 0.00018132594686176605}, 
   {17, 0.00017197094804631067}, {18, 0.0001638473464650838}, 
   {19, 0.00015679398240244177}, {20, 0.00015066762232729546}, 
   {21, 0.00014534731879559064}, {22, 0.0001407249690026696}, 
   {23, 0.00013670984679386191}, {24, 0.0001332203115975182}, 
   {25, 0.0001301883455282448}, {26, 0.00012755224509939617}, 
   {27, 0.00012526105192860637}, {28, 0.0001232680878486848}, 
   {29, 0.00012153520738315479}, {30, 0.0001200270601422313}, 
   {31, 0.00011871512139032155}, {32, 0.00011757258469688823}, 
   {33, 0.00011657814674461624}, {34, 0.00011571144881528466}, 
   {35, 0.00011495660579412446}, {36, 0.00011429812783344711}, 
   {37, 0.00011372419297421546}, {38, 0.00011322299077788478}, 
   {39, 0.00011278574432949706}, {40, 0.0001124034262025626}, 
   {41, 0.00011206953971676804}, {42, 0.00011177716466487791}, 
   {43, 0.0001115215102134543}, {44, 0.00011129725366918974}, 
   {45, 0.00011110087880232653}, {46, 0.00011092827579700438}, 
   {47, 0.00011077687938163478}, {48, 0.00011064350218332325}, 
   {49, 0.00011052628711366889}, {50, 0.00011042274978096654}, 
   {51, 0.00011033155927904933}, {52, 0.00011025076822392048}, 
   {53, 0.00011017943555407099}, {54, 0.00011011602524571042}, 
   {55, 0.00011005988404685303}, {56, 0.00011000979206125638}, 
   {57, 0.00010996530757112293}, {58, 0.0001099254545270721}, 
   {59, 0.00010988994580787583}, {60, 0.00010985799425987345}, 
   {61, 0.00010982942493060707}, {62, 0.0001098035977047595}, 
   {63, 0.00010978041825147056}, {64, 0.00010975936153784154}, 
   {65, 0.00010974039046087597}, {66, 0.00010972307060831276}, 
   {67, 0.00010970740481582326}, {68, 0.00010969303050864599}, 
   {69, 0.00010967997773731722}, {70, 0.00010966794129023015}, 
   {71, 0.00010965696911823162}}, {1.6711088944659639*^-15, 
   0.9997988276376979}}}
{72, 20, {{{-0.5248722182537839, 0, -5.766351037731875*^-6, 
    5.766351043663914*^-6}, {0, 0.9999664684621654, 7.556178713322929*^-7, 
    7.556178831258172*^-7}, {-5.7663510518657905*^-6, 7.556178720577393*^-7, 
    1.220538104682034*^-7, 0.00031301116049101195}, 
   {5.766351047521757*^-6, 7.55617861593745*^-7, 0.0003130111604932456, 
    1.2205380513045927*^-7}}, {{-0.5248722182537835, 5.766351037204605*^-6, 
    0, -5.7663510460344785*^-6}, {5.766351052282161*^-6, 
    1.2205381236425616*^-7, 7.55617873124845*^-7, 0.00031301116049319185}, 
   {0, 7.556178702899002*^-7, 0.9999664684621637, 7.556178850746329*^-7}, 
   {-5.766351045138529*^-6, 0.0003130111604902439, 7.556178597525241*^-7, 
    1.220538083102074*^-7}}, {{-0.5248722182537846, -5.766351052826924*^-6, 
    5.766351051948716*^-6, 0}, {-5.76635103649133*^-6, 
    1.2205381107015245*^-7, 0.0003130111604917983, 7.556178815651963*^-7}, 
   {5.766351037471288*^-6, 0.00031301116049894137, 1.2205381000329751*^-7, 
    7.55617885817892*^-7}, {0, 7.556178634361907*^-7, 7.556178593508458*^-7, 
    0.9999664684621665}}}, 
 {{{0., 0.00355448430253655, 0.003554484302536975, 0.0035544843025378924}, 
   {-0.00355448430253655, 0., -0.0034448273334169084, 0.0034448273334202134}, 
   {-0.003554484302536975, 0.0034448273334169084, 0., -0.003444827333419019}, 
   {-0.0035544843025378924, -0.0034448273334202134, 0.003444827333419019, 
    0.}}, {{0., 0.003554484302536735, 0.0035544843025370858, 
    0.003554484302537764}, {-0.003554484302536735, 0., 
    -0.0034448273334176157, 0.0034448273334204815}, 
   {-0.0035544843025370858, 0.0034448273334176157, 0., 
    -0.0034448273334193747}, {-0.003554484302537764, -0.0034448273334204815, 
    0.0034448273334193747, 0.}}}, {0, 0}, 
 {{-1.5745894454245752, -1.5745771323297617}, {-0.7873249549870049, 
   -0.3936777801022946, 0.00001530260879212264}, 
  {-1.5746015685879466, -1.574589255493133}, {{2, 0.0004398695590996178}, 
   {3, 0.0003816758753619246}, {4, 0.00033118848048031065}, 
   {5, 0.00028738449934216344}, {6, 0.0002493813644859895}, 
   {7, 0.00021640971391338575}, {8, 0.00018780541248675448}, 
   {9, 0.00016298814853341753}, {10, 0.00014145842406884787}, 
   {11, 0.00012277859908020865}, {12, 0.00010657320976043168}, 
   {13, 0.00009251223440539646}, {14, 0.00008031359720406467}, 
   {15, 0.00006972841607230836}, {16, 0.00006054488829250167}, 
   {17, 0.00005257528546837075}, {18, 0.00004566065733457945}, 
   {19, 0.000039659355305633054}, {20, 0.00003445216198785057}, 
   {21, 0.000029932146660944983}, {22, 0.000026009950434511056}, 
   {23, 0.000022604800453334545}, {24, 0.00001964976807876384}, 
   {25, 0.000017083791397306397}, {26, 0.000014856786068249712}, 
   {27, 0.000012922546592303383}, {28, 0.000011243633626182963}, 
   {29, 9.7850429099486*^-6}, {30, 8.518823991086628*^-6}, 
   {31, 7.4184216973622805*^-6}, {32, 6.4630028753704695*^-6}, 
   {33, 5.632388988389882*^-6}, {34, 5.244110991120272*^-6}, 
   {35, 5.032877050207879*^-6}, {36, 4.8273249722962785*^-6}, 
   {37, 4.627729955006916*^-6}, {38, 4.4342821388793086*^-6}, 
   {39, 4.247104204867691*^-6}, {40, 4.066257776672862*^-6}, 
   {41, 3.891757436969923*^-6}, {42, 3.7235747725342734*^-6}, 
   {43, 3.5616495443435117*^-6}, {44, 3.405891978836386*^-6}, 
   {45, 3.256191710259847*^-6}, {46, 3.1124187895978828*^-6}, 
   {47, 2.9744308780047055*^-6}, {48, 2.842073351006229*^-6}, 
   {49, 2.7151851136879724*^-6}, {50, 2.5935980743522027*^-6}, 
   {51, 2.477141886408408*^-6}, {52, 2.365642989275859*^-6}, 
   {53, 2.2589285070501*^-6}, {54, 2.156825026306344*^-6}, 
   {55, 2.0591618141801668*^-6}, {56, 1.965769441209951*^-6}, 
   {57, 1.8764824699805732*^-6}, {58, 1.7911379970858825*^-6}, 
   {59, 1.7095779151397547*^-6}, {60, 1.6316474398589257*^-6}, 
   {61, 1.5571970352691892*^-6}, {62, 1.4860809390015734*^-6}, 
   {63, 1.4181588266357547*^-6}, {64, 1.3532943815645882*^-6}, 
   {65, 1.2913567277645136*^-6}, {66, 1.232219067365313*^-6}, 
   {67, 1.1757599140309132*^-6}, {68, 1.121861830724331*^-6}, 
   {69, 1.070412487111079*^-6}, {70, 1.021303473242171*^-6}, 
   {71, 9.74431235901312*^-7}}, {{2, 0.0006251164180031962}, 
   {3, 0.000557089066338079}, {4, 0.0004980618670718391}, 
   {5, 0.0004468450255674869}, {6, 0.00040240290164036876}, 
   {7, 0.0003638402903567218}, {8, 0.00033037664748952197}, 
   {9, 0.00030133869238152154}, {10, 0.0002761382158209643}, 
   {11, 0.00025426903977681043}, {12, 0.00023528790245693865}, 
   {13, 0.000218814387182973}, {14, 0.0002045144293988768}, 
   {15, 0.00019210222217168885}, {16, 0.00018132594686176605}, 
   {17, 0.00017197094804631067}, {18, 0.0001638473464650838}, 
   {19, 0.00015679398240244177}, {20, 0.00015066762232729546}, 
   {21, 0.00014534731879559064}, {22, 0.0001407249690026696}, 
   {23, 0.00013670984679386191}, {24, 0.0001332203115975182}, 
   {25, 0.0001301883455282448}, {26, 0.00012755224509939617}, 
   {27, 0.00012526105192860637}, {28, 0.0001232680878486848}, 
   {29, 0.00012153520738315479}, {30, 0.0001200270601422313}, 
   {31, 0.00011871512139032155}, {32, 0.00011757258469688823}, 
   {33, 0.00011657814674461624}, {34, 0.00011571144881528466}, 
   {35, 0.00011495660579412446}, {36, 0.00011429812783344711}, 
   {37, 0.00011372419297421546}, {38, 0.00011322299077788478}, 
   {39, 0.00011278574432949706}, {40, 0.0001124034262025626}, 
   {41, 0.00011206953971676804}, {42, 0.00011177716466487791}, 
   {43, 0.0001115215102134543}, {44, 0.00011129725366918974}, 
   {45, 0.00011110087880232653}, {46, 0.00011092827579700438}, 
   {47, 0.00011077687938163478}, {48, 0.00011064350218332325}, 
   {49, 0.00011052628711366889}, {50, 0.00011042274978096654}, 
   {51, 0.00011033155927904933}, {52, 0.00011025076822392048}, 
   {53, 0.00011017943555407099}, {54, 0.00011011602524571042}, 
   {55, 0.00011005988404685303}, {56, 0.00011000979206125638}, 
   {57, 0.00010996530757112293}, {58, 0.0001099254545270721}, 
   {59, 0.00010988994580787583}, {60, 0.00010985799425987345}, 
   {61, 0.00010982942493060707}, {62, 0.0001098035977047595}, 
   {63, 0.00010978041825147056}, {64, 0.00010975936153784154}, 
   {65, 0.00010974039046087597}, {66, 0.00010972307060831276}, 
   {67, 0.00010970740481582326}, {68, 0.00010969303050864599}, 
   {69, 0.00010967997773731722}, {70, 0.00010966794129023015}, 
   {71, 0.00010965696911823162}}, {1.6711088944659639*^-15, 
   0.9997988276376979}}}
