{16, 25, {{{-0.5205037961596624, 0, -0.0014481595203222923, 
    0.0014481595203221862}, {0, 0.9933977880981408, -0.0013528679531364704, 
    -0.0013528679531364927}, {-0.0014481595203222905, -0.0013528679531363448, 
    0.0017522763752936031, 0.004520511223998824}, 
   {0.0014481595203221947, -0.0013528679531364454, 0.004520511223998625, 
    0.0017522763752936517}}, {{-0.5205037961596622, 0.0014481595203223103, 0, 
    -0.001448159520322199}, {0.001448159520322302, 0.0017522763752935797, 
    -0.0013528679531363392, 0.004520511223998783}, 
   {0, -0.0013528679531364764, 0.9933977880981408, -0.0013528679531364608}, 
   {-0.0014481595203222058, 0.00452051122399889, -0.0013528679531365452, 
    0.0017522763752937653}}, {{-0.5205037961596628, -0.0014481595203224558, 
    0.0014481595203224462, 0}, {-0.0014481595203224473, 
    0.0017522763752928347, 0.0045205112239994315, -0.0013528679531361787}, 
   {0.001448159520322445, 0.004520511223999168, 0.0017522763752928772, 
    -0.0013528679531362834}, {0, -0.0013528679531362184, 
    -0.0013528679531361707, 0.9933977880981408}}}, 
 {{{0., 0.07064918796659343, 0.07064918796659342, 0.07064918796659345}, 
   {-0.07064918796659343, 0., -0.03732336208637447, 0.037323362086374115}, 
   {-0.07064918796659342, 0.03732336208637447, 0., -0.03732336208637406}, 
   {-0.07064918796659345, -0.037323362086374115, 0.03732336208637406, 0.}}, 
  {{0., 0.07064918796659347, 0.07064918796659342, 0.07064918796659345}, 
   {-0.07064918796659347, 0., -0.037323362086374545, 0.037323362086374184}, 
   {-0.07064918796659342, 0.037323362086374545, 0., -0.03732336208637409}, 
   {-0.07064918796659345, -0.037323362086374184, 0.03732336208637409, 0.}}}, 
 {0, 0}, {{-1.5417022860717753, -1.5172286894574512}, 
  {-1.5745622989008536, -0.78308794134305, -0.004193208107376778}, 
  {-1.5604036803232266, -1.5359300837089025}, {{2, 0.01732140260959948}, 
   {3, 0.009574290627900273}, {4, 0.005324978677996889}, 
   {5, 0.002973719842512365}, {6, 0.0016647837240263003}, 
   {7, 0.0009333509583213245}, {8, 0.0005237132587436882}, 
   {9, 0.0002940002276089204}, {10, 0.00016508894127781337}, 
   {11, 0.00009271581629609338}, {12, 0.00005207467357901119}, 
   {13, 0.00002924960667922971}, {14, 0.00001642953094632693}, 
   {15, 9.228621858370367*^-6}}, {{2, 0.23772794262438818}, 
   {3, 0.23699951454596238}, {4, 0.2365257362752689}, 
   {5, 0.23623981613441258}, {6, 0.23607308147115047}, 
   {7, 0.23597751142504708}, {8, 0.235923228478076}, 
   {9, 0.23589254824733663}, {10, 0.23587525521974265}, 
   {11, 0.23586552268072963}, {12, 0.23586004982150455}, 
   {13, 0.235856973746295}, {14, 0.23585524526599078}, 
   {15, 0.23585427415853857}}, {2.7032396468286277*^-9, 0.9610348393409314}}}
