{5, 40, {{{-0.5248527676887631, 0, -9.670833551781717*^-6, 
    9.670833551775721*^-6}, {0, 0.9999479690994658, 1.931187571784218*^-6, 
    1.9311875721149564*^-6}, {-9.670833551741737*^-6, 1.9311875727483033*^-6, 
    -4.798555247598202*^-7, 0.00002361610611172558}, 
   {9.670833551792738*^-6, 1.9311875729550987*^-6, 0.000023616106110934132, 
    -4.798555256081*^-7}}, {{-0.5248527676887629, 9.67083355177292*^-6, 0, 
    -9.6708335517835*^-6}, {9.670833551760536*^-6, -4.798555251475309*^-7, 
    1.9311875727537734*^-6, 0.00002361610611101523}, 
   {0, 1.9311875717836225*^-6, 0.9999479690994659, 1.9311875729072943*^-6}, 
   {-9.670833551797407*^-6, 0.00002361610611176524, 1.931187572166051*^-6, 
    -4.798555249541092*^-7}}, {{-0.5248527676887637, -9.670833551761937*^-6, 
    9.670833551769021*^-6, 0}, {-9.670833551726878*^-6, 
    -4.798555245225967*^-7, 0.00002361610611167806, 1.9311875729636195*^-6}, 
   {9.670833551708452*^-6, 0.00002361610611056965, -4.798555251483982*^-7, 
    1.9311875721797904*^-6}, {0, 1.931187572113473*^-6, 
    1.9311875729098418*^-6, 0.9999479690994654}}}, 
 {{{0., 0.004296209114971305, 0.0042962091149713055, 0.004296209114971326}, 
   {-0.004296209114971305, 0., -0.004357559030153358, 0.004357559030152506}, 
   {-0.0042962091149713055, 0.004357559030153358, 0., -0.004357559030152568}, 
   {-0.004296209114971326, -0.004357559030152506, 0.004357559030152568, 0.}}, 
  {{0., 0.004296209114971311, 0.004296209114971259, 0.004296209114971354}, 
   {-0.004296209114971311, 0., -0.004357559030153177, 0.004357559030152572}, 
   {-0.004296209114971259, 0.004357559030153177, 0., -0.004357559030152448}, 
   {-0.004296209114971354, -0.004357559030152572, 0.004357559030152448, 
    0.}}}, {0, 0}, {{-1.5743829245687753, -1.574234099519434}, 
  {-6.29842801628682, -1.574531749618116, -1.5746822585252942}, 
  {-1.5745328122298181, -1.5743839871804768}, {{2, 0.000014195453617294601}, 
   {3, 0.00001111484929023493}, {4, 8.702778657840651*^-6}}, 
  {{2, 0.009489872860083504}, {3, 0.008169258774910863}, 
   {4, 0.00714000570499129}}, {6.84635909302099*^-15, 0.9996878552021962}}}
