{13, 32, {{{-0.5130049559767469, 0, -0.008102504092320391, 
    0.008102504092320374}, {0, 0.962086675754328, 0.00140832530987053, 
    0.0014083253098705123}, {-0.008102504092320339, 0.0014083253098704303, 
    0.00006222375758841098, 0.018163287113100106}, 
   {0.008102504092320354, 0.0014083253098704312, 0.01816328711310008, 
    0.00006222375758835157}}, {{-0.5130049559767469, 0.008102504092320391, 0, 
    -0.008102504092320377}, {0.008102504092320346, 0.00006222375758837802, 
    0.0014083253098704234, 0.01816328711310012}, {0, 0.0014083253098705283, 
    0.962086675754328, 0.0014083253098704897}, {-0.00810250409232036, 
    0.01816328711310008, 0.001408325309870436, 0.00006222375758832555}}, 
  {{-0.5130049559767468, -0.008102504092320335, 0.008102504092320321, 0}, 
   {-0.008102504092320308, 0.00006222375758830386, 0.018163287113100106, 
    0.001408325309870484}, {0.008102504092320313, 0.01816328711310014, 
    0.00006222375758827003, 0.0014083253098704988}, 
   {0, 0.0014083253098704195, 0.0014083253098704177, 0.962086675754328}}}, 
 {{{0., 0.058454511185978886, 0.058454511185978886, 0.05845451118597893}, 
   {-0.058454511185978886, 0., -0.0589431899625016, 0.05894318996250135}, 
   {-0.058454511185978886, 0.0589431899625016, 0., -0.05894318996250135}, 
   {-0.05845451118597893, -0.05894318996250135, 0.05894318996250135, 0.}}, 
  {{0., 0.05845451118597888, 0.05845451118597888, 0.05845451118597903}, 
   {-0.05845451118597888, 0., -0.058943189962501405, 0.058943189962501655}, 
   {-0.05845451118597888, 0.058943189962501405, 0., -0.05894318996250167}, 
   {-0.05845451118597903, -0.058943189962501655, 0.05894318996250167, 0.}}}, 
 {0, 0}, {{-1.420044159543465, -1.3491718312294605}, 
  {-6.28953291231918, -1.4909164878574666, -1.6538499683021233}, 
  {-1.4912127336217993, -1.4203404053077948}, {{2, 0.028560386699749002}, 
   {3, 0.011972456661468192}, {4, 0.005123621102060966}, 
   {5, 0.0022139986542753787}, {6, 0.0009608714001884261}, 
   {7, 0.00041781583340974593}, {8, 0.00018183125187402893}, 
   {9, 0.00007916095452877026}, {10, 0.000034468529799616676}, 
   {11, 0.000015009446020966544}, {12, 6.536115318575564*^-6}}, 
  {{2, 0.100144259528813}, {3, 0.040190863937689315}, 
   {4, 0.01894008688748379}, {5, 0.010436880516483196}, 
   {6, 0.00686491094570605}, {7, 0.00533337295257725}, 
   {8, 0.004670900561512673}, {9, 0.004383252529854139}, 
   {10, 0.004258147928205202}, {11, 0.00420369796440472}, 
   {12, 0.0041799919852875764}}, {4.193743024101378*^-8, 0.7930219349345291}}}
