{6, 32, {{{-0.5248704754529113, 0, -5.11120027393372*^-8, 
    5.1112002740928024*^-8}, {0, 0.999999725763472, 9.624301123062175*^-9, 
    9.624300627565292*^-9}, {-5.1112002718949*^-8, 9.62430092720311*^-9, 
    -1.9129168683101883*^-9, 1.2499733233536811*^-7}, 
   {5.111200273940568*^-8, 9.624301232111298*^-9, 1.249973325770976*^-7, 
    -1.9129171788256905*^-9}}, {{-0.5248704754529113, 5.111200273606254*^-8, 
    0, -5.111200273969211*^-8}, {5.1112002711492994*^-8, 
    -1.9129170929568784*^-9, 9.624300937228609*^-9, 1.2499733225023013*^-7}, 
   {0, 9.624301114427713*^-9, 0.9999997257634727, 9.624300748815047*^-9}, 
   {-5.111200273945447*^-8, 1.2499733273703844*^-7, 9.624301111276334*^-9, 
    -1.9129168804532526*^-9}}, {{-0.5248704754529117, -5.111200271121485*^-8, 
    5.111200271311596*^-8, 0}, {-5.111200264688165*^-8, 
    -1.9129167841760997*^-9, 1.2499733235138127*^-7, 9.624301232491212*^-9}, 
   {5.1112002645619546*^-8, 1.2499733226812005*^-7, -1.9129173800536137*^-9, 
    9.624301108552482*^-9}, {0, 9.624300624534717*^-9, 9.624300748121565*^-9, 
    0.9999997257634725}}}, 
 {{{0., 0.0001566898539317922, 0.0001566898539317876, 
    0.00015668985393179832}, {-0.0001566898539317922, 0., 
    -0.00015790090540336062, 0.00015790090540338816}, 
   {-0.0001566898539317876, 0.00015790090540336062, 0., 
    -0.00015790090540337054}, {-0.00015668985393179832, 
    -0.00015790090540338816, 0.00015790090540337054, 0.}}, 
  {{0., 0.000156689853931829, 0.00015668985393180776, 
    0.00015668985393179838}, {-0.000156689853931829, 0., 
    -0.00015790090540341293, 0.00015790090540345207}, 
   {-0.00015668985393180776, 0.00015790090540341293, 0., 
    -0.00015790090540337184}, {-0.00015668985393179838, 
    -0.00015790090540345207, 0.00015790090540337184, 0.}}}, {0, 0}, 
 {{-1.5746105254083194, -1.5746099826187443}, 
  {-6.298446748229842, -1.5746110681978953, -1.5746123059170256}, 
  {-1.574611070295498, -1.574610527505923}, {{2, 0.00007534533109835451}, 
   {3, 0.00002949470419823496}, {4, 0.00001154600627150163}, 
   {5, 4.5198034832450275*^-6}}, {{2, 0.08958016137029552}, 
   {3, 0.03109154255831309}, {4, 0.011237945206658058}, 
   {5, 0.003864485929374799}}, {1.5499144296510428*^-23, 0.9999983545819624}}}
