{9, 28, {{{-0.522843250833344, 0, -0.0012202118259537803, 
    0.0012202118259537612}, {0, 0.9937100848221924, 0.000184885808064278, 
    0.0001848858080642264}, {-0.0012202118259537474, 0.00018488580806431834, 
    8.356144465652277*^-6, 0.0029333194607095744}, 
   {0.0012202118259537838, 0.00018488580806418087, 0.002933319460709552, 
    8.356144465863913*^-6}}, {{-0.5228432508333443, 0.0012202118259537777, 0, 
    -0.0012202118259537606}, {0.0012202118259537244, 8.356144465700849*^-6, 
    0.00018488580806431753, 0.002933319460709571}, 
   {0, 0.0001848858080642843, 0.9937100848221923, 0.00018488580806423556}, 
   {-0.0012202118259537818, 0.0029333194607095384, 0.0001848858080641638, 
    8.356144465870852*^-6}}, {{-0.5228432508333443, -0.0012202118259537333, 
    0.0012202118259537378, 0}, {-0.0012202118259536758, 
    8.356144465617582*^-6, 0.0029333194607096347, 0.0001848858080642181}, 
   {0.001220211825953691, 0.002933319460709544, 8.356144465621052*^-6, 
    0.00018488580806420081}, {0, 0.0001848858080641825, 
    0.00018488580806420583, 0.9937100848221924}}}, 
 {{{0., 0.024076596191835775, 0.024076596191835775, 0.024076596191835813}, 
   {-0.024076596191835775, 0., -0.02380097806731541, 0.023800978067315307}, 
   {-0.024076596191835775, 0.02380097806731541, 0., -0.023800978067315313}, 
   {-0.024076596191835813, -0.023800978067315307, 0.023800978067315313, 0.}}, 
  {{0., 0.024076596191835775, 0.024076596191835775, 0.02407659619183584}, 
   {-0.024076596191835775, 0., -0.02380097806731531, 0.023800978067315466}, 
   {-0.024076596191835775, 0.02380097806731531, 0., -0.023800978067315466}, 
   {-0.02407659619183584, -0.023800978067315466, 0.023800978067315466, 0.}}}, 
 {0, 0}, {{-1.5478923144922194, -1.535381748128947}, 
  {-6.298282304352151, -1.5604028808554937, -1.5887382713205818}, 
  {-1.5603312731662198, -1.5478207068029473}, {{2, 0.011538028997126241}, 
   {3, 0.004563855979701742}, {4, 0.0018099660804083567}, 
   {5, 0.0007186355169001915}, {6, 0.00028546509371000367}, 
   {7, 0.00011341759114255612}, {8, 0.00004506517110487024}}, 
  {{2, 0.08391452572394416}, {3, 0.02597158694253373}, 
   {4, 0.006181746214162634}, {5, 0.0012479559896200931}, 
   {6, 0.004135758255600461}, {7, 0.0052733137760014774}, 
   {8, 0.005723776781492766}}, {1.8178951242098918*^-10, 0.9628490008843809}}}
