{10, 28, {{{-0.5126046037395086, 0, -0.008143607267379328, 
    0.008143607267379317}, {0, 0.9624050019505979, 0.001040891512287422, 
    0.0010408915122874104}, {-0.008143607267379296, 0.0010408915122873557, 
    0.000454529290011765, 0.01830365232384276}, {0.008143607267379293, 
    0.0010408915122873692, 0.01830365232384277, 0.0004545292900117537}}, 
  {{-0.5126046037395087, 0.00814360726737934, 0, -0.00814360726737932}, 
   {0.008143607267379293, 0.0004545292900117728, 0.0010408915122873548, 
    0.018303652323842776}, {0, 0.001040891512287423, 0.9624050019505979, 
    0.0010408915122874281}, {-0.008143607267379291, 0.018303652323842737, 
    0.0010408915122873908, 0.0004545292900118014}}, 
  {{-0.5126046037395084, -0.008143607267379272, 0.008143607267379265, 0}, 
   {-0.008143607267379255, 0.00045452929001173724, 0.018303652323842814, 
    0.0010408915122874464}, {0.008143607267379265, 0.018303652323842796, 
    0.00045452929001171816, 0.001040891512287449}, 
   {0, 0.001040891512287341, 0.0010408915122873006, 0.9624050019505977}}}, 
 {{{0., 0.05943197810306941, 0.059431978103069424, 0.05943197810306948}, 
   {-0.05943197810306941, 0., -0.05821209752997364, 0.0582120975299734}, 
   {-0.059431978103069424, 0.05821209752997364, 0., -0.0582120975299734}, 
   {-0.05943197810306948, -0.0582120975299734, 0.0582120975299734, 0.}}, 
  {{0., 0.0594319781030694, 0.05943197810306943, 0.05943197810306957}, 
   {-0.0594319781030694, 0., -0.05821209752997344, 0.05821209752997372}, 
   {-0.05943197810306943, 0.05821209752997344, 0., -0.05821209752997371}, 
   {-0.05943197810306957, -0.05821209752997372, 0.05821209752997371, 0.}}}, 
 {0, 0}, {{-1.4185387400809666, -1.346481296112781}, 
  {-6.289616428868913, -1.4905961840491526, -1.654212030385304}, 
  {-1.4898566707530339, -1.4177992267848483}, {{2, 0.029013320200994855}, 
   {3, 0.012158182196121317}, {4, 0.0052039611963620724}, 
   {5, 0.002249622862046677}, {6, 0.0009768327287070638}, 
   {7, 0.00042499484929571507}, {8, 0.00018506345229289678}, 
   {9, 0.00008061591017334557}}, {{2, 0.08205166888117328}, 
   {3, 0.024246557246618314}, {4, 0.003768624792013603}, 
   {5, 0.004425539326199882}, {6, 0.00786880723804808}, 
   {7, 0.009345857773240377}, {8, 0.00998510665658996}, 
   {9, 0.01026282997833533}}, {3.8911635924365207*^-8, 0.7945975636181027}}}
