{9, 28, {{{-0.5190147967968365, 0, -0.003690566683454277, 
    0.003690566683454261}, {0, 0.9819262552978713, 0.0005222973706163329, 
    0.0005222973706163134}, {-0.0036905666834542473, 0.0005222973706163279, 
    0.00009672857981908936, 0.008587995584021697}, 
   {0.003690566683454273, 0.0005222973706162791, 0.008587995584021658, 
    0.0000967285798191865}}, {{-0.5190147967968364, 0.003690566683454286, 0, 
    -0.003690566683454261}, {0.0036905666834542495, 0.00009672857981910064, 
    0.000522297370616322, 0.008587995584021672}, {0, 0.0005222973706163329, 
    0.9819262552978711, 0.0005222973706163268}, {-0.0036905666834542747, 
    0.008587995584021652, 0.0005222973706162765, 0.00009672857981921079}}, 
  {{-0.5190147967968364, -0.0036905666834542465, 0.003690566683454259, 0}, 
   {-0.0036905666834542127, 0.00009672857981909543, 0.0085879955840217, 
    0.0005222973706163372}, {0.003690566683454222, 0.008587995584021695, 
    0.00009672857981912752, 0.0005222973706163218}, 
   {0, 0.0005222973706162791, 0.0005222973706162799, 0.981926255297871}}}, 
 {{{0., 0.04095326153693607, 0.04095326153693607, 0.04095326153693611}, 
   {-0.04095326153693607, 0., -0.040351897928415106, 0.0403518979284149}, 
   {-0.04095326153693607, 0.040351897928415106, 0., -0.040351897928414884}, 
   {-0.04095326153693611, -0.0403518979284149, 0.040351897928414884, 0.}}, 
  {{0., 0.04095326153693607, 0.04095326153693607, 0.04095326153693617}, 
   {-0.04095326153693607, 0., -0.040351897928414954, 0.040351897928415134}, 
   {-0.04095326153693607, 0.040351897928414954, 0., -0.04035189792841512}, 
   {-0.04095326153693617, -0.040351897928415134, 0.04035189792841512, 0.}}}, 
 {0, 0}, {{-1.4984677116214316, -1.4630011467626183}, 
  {-6.296537830142611, -1.5339342764802475, -1.6143346385910582}, 
  {-1.533673878399301, -1.4982073135404876}, {{2, 0.019796562301624264}, 
   {3, 0.007997266206994091}, {4, 0.0032588916385296873}, 
   {5, 0.0013332168541628636}, {6, 0.0005463310869355253}, 
   {7, 0.0002240332148506219}, {8, 0.00009189529301462107}}, 
  {{2, 0.08313263517380516}, {3, 0.02522476840544835}, 
   {4, 0.005186436664742635}, {5, 0.0025095128740618405}, 
   {6, 0.005584339756822734}, {7, 0.006832318054396593}, 
   {8, 0.007342072230055495}}, {4.317017388814022*^-9, 0.8963409450892744}}}
