Before Starting Kernels
Starting Kernels
 
    NbName=709; 
    Ls={32}; 
 
    ---- ---- ---- 
 
    Starting four vortex - pure Kitaev model + Kappa + Lambda  
 
Kappa=0.0598; Lambda={0.0251, 0.0252, 0.0261}; Q={-0.0076, {0., 0.}, {{0.8588, 0.0001, 0.}, {0.0001, 0.8611, 0.}, {0., 0., -1.7199}}}
    L=32; h=(0.2,0.528779,184);  eV0=0. x 1700 
p=1/2715; l=1/1; Δt = 0 hours : 0 minutes : 11 seconds
 
Kappa=0.0597; Lambda={0.0244, 0.0246, 0.0274}; Q={-0.0077, {0., 0.}, {{0.8604, 0.0003, 0.}, {0.0003, 0.8589, 0.}, {0., 0., -1.7192}}}
    L=32; h=(0.2,1.528779,184);  eV0=0. x 1700 
p=2/2715; l=1/1; Δt = 0 hours : 0 minutes : 12 seconds
 
Kappa=0.0595; Lambda={0.0237, 0.024, 0.0287}; Q={-0.0077, {0., 0.}, {{0.8617, 0.0004, 0.}, {0.0004, 0.8564, 0.}, {0., 0., -1.7181}}}
    L=32; h=(0.2,2.528779,184);  eV0=0. x 1700 
p=3/2715; l=1/1; Δt = 0 hours : 0 minutes : 11 seconds
 
Kappa=0.0591; Lambda={0.0229, 0.0234, 0.03}; Q={-0.0077, {0., 0.}, {{0.8626, 0.0006, 0.}, {0.0006, 0.8535, 0.}, {0., 0., -1.7161}}}
    L=32; h=(0.2,3.528779,184);  eV0=0. x 1700 
p=4/2715; l=1/1; Δt = 0 hours : 0 minutes : 11 seconds
 
Kappa=0.0587; Lambda={0.0222, 0.0229, 0.0313}; Q={-0.0078, {0., 0.}, {{0.8634, 0.0008, 0.}, {0.0008, 0.8506, 0.}, {0., 0., -1.714}}}
    L=32; h=(0.2,4.528779,184);  eV0=0. x 1700 
p=5/2715; l=1/1; Δt = 0 hours : 0 minutes : 11 seconds
 
