Before Starting Kernels
Starting Kernels
 
    NbName=709; 
    Ls={32}; 
 
    ---- ---- ---- 
 
    Starting four vortex - pure Kitaev model + Kappa + Lambda  
 
Kappa=0.0598; Lambda={0.0252, 0.0261, 0.0251}; Q={-0.0076, {0., 0.}, {{0.8572, 0.0011, 0.}, {0.0011, 0.8628, 0.}, {0., 0., -1.7201}}}
    L=32; h=(0.2,0.528779,304);  eV0=0. x 1700 
p=1/2715; l=1/1; Δt = 0 hours : 0 minutes : 13 seconds
 
Kappa=0.0597; Lambda={0.0246, 0.0274, 0.0244}; Q={-0.0076, {0., 0.}, {{0.8559, 0.0032, 0.}, {0.0032, 0.8638, 0.}, {0., 0., -1.7198}}}
    L=32; h=(0.2,1.528779,304);  eV0=0. x 1700 
p=2/2715; l=1/1; Δt = 0 hours : 0 minutes : 12 seconds
 
Kappa=0.0595; Lambda={0.024, 0.0287, 0.0237}; Q={-0.0076, {0., 0.}, {{0.8544, 0.0054, 0.}, {0.0054, 0.8646, 0.}, {0., 0., -1.719}}}
    L=32; h=(0.2,2.528779,304);  eV0=0. x 1700 
p=3/2715; l=1/1; Δt = 0 hours : 0 minutes : 12 seconds
 
Kappa=0.0591; Lambda={0.0234, 0.03, 0.0229}; Q={-0.0076, {0., 0.}, {{0.8522, 0.0076, 0.}, {0.0076, 0.8651, 0.}, {0., 0., -1.7173}}}
    L=32; h=(0.2,3.528779,304);  eV0=0. x 1700 
p=4/2715; l=1/1; Δt = 0 hours : 0 minutes : 12 seconds
 
