Before Starting Kernels
Starting Kernels
 
    NbName=804; 
    Lambda s={-0.15, -0.145, -0.13999999999999999, -0.135, -0.13, -0.125, -0.12, -0.11499999999999999, -0.10999999999999999, -0.105, -0.09999999999999999, -0.095, -0.09, -0.08499999999999999, -0.07999999999999999, -0.075, -0.06999999999999999, -0.06499999999999999, -0.06, -0.05499999999999999, -0.04999999999999999}; 
    Ls={60}; 
    tV={1}; 
    ts={{5, 160, -12, 0, -60}}; 
    hV={{0.1, 0, 0}};
    Couplings=
    {-0.002349, -1., 0.071101, 0., 0.}
    Steps=600; 
    acuracy=8; 
 
Definition timing= 31.425344
 
 
    Starting Lagrange multiplier free loop
 
Eta=-0.15
    j=1; ΔV=0.007147796930513706; Δ=1
    j=2; ΔV=0.004140937185697775; Δ=0.008930363014228448
    j=3; ΔV=0.002678257965667689; Δ=0.004362490666269196
    j=4; ΔV=0.0019644053547705803; Δ=0.00213585543654074
    j=5; ΔV=0.0016150428081698844; Δ=0.0010469868302877966
    j=6; ΔV=0.0014438170072619777; Δ=0.0005135522962285352
    j=7; ΔV=0.0013598368393200142; Δ=0.0002519798328554368
    j=8; ΔV=0.0013186327227810047; Δ=0.00012365600317245512
    j=9; ΔV=0.00129841269903897; Δ=0.00006068737278909497
    j=10; ΔV=0.001288489294206238; Δ=0.000029785031094929637
    j=11; ΔV=0.0012836189637324053; Δ=0.000014618604998108131
    j=12; ΔV=0.001281228592657977; Δ=7.1749323225303585*^-6
    j=13; ΔV=0.0012800553800491876; Δ=3.5215321064763216*^-6
    j=14; ΔV=0.0012794795552970692; Δ=1.7284087674152016*^-6
    j=15; ΔV=0.001279196933911036; Δ=8.483239780990304*^-7
    j=16; ΔV=0.0012790582199264165; Δ=4.163679163324274*^-7
    j=17; ΔV=0.0012789901373889614; Δ=2.043585844435647*^-7
    j=18; ΔV=0.0012789567216285355; Δ=1.0030176385289469*^-7
    j=19; ΔV=0.0012789403207531954; Δ=4.9229370510661674*^-8
    j=20; ΔV=0.001278932270996874; Δ=2.4162396583538026*^-8
    j=21; ΔV=0.0012789283200748181; Δ=1.1859209496367651*^-8
