Before Starting Kernels
Starting Kernels

Syntax::com: Warning: comma encountered with no adjacent expression. The expression will be treated as Null.  (line 539 of "804-CLUSTER.m").
 
    NbName=804; 
    Lambda s={-1.5, -1.4, -1.3, -1.2, -1.1, -1., -0.8999999999999999, -0.7999999999999999, -0.7, -0.6, -0.5, -0.3999999999999999, -0.2999999999999998, -0.19999999999999996, -0.09999999999999987, 0., 0.10000000000000009, 0.20000000000000018, 0.30000000000000004, 0.40000000000000013, 0.5, 0.6000000000000001, 0.7000000000000002, 0.8000000000000003, 0.9000000000000004, 1., 1.1, 1.2000000000000002, 1.3000000000000003, 1.4000000000000004, 1.5}; 
    Ls={40}; 
    tV={1}; 
    ts={{5, 160, -12, 0, -60}}; 
    hV={{0.1, 0, 0}};
    Couplings=Column[{{-8627/3672528, -1, 0.07110088745409157, 0, 0.}}]
    Steps=600; 
    acuracy=6; 
 
Definition timing= 31.31004
 
 
    Starting Lagrange multiplier free loop
 
j=1; ΔV=0.01690732141880412; Δ=1
j=2; ΔV=0.019642101969024953; Δ=0.0067674744154594055
j=3; ΔV=0.02008476038833506; Δ=0.001104944055371454
j=4; ΔV=0.02015962218133551; Δ=0.000186961539286698
j=5; ΔV=0.020172332966706782; Δ=0.0000317480448455143
j=6; ΔV=0.02017449288311184; Δ=5.394992329321724*^-6
j=7; ΔV=0.02017485996609837; Δ=9.168958438540709*^-7
j=1; ΔV=0.014119009779673328; Δ=1
j=2; ΔV=0.01686155879795808; Δ=0.007595333668510694
j=3; ΔV=0.017392059645794503; Δ=0.0014840565815556483
j=4; ΔV=0.017498755255064183; Δ=0.00029874862670086627
j=5; ΔV=0.01752031617684316; Δ=0.000060383622417795046
j=6; ΔV=0.01752467777422157; Δ=0.000012215638573211118
j=7; ΔV=0.01752556027991323; Δ=2.471678800221311*^-6
j=8; ΔV=0.01752573885011569; Δ=5.00131639068202*^-7
j=1; ΔV=0.011331085038017611; Δ=1
j=2; ΔV=0.013902230024062184; Δ=0.008245278057090376
j=3; ΔV=0.014480187591009963; Δ=0.001876107731869886
j=4; ΔV=0.01461487812255178; Δ=0.0004378524156818178
j=5; ΔV=0.014646436223033452; Δ=0.00010262719792282493
j=6; ΔV=0.014653840250357864; Δ=0.000024080048308117163
