Before Starting Kernels
Starting Kernels
 
    NbName=804; 
    Lambda s={-3.613, -3.263, -2.9130000000000003, -2.5629999999999997, -2.213, -1.863, -1.5129999999999997, -1.1629999999999998, -0.8129999999999998, -0.4629999999999999, -0.113, 0.23700000000000032, 0.5870000000000006, 0.9370000000000003, 1.2870000000000004, 1.637, 1.9870000000000005, 2.3370000000000006, 2.6870000000000003, 3.0370000000000004, 3.387}; 
    Ls={61}; 
    tV={1}; 
    ts={{5, 160, -12, 0, -60}}; 
    hV={{0.1, 0, 0}};
    Couplings=
    {-0.002349, -1., 0.071101, 0., 0.}
    Steps=600; 
    acuracy=8.1; 
 
Definition timing= 41.480022
 
 
    Starting Lagrange multiplier free loop
 
Eta=-3.613
    j=1; ΔV=0.10452734547790128; Δ=1
    j=2; ΔV=0.11592043566919355; Δ=0.02985999061108728
    j=3; ΔV=0.12172586676221961; Δ=0.014806100551101015
    j=4; ΔV=0.12471167041498865; Δ=0.007409318082316901
    j=5; ΔV=0.1262357050271412; Δ=0.0037319164471473626
    j=6; ΔV=0.12701110018304826; Δ=0.0018864011175926676
    j=7; ΔV=0.12740505253951942; Δ=0.0009553202092363877
    j=8; ΔV=0.12760507728684806; Δ=0.0004842649062908322
    j=9; ΔV=0.12770660590765354; Δ=0.00024560171110984963
    j=10; ΔV=0.127758131907188; Δ=0.00012459166228989682
    j=11; ΔV=0.12778427945268334; Δ=0.00006321237299777849
