Before Starting Kernels
Starting Kernels

FrontEndObject::notavail: A front end is not available; certain operations require a front end.
/home/rodrigues/Mathematica2

Table::iterb: Iterator {x, tV} does not have appropriate bounds.
 
    NbName=805; 
    Lambda s=ηs; 
    Ls={40}; 
    tV={0., 2., 0., 2.}; 
    ts={{0., 160, 0., 0, -60}, {10., 160, -24., 0, -60}, {0., 160, 0., 0, -60}, {10., 160, -24., 0, -60}}; 
    hV={{0.001, 0, 0}};
    Couplings=
    Gammas=Γs; 
    Steps=100; 
    acuracy=4; 
 
Definition timing= 32.524065

    Pure and with vortices 

 eV0=0. x 1700; Epure=-1.574608899017066; ev=1/20; l=1/1; p=1/4
 eV0=0. x 1700; Epure=-1.574608899017066; ev=1/20; l=1/1; p=2/4
 eV0=0. x 1700; Epure=-1.574608899017066; ev=1/20; l=1/1; p=3/4
 eV0=0. x 1700; Epure=-1.574608899017066; ev=1/20; l=1/1; p=4/4
 eV0=0.05 x 1700; Epure=-1.5746541267939058; ev=2/20; l=1/1; p=1/4
 eV0=0.05 x 1700; Epure=-1.5746541267939058; ev=2/20; l=1/1; p=2/4
 eV0=0.05 x 1700; Epure=-1.5746541267939058; ev=2/20; l=1/1; p=3/4
 eV0=0.05 x 1700; Epure=-1.5746541267939058; ev=2/20; l=1/1; p=4/4
 eV0=0.1 x 1700; Epure=-1.5747927855822201; ev=3/20; l=1/1; p=1/4
 eV0=0.1 x 1700; Epure=-1.5747927855822201; ev=3/20; l=1/1; p=2/4
