Before Starting Kernels
Starting Kernels

FrontEndObject::notavail: A front end is not available; certain operations require a front end.
/home/rodrigues/Mathematica2
 
    NbName=805; 
    Lambda s=ηs; 
    Ls={40}; 
    tV={0., 2., 0., 2.}; 
    ts={{0., 160, 0., 0, -60}, {10., 160, -24., 0, -60}, {0., 160, 0., 0, -60}, {10., 160, -24., 0, -60}}; 
    hV={{0.001, 0, 0}};
    Couplings=
    Gammas=Γs; 
    Steps=100; 
    acuracy=4; 
 
Definition timing= 30.397653
JmatMod {0., -2.9542417760580815, 0., 0., 0.}; L=40; h=(0.001,0,0); 
 j =1/100; Delta V=4.515128019035734*^-6; Delta=1;  E={-1.596675, -1.596675, -1.596674}; 
ev=14/20*; j MAX=5/100; Delta=0.00023227116007875953; 
JmatMod {-0.028999006654782278, -2.9542417760580815, 0.4249134171052815, 0., 0.}; L=40; h=(0.001,0,0); 
 j =1/100; Delta V=7.416606421045201*^-6; Delta=1;  E={-1.626696, -1.630046, -1.626695}; 
 j =6/100; Delta V=7.904349516349095*^-6; Delta=0.037703428016005715;  E={-1.635059, -1.63517, -1.635058}; 
 j =11/100; Delta V=7.929127801626237*^-6; Delta=0.009817091177278556;  E={-1.635232, -1.635232, -1.63523}; 
ev=14/20*; j MAX=15/100; Delta=0.0007399496762407067; 
JmatMod {0., -2.9542417760580815, 0., 0., 0.2954241776058081}; L=40; h=(0.001,0,0); 
 j =1/100; Delta V=6.582403122721664*^-6; Delta=1;  E={-1.604409, -1.606425, -1.604407}; 
 j =6/100; Delta V=7.296288788132345*^-6; Delta=0.03693675599511628;  E={-1.607159, -1.60723, -1.607158}; 
 j =11/100; Delta V=7.268202784282933*^-6; Delta=0.10924312598427258;  E={-1.608453, -1.608515, -1.608452}; 
 j =16/100; Delta V=7.4761418132515275*^-6; Delta=0.009873090633180268;  E={-1.608603, -1.608608, -1.608602}; 
 j =21/100; Delta V=7.507338169069744*^-6; Delta=0.008892495350182284;  E={-1.608614, -1.608615, -1.608613}; 
 j =26/100; Delta V=7.5105053361130546*^-6; Delta=0.0005959661881460646;  E={-1.608615, -1.608615, -1.608614}; 
ev=14/20*; j MAX=27/100; Delta=0.0005959661881460646; 
JmatMod {-0.028999006654782278, -2.9542417760580815, 0.4249134171052815, 0., 0.2954241776058081}; L=40; h=(0.001,0,0); 
 j =1/100; Delta V=6.47246640499278*^-6; Delta=1;  E={-1.632827, -1.638442, -1.632826}; 
 j =6/100; Delta V=6.498680587948877*^-6; Delta=0.010241633724399107;  E={-1.641774, -1.641778, -1.641773}; 
ev=14/20*; j MAX=11/100; Delta=0.0005991995833333121; 
 
4 vortices loop timing Δt = 17 hours : 41 minutes : 35 seconds
