Before Starting Kernels
Starting Kernels
 
    NbName=705; 
    Ls={40}; 
    tV={0}; 
    ts={{0, 160, 0, 0, -60}}; 
    hV={{0.01, 90, 0}, {0.03, 90, 0}, {0.07, 90, 0}, {0.11, 90, 0}, {0.15, 90, 0}, {0.19, 90, 0}, {0.23, 90, 0}, {0.27, 90, 0}, {0.31000000000000005, 90, 0}, {0.35, 90, 0}, {0.39, 90, 0}, {0.43000000000000005, 90, 0}, {0.47, 90, 0}, {0.51, 90, 0}, {0.55, 90, 0}, {0.5900000000000001, 90, 0}, {0.63, 90, 0}, {0.67, 90, 0}};
    Gammas={-0.01, -0.05, -0.09, -0.13, -0.17, -0.21000000000000002, -0.25, -0.29000000000000004, -0.33, -0.37, -0.41000000000000003, -0.45, -0.49}; 
    Steps=400; 
    acuracy=15; 
 
Definition timing= 31.1568
 
 
    Starting free loop
 
J=0.; K=-1.; G=-0.01; L=40; h=(0.01,90,0); 
Max Step = 14; Delta=8.1729*^-9; E={-1.5744268208717744, -1.5745287165954462, -1.5744326833042097};  p=1/234
J=0.; K=-1.; G=-0.01; L=40; h=(0.03,90,0); 
Max Step = 22; Delta=9.328*^-9; E={-1.5748601111944192, -1.5745267226108421, -1.5749129088756921};  p=2/234
J=0.; K=-1.; G=-0.01; L=40; h=(0.07,90,0); 
