Before Starting Kernels
Starting Kernels
 
    NbName=705; 
    Ls={40}; 
    tV={2}; 
    ts={{10, 160, -24, 0, -60}}; 
    hV={{0.2, 54.735610317245346, 180.}};
    Gammas=Γs; 
    Steps=600; 
    acuracy=5; 
 
Definition timing= 31.8023
 
 
    Starting free loop
 
J=-0.009503948319320325; K=-1.; G=0.143831632383269; L=40; h=(0.2,54.735610317245346,180.); 
Max Step = 70; Delta=8.5773*^-9; E={-1.5590566969967758, -1.5710087526460843, -1.5615419463275284};  p=1/1
 
Free loop timing= Quantity[3, Minutes]Quantity[20, Seconds]
 
 
    Starting vortex free + electric field loop: 
 
Free loop + electric field timing= 0 hours : 0 minutes : 0 seconds
 
 
    Starting four vortex + electric field loop: 
 
4 vortices loop timing Δt = 0 hours : 0 minutes : 0 seconds
Pure data saved: 
Kappa=0.; Lambda={0., 0., 0.07633587786259542}; Epure=-1.6153441761319902; 

 
J=-0.009503948319320325; K=-1.; G=0.143831632383269; Jmod=-0.009503948319320324; Kmod=-0.9999999999999999; Gmod=0.14383163238326901; L=40; h=(0.2,54.735610317245346,180.); eV=0.
 
 j =1/600; Delta=1.;  E={-1.570202, -1.580637, -1.572687}; 
 j =2/600; Delta=0.0153195930552;  E={-1.556259, -1.571251, -1.559474}; 
 j =3/600; Delta=0.0086264865537;  E={-1.557663, -1.570817, -1.5605}; 
 j =4/600; Delta=0.0029355210852;  E={-1.557288, -1.57018, -1.560222}; 
 j =5/600; Delta=0.0018091936718;  E={-1.557196, -1.569935, -1.560154}; 
 j =6/600; Delta=0.0015353776744;  E={-1.557139, -1.569819, -1.560112}; 
 j =7/600; Delta=0.0013076182999;  E={-1.557114, -1.569767, -1.560094}; 
 j =8/600; Delta=0.0011099510223;  E={-1.557101, -1.569741, -1.560083}; 
 j =9/600; Delta=0.0009438139709;  E={-1.557093, -1.569728, -1.560077}; 
 j =10/600; Delta=0.0008020771744;  E={-1.557088, -1.56972, -1.560072}; 
 j =11/600; Delta=0.00068231547;  E={-1.557084, -1.569715, -1.560068}; 
 j =12/600; Delta=0.0005805673409;  E={-1.55708, -1.569711, -1.560065}; 
 j =13/600; Delta=0.0004943377201;  E={-1.557078, -1.569709, -1.560062}; 
 j =14/600; Delta=0.0004210926962;  E={-1.557076, -1.569706, -1.56006}; 
 j =15/600; Delta=0.0003588942036;  E={-1.557074, -1.569705, -1.560058}; 
 j =16/600; Delta=0.0003060137124;  E={-1.557072, -1.569703, -1.560057}; 
 j =17/600; Delta=0.0002610397822;  E={-1.557071, -1.569702, -1.560055}; 
 j =18/600; Delta=0.0002227610356;  E={-1.55707, -1.569701, -1.560054}; 
 j =19/600; Delta=0.0001901654432;  E={-1.557069, -1.569701, -1.560054}; 
 j =20/600; Delta=0.0001623934292;  E={-1.557068, -1.5697, -1.560053}; 
 j =21/600; Delta=0.0001387205006;  E={-1.557068, -1.569699, -1.560052}; 
 j =22/600; Delta=0.0001185324193;  E={-1.557067, -1.569699, -1.560052}; 
 j =23/600; Delta=0.0001013093346;  E={-1.557067, -1.569698, -1.560051}; 
 j =24/600; Delta=0.0000866102105;  E={-1.557066, -1.569698, -1.560051}; 
 j =25/600; Delta=0.000074060876;  E={-1.557066, -1.569698, -1.56005}; 
 j =26/600; Delta=0.0000633434906;  E={-1.557066, -1.569698, -1.56005}; 
 j =27/600; Delta=0.0000541879389;  E={-1.557066, -1.569697, -1.56005}; 
 j =28/600; Delta=0.0000463644799;  E={-1.557065, -1.569697, -1.56005}; 
 j =29/600; Delta=0.0000396776092;  E={-1.557065, -1.569697, -1.56005}; 
 j =30/600; Delta=0.0000339608568;  E={-1.557065, -1.569697, -1.560049}; 
 j =31/600; Delta=0.0000290724065;  E={-1.557065, -1.569697, -1.560049}; 
 j =32/600; Delta=0.0000248913865;  E={-1.557065, -1.569697, -1.560049}; 
 j =33/600; Delta=0.000021314732;  E={-1.557065, -1.569697, -1.560049}; 
 j =34/600; Delta=0.000018254528;  E={-1.557065, -1.569697, -1.560049}; 
 j =35/600; Delta=0.0000156357543;  E={-1.557065, -1.569697, -1.560049}; 
 j =36/600; Delta=0.0000133943727;  E={-1.557065, -1.569697, -1.560049}; 
 j =37/600; Delta=0.0000114757031;  E={-1.557065, -1.569697, -1.560049}; 
 j =38/600; Delta=9.8330418*^-6;  E={-1.557065, -1.569696, -1.560049}; 
ev=1/; j MAX=39/600; Delta=9.83304181513718*^-6; 
 
p=1/1; l=1/1; ΔΔt = 13 hours : 34 minutes : 57 seconds
4 vortices loop timing Δt = 13 hours : 35 minutes : 20 seconds
