Before Starting Kernels
Starting Kernels
 
    NbName=705; 
    Ls={20}; 
    tV={3};    ts={{15, 160, -36, 0, -60}}; 
    hV={{0.25, 15, 90}};
    hs={{0.18517255942935615, 0.0936662084832465, 0.13941938395630132}}; 
    Steps=500; 
    acuracy=6; 
    eVs={0.}; 
 
    Parameters=
{-0.02180032749767517, -1., 0.21994905591719566, {0.18517255942935615, 0.0936662084832465, 0.13941938395630132}, -0.02180032749767517, -0.9999999999999999, 0.2199490559171956, {0.25, 15, 90}, 3, 0.}
 
Definition timing= 31.3752
 
 
    Starting free loop
 
J=-0.02180032749767517; K=-1.; G=0.21994905591719566; L=20; h=(0.25,15,90); 
Max Step = 160; Delta=1.*^-12; E={-1.4087236485647612, -1.5583522198841318, -1.4115172827068625};  p=1/1
 
Free loop timing= Quantity[1, Minutes]Quantity[24, Seconds]
 
 
    Starting vortex free + electric field loop: 
 
 
J=-0.02180032749767517; K=-1.; G=0.21994905591719566; Jmod=-0.02180032749767517; Kmod=-0.9999999999999999; Gmod=0.2199490559171956; L=20; h=(0.25,15,90); eV=0.
 
 j =1/500; Delta=1.*;  E=-1.398058; 
 j =2/500; Delta=0.1220359468038*;  E=-1.382095; 
 j =3/500; Delta=0.0658347711644*;  E=-1.402425; 
 j =4/500; Delta=0.0203224710453*;  E=-1.404725; 
 j =5/500; Delta=0.0323742808612*;  E=-1.398921; 
 j =6/500; Delta=0.0061900798769*;  E=-1.401709; 
