Before Starting Kernels
Starting Kernels
 
    NbName=705; 
    Ls={32}; 
    tV={3};    ts={{15, 160, -36, 0, -60}}; 
    hV={{0.25, 75, 90}, {0.25, 90, 90}};
    hs={{0.2081104868133904, -0.13339586413271926, 0.03735731134033556}, {0.17677669529663687, -0.17677669529663687, 0.}}; 
    Steps=500; 
    acuracy=6; 
    eVs={0.}; 
 
    Parameters=
{-0.02180032749767517, -1., 0.21994905591719566, {0.2081104868133904, -0.13339586413271926, 0.03735731134033556}, -0.02180032749767517, -0.9999999999999999, 0.2199490559171956, {0.25, 75, 90}, 3, 0.}
{-0.02180032749767517, -1., 0.21994905591719566, {0.17677669529663687, -0.17677669529663687, 0.}, -0.02180032749767517, -0.9999999999999999, 0.2199490559171956, {0.25, 90, 90}, 3, 0.}
 
Definition timing= 31.4226
 
 
    Starting free loop
 
J=-0.02180032749767517; K=-1.; G=0.21994905591719566; L=32; h=(0.25,75,90); 
Max Step = 203; Delta=2.*^-13; E={-1.4632495869298374, -1.5668823006465031, -1.467400138086285};  p=1/2
J=-0.02180032749767517; K=-1.; G=0.21994905591719566; L=32; h=(0.25,90,90); 
Max Step = 198; Delta=0.; E={-1.4679064144890308, -1.5674541422193145, -1.472216955095061};  p=2/2
 
Free loop timing= Quantity[0, Minutes]Quantity[8, Seconds]
 
 
    Starting vortex free + electric field loop: 
 
Free loop + electric field timing= Quantity[0, Minutes]Quantity[0, Seconds]
 
 
    Starting four vortex -fixed eV- gradually changing parameters  
 
Pure data saved: 
Kappa=-0.0403; Lambda={0.08265262351470674, 0.03395888657960858, 0.0026632990659900073}; Epure=-1.644273999549187; 

 
J=-0.02180032749767517; K=-1.; G=0.21994905591719566; Jmod=-0.02180032749767517; Kmod=-0.9999999999999999; Gmod=0.2199490559171956; L=32; h=(0.25,90,90); eV=0.
 
j=1
j=1
 j =1/500; Delta=1.*;  E={-1.380792, -1.573652, -1.392824}; 
j=2
j=2
 j =2/500; Delta=0.0322588905831*;  E={-1.355161, -1.560872, -1.368715}; 
j=3
j=3
 j =3/500; Delta=0.0139912334335*;  E={-1.363616, -1.565205, -1.375132}; 
j=4
j=4
 j =4/500; Delta=0.0061123359797*;  E={-1.356639, -1.56175, -1.369341}; 
j=5
j=5
 j =5/500; Delta=0.003238980379*;  E={-1.357595, -1.562187, -1.369991}; 
j=6
j=6
