Before Starting Kernels
Starting Kernels
 
    NbName=708; 
    Ls={41}; 
    tV={0, 2.74356}; 
    ts={{0, 160, 0, 0, -60}, {13.7178, 160, -32.92272, 0, -60}}; 
    hV={{0.0001, 0, 0}, {0.2, 0, 0}};
    Steps=350; 
    acuracy=8; 
 

    Pure and with vortices 

 eV0=0. x 1700; Epure=-1.5742457007694366; 
 eV0=0. x 1700; Epure=-1.6289298979817313; 
 eV0=0. x 1700; Epure=-1.5742457007694368; 
 eV0=0. x 1700; Epure=-1.628929897981732; 
 
Definition timing= 125.3311
 
    Starting free loop
 
J=0.; K=-1.; G=0.; L=41; h=(0.0001,0,0); 
Max Step = 23; Delta=0.; E={-1.57460439444091, -1.5746043780587928, -1.5746043956243427};  p=1/4
J=0.; K=-1.; G=0.; L=41; h=(0.2,0,0); 
Max Step = 34; Delta=0.; E={-1.641642045830592, -1.5742961735019687, -1.6464994561338506};  p=2/4
J=-0.01812863516578724; K=-1.; G=0.20000045589719553; L=41; h=(0.0001,0,0); 
Max Step = 18; Delta=0.; E={-1.4255590800717277, -1.566730170418173, -1.4255590809599208};  p=3/4
J=-0.01812863516578724; K=-1.; G=0.20000045589719553; L=41; h=(0.2,0,0); 
Max Step = 20; Delta=0.; E={-1.4722715948199843, -1.5626575607294544, -1.4758892211070367};  p=4/4
 
Free loop timing= Quantity[3, Minutes]Quantity[20, Seconds]
 
 
    Starting vortex free + electric field loop: 
 
Free loop + electric field timing= Quantity[0, Minutes]Quantity[0, Seconds]
 
 
    Starting four vortex -fixed eV- gradually changing parameters  
 
 
J=0.; K=-1.; G=0.; Jmod=0.; Kmod=-0.9999999999999999; Gmod=0.; L=41; h=(0.0001,0,0); eV=0.
 
 j =1/350; Delta=1.;  E={-1.574246, -1.574246, -1.574246}; 
 j =2/350; Delta=3.8392175*^-6;  E={-1.574246, -1.574246, -1.574246}; 
 j =3/350; Delta=1.822004*^-6;  E={-1.574246, -1.574246, -1.574246}; 
 j =4/350; Delta=7.097186*^-7;  E={-1.574246, -1.574246, -1.574246}; 
 j =5/350; Delta=2.480469*^-7;  E={-1.574246, -1.574246, -1.574246}; 
 j =6/350; Delta=1.041156*^-7;  E={-1.574246, -1.574246, -1.574246}; 
 j =7/350; Delta=4.3806*^-8;  E={-1.574246, -1.574246, -1.574246}; 
 j =8/350; Delta=1.84451*^-8;  E={-1.574246, -1.574246, -1.574246}; 
 j =9/350; Delta=7.7684*^-9;  E={-1.574246, -1.574246, -1.574246}; 
ev=1/1; j MAX=10/350; Delta=7.76838734322955*^-9; 
Memory in use = 5.7092 gigabytes
 
p=1/4; l=1/1; ΔΔt = 2 hours : 12 minutes : 22 seconds
 
J=0.; K=-1.; G=0.; Jmod=0.; Kmod=-0.9999999999999999; Gmod=0.; L=41; h=(0.2,0,0); eV=0.
 
 j =1/350; Delta=1.;  E={-1.562127, -1.576914, -1.56213}; 
 j =2/350; Delta=0.0265615848218;  E={-1.625814, -1.582422, -1.629373}; 

No more memory available.
Mathematica kernel has shut down.
Try quitting other applications and then retry.
