Before Starting Kernels
Starting Kernels
 
    NbName=705; 
    Ls={32}; 
    tV={3};    ts={{15, 160, -36, 0, -60}}; 
    hV={{0.25, 75, 90}, {0.25, 90, 90}};
    hs={{0.2081104868133904, -0.13339586413271926, 0.03735731134033556}, {0.17677669529663687, -0.17677669529663687, 0.}}; 
    Steps=500; 
    acuracy=6; 
    eVs={0.}; 
 
    Parameters=
{-0.02180032749767517, -1., 0.21994905591719566, {0.2081104868133904, -0.13339586413271926, 0.03735731134033556}, -0.02180032749767517, -0.9999999999999999, 0.2199490559171956, {0.25, 75, 90}, 3, 0.}
{-0.02180032749767517, -1., 0.21994905591719566, {0.17677669529663687, -0.17677669529663687, 0.}, -0.02180032749767517, -0.9999999999999999, 0.2199490559171956, {0.25, 90, 90}, 3, 0.}
 
Definition timing= 31.4226
 
 
    Starting free loop
 
J=-0.02180032749767517; K=-1.; G=0.21994905591719566; L=32; h=(0.25,75,90); 
Max Step = 203; Delta=2.*^-13; E={-1.4632495869298374, -1.5668823006465031, -1.467400138086285};  p=1/2
J=-0.02180032749767517; K=-1.; G=0.21994905591719566; L=32; h=(0.25,90,90); 
Max Step = 198; Delta=0.; E={-1.4679064144890308, -1.5674541422193145, -1.472216955095061};  p=2/2
 
Free loop timing= Quantity[0, Minutes]Quantity[8, Seconds]
 
 
    Starting vortex free + electric field loop: 
 
Free loop + electric field timing= Quantity[0, Minutes]Quantity[0, Seconds]
 
 
    Starting four vortex -fixed eV- gradually changing parameters  
 
Pure data saved: 
Kappa=-0.0403; Lambda={0.08265262351470674, 0.03395888657960858, 0.0026632990659900073}; Epure=-1.644273999549187; 

 
J=-0.02180032749767517; K=-1.; G=0.21994905591719566; Jmod=-0.02180032749767517; Kmod=-0.9999999999999999; Gmod=0.2199490559171956; L=32; h=(0.25,90,90); eV=0.
 
j=1
j=1
 j =1/500; Delta=1.*;  E={-1.380792, -1.573652, -1.392824}; 
j=2
j=2
 j =2/500; Delta=0.0322588905831*;  E={-1.355161, -1.560872, -1.368715}; 
j=3
j=3
 j =3/500; Delta=0.0139912334335*;  E={-1.363616, -1.565205, -1.375132}; 
j=4
j=4
 j =4/500; Delta=0.0061123359797*;  E={-1.356639, -1.56175, -1.369341}; 
j=5
j=5
 j =5/500; Delta=0.003238980379*;  E={-1.357595, -1.562187, -1.369991}; 
j=6
j=6
 j =6/500; Delta=0.0020956399279*;  E={-1.356154, -1.561444, -1.36877}; 
j=7
j=7
 j =7/500; Delta=0.0020008831014*;  E={-1.35615, -1.56141, -1.368729}; 
j=8
j=8
 j =8/500; Delta=0.0017250687878*;  E={-1.355789, -1.561208, -1.368417}; 
j=9
j=9
 j =9/500; Delta=0.0016015014192*;  E={-1.355705, -1.561146, -1.368335}; 
j=10
j=10
 j =10/500; Delta=0.0014267670516*;  E={-1.355575, -1.561066, -1.368221}; 
j=11
j=11
 j =11/500; Delta=0.0012924173905*;  E={-1.355506, -1.56102, -1.368159}; 
j=12
j=12
 j =12/500; Delta=0.0011590911046*;  E={-1.355438, -1.560976, -1.368099}; 
j=13
j=13
 j =13/500; Delta=0.0010434345123*;  E={-1.355387, -1.560943, -1.368054}; 
j=14
j=14
 j =14/500; Delta=0.0009370711262*;  E={-1.355341, -1.560913, -1.368013}; 
j=15
j=15
 j =15/500; Delta=0.0008422956377*;  E={-1.355303, -1.560888, -1.367979}; 
j=16
j=16
 j =16/500; Delta=0.0007567494863*;  E={-1.355269, -1.560867, -1.367949}; 
j=17
j=17
 j =17/500; Delta=0.0006800906617*;  E={-1.35524, -1.560848, -1.367923}; 
j=18
j=18
 j =18/500; Delta=0.0006112083414*;  E={-1.355214, -1.560831, -1.3679}; 
j=19
j=19
 j =19/500; Delta=0.0005494012059*;  E={-1.35519, -1.560816, -1.36788}; 
j=20
j=20
 j =20/500; Delta=0.0004985587201*;  E={-1.35517, -1.560803, -1.367862}; 
j=21
j=21
 j =21/500; Delta=0.0004581816669*;  E={-1.355152, -1.560792, -1.367846}; 
j=22
j=22
 j =22/500; Delta=0.0004209501303*;  E={-1.355136, -1.560781, -1.367831}; 
j=23
j=23
 j =23/500; Delta=0.0003866332817*;  E={-1.355121, -1.560772, -1.367819}; 
j=24
j=24
 j =24/500; Delta=0.0003550188026*;  E={-1.355109, -1.560764, -1.367808}; 
j=25
j=25
 j =25/500; Delta=0.00032590506*;  E={-1.355098, -1.560757, -1.367798}; 
j=26
j=26
 j =26/500; Delta=0.0002991046453*;  E={-1.355088, -1.560751, -1.367789}; 
j=27
j=27
