Before Starting Kernels
Starting Kernels

FrontEndObject::notavail: A front end is not available; certain operations require a front end.
/home/rodrigues/Mathematica2
 
    NbName=805; 
    Lambda s=ηs; 
    Ls={22}; 
    tV={2}; 
    ts={{10, 160, -24, 0, -60}}; 
    hV={{0.2, 0, 0}};
    Couplings=
    Gammas=Γs; 
    Steps=100; 
    acuracy=4; 
 
Definition timing= 46.428315

    Pure and with vortices 

 eV0=0. x 1700; Epure=-1.6692452715273505; ev=1/9; l=1/1; p=1/1
 eV0=0.1 x 1700; Epure=-1.669848077278255; ev=2/9; l=1/1; p=1/1
 eV0=0.2 x 1700; Epure=-1.6718143486754644; ev=3/9; l=1/1; p=1/1
 eV0=0.3 x 1700; Epure=-1.6756948471765767; ev=4/9; l=1/1; p=1/1
 eV0=0.4 x 1700; Epure=-1.6827234424123851; ev=5/9; l=1/1; p=1/1
 eV0=0.5 x 1700; Epure=-1.6955587708764044; ev=6/9; l=1/1; p=1/1
 eV0=0.6 x 1700; Epure=-1.7201925655046801; ev=7/9; l=1/1; p=1/1
 eV0=0.7 x 1700; Epure=-1.7715379899026544; ev=8/9; l=1/1; p=1/1
 eV0=0.75 x 1700; Epure=-1.8186629806570762; ev=9/9; l=1/1; p=1/1

    Pure and with vortices 

 eV0=0. x 1700; Epure=-1.6673385927051505; ev=1/9; l=1/1; p=1/1
 eV0=0.1 x 1700; Epure=-1.667977653979013; ev=2/9; l=1/1; p=1/1
 eV0=0.2 x 1700; Epure=-1.6700537300753673; ev=3/9; l=1/1; p=1/1
 eV0=0.3 x 1700; Epure=-1.6741189009560276; ev=4/9; l=1/1; p=1/1
 eV0=0.4 x 1700; Epure=-1.681401939380482; ev=5/9; l=1/1; p=1/1
 eV0=0.5 x 1700; Epure=-1.6945363935076776; ev=6/9; l=1/1; p=1/1
 eV0=0.6 x 1700; Epure=-1.7194570070015385; ev=7/9; l=1/1; p=1/1
 eV0=0.7 x 1700; Epure=-1.7710112248003993; ev=8/9; l=1/1; p=1/1
 eV0=0.75 x 1700; Epure=-1.8182033433497413; ev=9/9; l=1/1; p=1/1
 
 
    Starting free loop
 
    j=1; ΔV=0.00801389999595322; Δ=1
    j=2; ΔV=0.003945250311155074; Δ=0.015183092623248504
    j=3; ΔV=0.00228504523300396; Δ=0.0061316408527441815
    j=4; ΔV=0.0016154800736482454; Δ=0.0024968273830347013
    j=5; ΔV=0.0013428446867544757; Δ=0.0010208982353691054
    j=6; ΔV=0.0012313661477941415; Δ=0.00041811766692563535
    j=7; ΔV=0.0011857095453999766; Δ=0.00017137643604542285
    j=8; ΔV=0.0011669958120361069; Δ=0.00007026320438623113
    j=9; ΔV=0.0011593233537918388; Δ=0.000028811683221871554
    j=10; ΔV=0.0011561772257778688; Δ=0.000011814880911870107
    j=11; ΔV=0.0011548870885118476; Δ=4.84510178108688*^-6

{-0.009503948319320332, -0.9999999999999997, 0.14383163238326896, 0, 0.19999999999999996}

Eta=-0.03747; p=1/1; j= 12; Delta=5.*^-6; EMF=-0.8494991920647943; Esum=-0.8263742905462121; EMF-Esum=-0.023125

 
Free loop timing= Quantity[0, Minutes]Quantity[36, Seconds]
 
 
    Starting vortex free + electric field loop: 
 
Free loop timing= Quantity[0, Minutes]Quantity[36, Seconds]
 
 
    Starting vortex free + electric field loop: 
 
JmatMod={-0.009503948319320332, -0.9999999999999997, 0.14383163238326896, 0, 0.19999999999999996}; L=22; h=(0.2,0,0); 
 j =1/100; Delta V=0.001147063472093815; Delta=1;  E={-0.825613, -0.826374, -0.8035}; 
