Before Starting Kernels
Starting Kernels
 
    NbName=705; 
    Ls={40}; 
    tV={3};    ts={{15, 160, -36, 0, -60}}; 
    hV={{0.35, 90, 90}};
    hs={{0.2474873734152916, -0.2474873734152916, 0.}}; 
    Steps=500; 
    acuracy=6; 
    eVs={0.}; 
 
    Parameters=
{-0.02180032749767517, -1., 0.21994905591719566, {0.2474873734152916, -0.2474873734152916, 0.}, -0.02180032749767517, -0.9999999999999999, 0.2199490559171956, {0.35, 90, 90}, 3, 0.}
 
Definition timing= 46.0594
 
 
    Starting free loop
 
J=-0.02180032749767517; K=-1.; G=0.21994905591719566; L=40; h=(0.35,90,90); 
Max Step = 178; Delta=0.;  p=1/1
 
Free loop timing= Quantity[5, Minutes]Quantity[44, Seconds]
 
 
    Starting vortex free + electric field loop: 
 
Free loop + electric field timing= Quantity[0, Minutes]Quantity[0, Seconds]
 
 
    Starting four vortex + electric field loop: 
 
 
J=-0.02180032749767517; K=-1.; G=0.21994905591719566; Jmod=-0.02180032749767517; Kmod=-0.9999999999999999; Gmod=0.2199490559171956; L=40; h=(0.35,90,90); eV=0.
 
 j =1/500; Delta=1.*;  E=-2.205299; 
 j =2/500; Delta=1.8888451316757*;  E=0.764158; 
 j =3/500; Delta=1.9573409886985*;  E=-1.444889; 
 j =4/500; Delta=1.9805034792558*;  E=0.91912; 
 j =5/500; Delta=1.9900115838234*;  E=-1.619198; 
 j =6/500; Delta=1.9959007298242*;  E=0.952761; 
 j =7/500; Delta=1.9976208686726*;  E=-1.652938; 
 j =8/500; Delta=1.9991215724848*;  E=0.96013; 
 j =9/500; Delta=1.9994850505391*;  E=-1.659778; 
 j =10/500; Delta=1.9998192340466*;  E=0.961508; 
 j =11/500; Delta=1.9998987478379*;  E=-1.661362; 
 j =12/500; Delta=1.9999645465615*;  E=0.961761; 
 j =13/500; Delta=1.9999814200709*;  E=-1.66173; 
 j =14/500; Delta=1.9999933080991*;  E=0.961825; 
