Before Starting Kernels
Starting Kernels
 
    NbName=705; 
    Ls={40}; 
    tV={0}; 
    ts={{0, 160, 0, 0, -60}}; 
    hV={{0.05, 90, 0}, {0.09, 90, 0}, {0.13, 90, 0}, {0.17, 90, 0}, {0.21000000000000002, 90, 0}, {0.25, 90, 0}, {0.29000000000000004, 90, 0}, {0.33, 90, 0}, {0.37, 90, 0}, {0.41000000000000003, 90, 0}, {0.45, 90, 0}, {0.49, 90, 0}, {0.53, 90, 0}, {0.5700000000000001, 90, 0}};
    Gammas={0.03, 0.07, 0.11, 0.15, 0.19, 0.23, 0.27, 0.31000000000000005, 0.35, 0.39, 0.43000000000000005, 0.47, 0.51, 0.55, 0.5900000000000001, 0.63, 0.67}; 
    Steps=400; 
    acuracy=15; 
 
Definition timing= 31.243
 
 
    Starting free loop
 
J=0.; K=-1.; G=0.03; L=40; h=(0.05,90,0); 
Max Step = 32; Delta=9.133*^-9; E={-1.5738339401659014, -1.5738942517278744, -1.5739859697662784};  p=1/238
J=0.; K=-1.; G=0.03; L=40; h=(0.09,90,0); 
Max Step = 37; Delta=9.4611*^-9; E={-1.5769887133350369, -1.5739244693182146, -1.5774839302825865};  p=2/238
J=0.; K=-1.; G=0.03; L=40; h=(0.13,90,0); 
Max Step = 41; Delta=8.2633*^-9; E={-1.581960929325176, -1.5739472186756809, -1.583003029714886};  p=3/238
J=0.; K=-1.; G=0.03; L=40; h=(0.17,90,0); 
Max Step = 43; Delta=9.6875*^-9; E={-1.588771605600368, -1.5739259022870493, -1.590575111389921};  p=4/238
J=0.; K=-1.; G=0.03; L=40; h=(0.21000000000000002,90,0); 
Max Step = 46; Delta=8.2423*^-9; E={-1.5974519282749093, -1.573803122781065, -1.60024762547994};  p=5/238
J=0.; K=-1.; G=0.03; L=40; h=(0.25,90,0); 
Max Step = 48; Delta=8.0832*^-9; E={-1.6080452860126906, -1.5734916170543667, -1.6120876139340627};  p=6/238
J=0.; K=-1.; G=0.03; L=40; h=(0.29000000000000004,90,0); 
