Before Starting Kernels
Starting Kernels
 
    NbName=705; 
    Ls={40}; 
    tV={0}; 
    ts={{0, 160, 0, 0, -60}}; 
    hV={{0.01, 0, 0}, {0.03, 0, 0}, {0.05, 0, 0}, {0.06999999999999999, 0, 0}, {0.09, 0, 0}, {0.11, 0, 0}, {0.13, 0, 0}, {0.15000000000000002, 0, 0}, {0.17, 0, 0}, {0.19, 0, 0}, {0.21000000000000002, 0, 0}, {0.23, 0, 0}, {0.25, 0, 0}, {0.27, 0, 0}, {0.29000000000000004, 0, 0}, {0.31, 0, 0}, {0.33, 0, 0}, {0.35000000000000003, 0, 0}, {0.37, 0, 0}, {0.39, 0, 0}, {0.41000000000000003, 0, 0}, {0.43, 0, 0}, {0.45, 0, 0}, {0.47000000000000003, 0, 0}, {0.49, 0, 0}, {0.51, 0, 0}, {0.53, 0, 0}, {0.55, 0, 0}, {0.5700000000000001, 0, 0}, {0.59, 0, 0}, {0.61, 0, 0}, {0.63, 0, 0}, {0.65, 0, 0}, {0.67, 0, 0}, {0.6900000000000001, 0, 0}, {0.7100000000000001, 0, 0}, {0.73, 0, 0}, {0.75, 0, 0}, {0.77, 0, 0}, {0.79, 0, 0}, {0.81, 0, 0}, {0.8300000000000001, 0, 0}, {0.85, 0, 0}, {0.87, 0, 0}, {0.89, 0, 0}, {0.91, 0, 0}, {0.93, 0, 0}, {0.9500000000000001, 0, 0}, {0.97, 0, 0}, {0.99, 0, 0}};
    Steps=400; 
    acuracy=12; 
 
Definition timing= 31.4459
 
 
    Starting free loop
 
J=0.; K=-1.; G=0.7100000000000001; L=40; h=(0.01,0,0); 
