Before Starting Kernels
Starting Kernels
 
    NbName=705; 
    Ls={40}; 
    tV={2}; 
    ts={{10, 160, -24, 0, -60}}; 
    hV={{0.05, 54.735610317245346, 180.}, {0.15, 54.735610317245346, 180.}};
    Gammas=Γs; 
    Steps=600; 
    acuracy=5; 
 
Definition timing= 32.4119
 
 
    Starting free loop
 
J=-0.009503948319320325; K=-1.; G=0.143831632383269; L=40; h=(0.05,54.735610317245346,180.); 
