Before Starting Kernels
Starting Kernels

FrontEndObject::notavail: A front end is not available; certain operations require a front end.

SetDirectory::fstr: File specification $Failed is not a string of one or more characters.
 
    NbName=705; 
    Ls={40}; 
    tV={-4}; 
    ts={{-20, 160, 48, 0, -60}}; 
    hV={{0.27, 54.735610317245346, 180.}, {0.27, 54.735610317245346, 180.}, ..., {0.27, 54.735610317245346, 180.}};
    Steps=120; 
    acuracy=5; 
 
Definition timing= 41.5244
 
 
    Starting free loop
 
J=-0.039842422227148455; K=-1.; G=-0.30148525825759254; L=40; h=(0.27,54.735610317245346,180.); 
Max Step = 63; Delta=6.9092469*^-6; E={-2.0703711057881202, -2.4823424666546177, -2.0703711057881202};  p=1/1
 
Free loop + electric field timing= Quantity[IntegerPart[(3.915628393346142*^9 - 1.*t0v)/60], Minutes]Quantity[IntegerPart[60*FractionalPart[(3.915628393346142*^9 - 1.*t0v)/60]], Seconds]
 
 
    Starting four vortex -fixed eV- gradually changing parameters  
 
Pure data saved: 
Kappa=0.; Lambda={0., 0., 0.13912213740458015}; Epure=-1.6507609471353721; 

 
J=-0.039842422227148455; K=-1.; G=-0.30148525825759254; Jmod=-0.03984242222714845; Kmod=-0.9999999999999998; Gmod=-0.30148525825759254; L=40; h=(0.27,54.735610317245346,180.); eV=0.
 
 j =1/120; Delta=1.;  E={-2.070377, -1.993713, -2.070377}; 
 j =2/120; Delta=0.234597105479;  E={-1.917508, -1.826766, -1.915065}; 
 j =3/120; Delta=0.0973312318731;  E={-2.011376, -1.84881, -2.01446}; 
 j =4/120; Delta=0.0487840160918;  E={-2.063807, -1.872255, -2.064212}; 
 j =5/120; Delta=0.0222928103567;  E={-2.0714, -1.876385, -2.071899}; 
 j =6/120; Delta=0.0145530367985;  E={-2.076517, -1.879351, -2.076686}; 
 j =7/120; Delta=0.0104169572096;  E={-2.078248, -1.880524, -2.078353}; 
 j =8/120; Delta=0.0072755884691;  E={-2.079184, -1.881177, -2.079231}; 
 j =9/120; Delta=0.005190429299;  E={-2.079606, -1.881498, -2.079631}; 
 j =10/120; Delta=0.0036682727408;  E={-2.079821, -1.881665, -2.079833}; 
 j =11/120; Delta=0.0026005491876;  E={-2.079924, -1.881751, -2.079931}; 
 j =12/120; Delta=0.0018407598463;  E={-2.079976, -1.881795, -2.079979}; 
 j =13/120; Delta=0.0013034955973;  E={-2.080002, -1.881818, -2.080003}; 
 j =14/120; Delta=0.0009227875793;  E={-2.080015, -1.881829, -2.080015}; 
 j =15/120; Delta=0.000653297531;  E={-2.080021, -1.881835, -2.080021}; 
 j =16/120; Delta=0.0004624819347;  E={-2.080024, -1.881838, -2.080024}; 
 j =17/120; Delta=0.000327398386;  E={-2.080026, -1.88184, -2.080026}; 
 j =18/120; Delta=0.0002317668069;  E={-2.080027, -1.881841, -2.080027}; 
 j =19/120; Delta=0.0001640678511;  E={-2.080027, -1.881841, -2.080027}; 
 j =20/120; Delta=0.000116143036;  E={-2.080027, -1.881841, -2.080027}; 
 j =21/120; Delta=0.0000822169716;  E={-2.080027, -1.881841, -2.080027}; 
 j =22/120; Delta=0.0000582007574;  E={-2.080027, -1.881841, -2.080027}; 
 j =23/120; Delta=0.0000411997964;  E={-2.080027, -1.881841, -2.080027}; 
 j =24/120; Delta=0.0000291649343;  E={-2.080027, -1.881841, -2.080027}; 
 j =25/120; Delta=0.0000206455546;  E={-2.080027, -1.881841, -2.080027}; 
 j =26/120; Delta=0.0000146147664;  E={-2.080027, -1.881841, -2.080027}; 
 j =27/120; Delta=0.0000103456319;  E={-2.080027, -1.881841, -2.080027}; 
 j =28/120; Delta=7.323578*^-6;  E={-2.080027, -1.881841, -2.080027}; 
ev=1/; j MAX=29/120; Delta=7.3235779768175*^-6; 
 
p=1/1; l=1/1; ΔΔt = 8 hours : 12 minutes : 51 seconds
4 vortices loop timing Δt = 8 hours : 12 minutes : 55 seconds
