{11, 20, {{{-0.5248493075205778, 0, 0.00019463310721037468, 
    -0.00019463310721048725}, {0, 0.998352613218232, 0.00038341847552820124, 
    0.0003834184755285192}, {0.00019463310721014947, 0.000383418475529026, 
    -0.00012305119100610926, 0.003515441457601429}, 
   {-0.00019463310721047904, 0.00038341847552802186, 0.0035154414576017167, 
    -0.00012305119100368671}}, {{-0.5248493075205778, -0.0001946331072102004, 
    0, 0.00019463310721050826}, {-0.00019463310721033703, 
    -0.00012305119100500294, 0.00038341847552898355, 0.0035154414576011664}, 
   {0, 0.0003834184755282333, 0.9983526132182317, 0.0003834184755285186}, 
   {0.00019463310721045426, 0.0035154414576015814, 0.0003834184755281189, 
    -0.00012305119100402455}}, {{-0.5248493075205787, 0.0001946331072105181, 
    -0.0001946331072103358, 0}, {0.00019463310721066829, 
    -0.00012305119100507883, 0.0035154414576016035, 0.00038341847552910986}, 
   {-0.00019463310721076885, 0.0035154414576028603, -0.00012305119100439188, 
    0.0003834184755290369}, {0, 0.00038341847552859974, 
    0.00038341847552865406, 0.9983526132182339}}}, 
 {{{0, 0.0062275008465544415, 0.006227500846554447, 0.0062275008465544155}, 
   {-0.0062275008465544415, 0, -0.028273742076401414, 0.028273742076402486}, 
   {-0.006227500846554447, 0.028273742076401414, 0, -0.02827374207640232}, 
   {-0.0062275008465544155, -0.028273742076402486, 0.02827374207640232, 0}}, 
  {{0, 0.006227500846554369, 0.006227500846554418, 0.006227500846554424}, 
   {-0.006227500846554369, 0, -0.028273742076401244, 0.028273742076402746}, 
   {-0.006227500846554418, 0.028273742076401244, 0, -0.028273742076402736}, 
   {-0.006227500846554424, -0.028273742076402746, 0.028273742076402736, 0}}}, 
 {0, 0}, {{-1.569913108853146, -1.5677558392790634}, 
  {-6.298593712547686, -1.5755629654888226, -1.5737338907850205}, 
  {-1.5758888994198297, -1.573731629845747}, {{2, 0.0032034986986419454}, 
   {3, 0.0007218815446600052}, {4, 0.00038549139287989004}, 
   {5, 0.00037258315125539027}, {6, 0.00035946367918588285}, 
   {7, 0.00034706380494183746}, {8, 0.0003352825245147065}, 
   {9, 0.0003242977499024755}, {10, 0.0003138721328637679}}, 
  {{2, 0.02181022837641757}, {3, 0.02195886892305725}, 
   {4, 0.021990749122721906}, {5, 0.022011658264583595}, 
   {6, 0.02201534606122506}, {7, 0.02202900588923064}, 
   {8, 0.02203140251611337}, {9, 0.022043834496083277}, 
   {10, 0.022046241229847736}}, {5.108574736287261*^-10, 0.9901562982516243}}}
