{20, 20, {{{-0.5237377872292087, 0, -0.0005531606826675951, 
    0.0005531606826680304}, {0, 0.9984298274004542, -0.0005077813325403988, 
    -0.0005077813325419203}, {-0.0005531606826671157, -0.0005077813325421086, 
    0.00039256643701149254, 0.014817059977256035}, 
   {0.000553160682667289, -0.0005077813325426997, 0.014817059977257846, 
    0.00039256643701631204}}, {{-0.5237377872292084, 0.0005531606826672864, 
    0, -0.0005531606826679791}, {0.00055316068266719, 0.000392566437014383, 
    -0.000507781332541959, 0.014817059977254642}, 
   {0, -0.000507781332540642, 0.9984298274004544, -0.0005077813325421015}, 
   {-0.000553160682667347, 0.014817059977257654, -0.0005077813325433072, 
    0.00039256643701509946}}, {{-0.5237377872292084, -0.0005531606826672613, 
    0.0005531606826668933, 0}, {-0.0005531606826672082, 
    0.00039256643701270424, 0.014817059977252996, -0.0005077813325418228}, 
   {0.000553160682667818, 0.014817059977254538, 0.0003925664370136306, 
    -0.0005077813325416229}, {0, -0.0005077813325428987, 
    -0.0005077813325437336, 0.9984298274004532}}}, 
 {{{0, 0.036414573101896074, 0.03641457310189615, 0.03641457310189618}, 
   {-0.036414573101896074, 0, -0.008628147226128677, 0.008628147226128032}, 
   {-0.03641457310189615, 0.008628147226128677, 0, -0.008628147226128582}, 
   {-0.03641457310189618, -0.008628147226128032, 0.008628147226128582, 0}}, 
  {{0, 0.036414573101895956, 0.036414573101896, 0.0364145731018963}, 
   {-0.036414573101895956, 0, -0.008628147226129567, 0.008628147226127241}, 
   {-0.036414573101896, 0.008628147226129567, 0, -0.00862814722612763}, 
   {-0.0364145731018963, -0.008628147226127241, 0.00862814722612763, 0}}}, 
 {0, 0}, {{-1.5538027816971187, -1.5348812144725938}, 
  {-3.1492581393243047, -3.1509887391452356, -1.5737637697516869}, 
  {-1.5655052237150069, -1.546583656490482}, {{2, 0.004141527404518665}, 
   {3, 0.0009290294667425754}, {4, 0.0009059536894349914}, 
   {5, 0.0008778239105943506}, {6, 0.0008505078914602671}, 
   {7, 0.0008260121689497146}, {8, 0.0008036835411331343}, 
   {9, 0.0007840781513079927}, {10, 0.0007663342488696857}, 
   {11, 0.0007509408194876135}, {12, 0.0007371233895344925}, 
   {13, 0.000725362350941193}, {14, 0.0007149703773760962}, 
   {15, 0.000706416098368523}, {16, 0.0006990882692201033}, 
   {17, 0.0006934404320641588}, {18, 0.0006889285431260547}, 
   {19, 0.0006859897609357585}}, {{2, 0.02750495095872828}, 
   {3, 0.027411715417448582}, {4, 0.027399430770124193}, 
   {5, 0.027435233906136232}, {6, 0.027451150950158838}, 
   {7, 0.027490507190335717}, {8, 0.027507159266709817}, 
   {9, 0.02754436306531795}, {10, 0.02756065082904984}, 
   {11, 0.027595792879498156}, {12, 0.02761186011445419}, 
   {13, 0.02764526555353615}, {14, 0.027661285390926427}, 
   {15, 0.027693253306446196}, {16, 0.02770937846220394}, 
   {17, 0.027740178426332005}, {18, 0.027756546401638903}, 
   {19, 0.027786425875767816}}, {4.125772553230842*^-13, 0.9906158687003385}}}
{20, 20, {{{-0.5237377872292082, 0, -0.000553160682667802, 
    0.0005531606826666092}, {0, 0.9984298274004544, -0.0005077813325424624, 
    -0.0005077813325419478}, {-0.0005531606826674006, -0.0005077813325413683, 
    0.00039256643701204245, 0.01481705997725752}, 
   {0.0005531606826668441, -0.0005077813325430829, 0.014817059977254002, 
    0.0003925664370134632}}, {{-0.5237377872292079, 0.0005531606826682673, 0, 
    -0.0005531606826666392}, {0.0005531606826674363, 0.000392566437013157, 
    -0.0005077813325413665, 0.014817059977254165}, 
   {0, -0.0005077813325423728, 0.998429827400454, -0.0005077813325416795}, 
   {-0.0005531606826668281, 0.014817059977258126, -0.0005077813325428004, 
    0.00039256643701109355}}, {{-0.5237377872292093, -0.0005531606826679517, 
    0.0005531606826674409, 0}, {-0.0005531606826676259, 
    0.0003925664370152803, 0.01481705997725946, -0.0005077813325425709}, 
   {0.0005531606826676032, 0.01481705997725373, 0.00039256643701621186, 
    -0.0005077813325416401}, {0, -0.0005077813325423679, 
    -0.0005077813325429318, 0.9984298274004533}}}, 
 {{{0, 0.036414573101896094, 0.03641457310189607, 0.03641457310189604}, 
   {-0.036414573101896094, 0, -0.008628147226129037, 0.008628147226128032}, 
   {-0.03641457310189607, 0.008628147226129037, 0, -0.008628147226127644}, 
   {-0.03641457310189604, -0.008628147226128032, 0.008628147226127644, 0}}, 
  {{0, 0.03641457310189607, 0.03641457310189594, 0.036414573101896136}, 
   {-0.03641457310189607, 0, -0.00862814722612842, 0.008628147226128004}, 
   {-0.03641457310189594, 0.00862814722612842, 0, -0.008628147226128103}, 
   {-0.036414573101896136, -0.008628147226128004, 0.008628147226128103, 0}}}, 
 {0, 0}, {{-1.553802781697118, -1.5348812144725932}, 
  {-6.29851627864861, -3.163161819072527, 0.013903679748221709}, 
  {-1.565505223715006, -1.5465836564904811}, {{2, 0.00414152740451911}, 
   {3, 0.0009290294667476471}, {4, 0.0009059536894405126}, 
   {5, 0.0008778239106022709}, {6, 0.0008505078914691428}, 
   {7, 0.0008260121689579137}, {8, 0.0008036835411419562}, 
   {9, 0.000784078151314543}, {10, 0.0007663342488693553}, 
   {11, 0.0007509408194883594}, {12, 0.0007371233895387061}, 
   {13, 0.0007253623509446486}, {14, 0.0007149703773783895}, 
   {15, 0.0007064160983734254}, {16, 0.0006990882692245026}, 
   {17, 0.0006934404320683603}, {18, 0.0006889285431310489}, 
   {19, 0.0006859897609404354}}, {{2, 0.02750495095872829}, 
   {3, 0.027411715417448475}, {4, 0.02739943077012428}, 
   {5, 0.027435233906136065}, {6, 0.027451150950158727}, 
   {7, 0.027490507190335578}, {8, 0.027507159266710175}, 
   {9, 0.027544363065318093}, {10, 0.027560650829049765}, 
   {11, 0.027595792879497667}, {12, 0.027611860114454774}, 
   {13, 0.027645265553536233}, {14, 0.027661285390926216}, 
   {15, 0.02769325330644611}, {16, 0.02770937846220433}, 
   {17, 0.027740178426332}, {18, 0.027756546401638854}, 
   {19, 0.02778642587576785}}, {4.1257725532306085*^-13, 0.9906158687003385}}}
