{11, 20, {{{-0.5243839864536349, 0, -0.00023349410451032436, 
    0.0002334941045128776}, {0, 0.9994787362693384, -0.00021806064714758737, 
    -0.0002180606471479058}, {-0.00023349410451222244, 
    -0.0002180606471464915, 0.00007759022446945842, 0.0036256589108294565}, 
   {0.00023349410451223196, -0.0002180606471491124, 0.00362565891082469, 
    0.00007759022447285718}}, {{-0.5243839864536353, 0.0002334941045108794, 
    0, -0.00023349410451294813}, {0.00023349410451159233, 
    0.00007759022447168841, -0.0002180606471465029, 0.003625658910825991}, 
   {0, -0.0002180606471477176, 0.9994787362693409, -0.00021806064714960212}, 
   {-0.00023349410451218092, 0.003625658910827476, -0.00021806064714861698, 
    0.00007759022447709468}}, {{-0.5243839864536368, -0.00023349410451121313, 
    0.00023349410451035095, 0}, {-0.000233494104511385, 0.000077590224479571, 
    0.0036256589108281216, -0.00021806064714967072}, 
   {0.00023349410451239087, 0.003625658910822862, 0.00007759022448086683, 
    -0.00021806064714880173}, {0, -0.0002180606471475189, 
    -0.00021806064714938525, 0.9994787362693335}}}, 
 {{{0, 0.02389071284224306, 0.023890712842243193, 0.023890712842242763}, 
   {-0.02389071284224306, 0, -0.0056053483495880334, 0.005605348349583585}, 
   {-0.023890712842243193, 0.0056053483495880334, 0, -0.0056053483495852995}, 
   {-0.023890712842242763, -0.005605348349583585, 0.0056053483495852995, 0}}, 
  {{0, 0.023890712842242874, 0.02389071284224307, 0.02389071284224291}, 
   {-0.023890712842242874, 0, -0.005605348349586192, 0.005605348349584538}, 
   {-0.02389071284224307, 0.005605348349586192, 0, -0.005605348349584524}, 
   {-0.02389071284224291, -0.005605348349584538, 0.005605348349584524, 0}}}, 
 {0, 0}, {{-1.5657682450876425, -1.557492259393282}, 
  {-6.2985944363086155, -1.5749820143165585, -1.5743152038377493}, 
  {-1.5708771127483832, -1.5626011270540228}, {{2, 0.002746216843354094}, 
   {3, 0.0005990157426262743}, {4, 0.00039675832060222216}, 
   {5, 0.0003813732840943747}, {6, 0.00036615167189663674}, 
   {7, 0.0003518121208711594}, {8, 0.00033827605485539734}, 
   {9, 0.00032563565548781887}, {10, 0.0003137007343433397}}, 
  {{2, 0.01834583177078019}, {3, 0.018259445500262934}, 
   {4, 0.018242998954280953}, {5, 0.01825069308161195}, 
   {6, 0.018254641157013696}, {7, 0.018265872511863478}, 
   {8, 0.018270471374613146}, {9, 0.018281011119869805}, 
   {10, 0.018285364492657614}}, {3.1018132329004574*^-14, 
   0.9968764905225737}}}
