{80, 40, {{{-0.007942605499513585, 0, -0.0022089152727483696, 
    0.002208915272748373}, {0, 0.012039058574189652, 0.00016127542142787207, 
    0.0001612754214278734}, {-0.0022089152727484, 0.00016127542142788389, 
    -0.002047036904028094, 0.007618325873169718}, 
   {0.0022089152727483774, 0.00016127542142782667, 0.007618325873169714, 
    -0.0020470369040279995}}, {{-0.007942605499513585, 0.0022089152727483765, 
    0, -0.0022089152727483674}, {0.002208915272748393, -0.002047036904028129, 
    0.00016127542142789953, 0.0076183258731697175}, 
   {0, 0.0001612754214278824, 0.012039058574189614, 0.00016127542142787063}, 
   {-0.002208915272748385, 0.007618325873169712, 0.00016127542142783168, 
    -0.002047036904028025}}, {{-0.007942605499513993, -0.0022089152727485057, 
    0.002208915272748494, 0}, {-0.002208915272748478, -0.002047036904028234, 
    0.007618325873170147, 0.00016127542142790733}, 
   {0.00220891527274849, 0.0076183258731701365, -0.0020470369040282367, 
    0.0001612754214279181}, {0, 0.000161275421427885, 0.00016127542142787237, 
    0.012039058574190213}}}, 
 {{{0., 0.5772871769293395, 0.5772871769293393, 0.5772871769293407}, 
   {-0.5772871769293395, 0., -0.5772608645874526, 0.5772608645874511}, 
   {-0.5772871769293393, 0.5772608645874526, 0., -0.5772608645874515}, 
   {-0.5772871769293407, -0.5772608645874511, 0.5772608645874515, 0.}}, 
  {{0., 0.5772871769293393, 0.5772871769293394, 0.5772871769293412}, 
   {-0.5772871769293393, 0., -0.5772608645874524, 0.5772608645874504}, 
   {-0.5772871769293394, 0.5772608645874524, 0., -0.5772608645874502}, 
   {-0.5772871769293412, -0.5772608645874504, 0.5772608645874502, 0.}}}, 
 {0, 0}, {{-0.2201535560399578, 0.5597612063397461}, 
  {-5.560057538592202, -1.000068318419662, -1.7799604508764393}, 
  {-1.000050544437585, -0.22013578205788098}, {{2, 0.03067192334495107}, 
   {3, 0.026409446923469998}, {4, 0.022989808616515867}, 
   {5, 0.020233870878910903}, {6, 0.017991323723705627}, 
   {7, 0.016146834599097937}, {8, 0.014613478065082008}, 
   {9, 0.013325741713118455}, {10, 0.012234031217667973}, 
   {11, 0.01130053500487635}, {12, 0.010496166593988387}, 
   {13, 0.00979832961155569}, {14, 0.009189291601750083}, 
   {15, 0.008654999192681423}, {16, 0.008184210204380982}, 
   {17, 0.007767853044080786}, {18, 0.007398549717507086}, 
   {19, 0.007070257433721472}, {20, 0.006777996912360584}, 
   {21, 0.00651764468667787}, {22, 0.0062857731231813485}, 
   {23, 0.006079526398116708}, {24, 0.0060662945130799395}, 
   {25, 0.006094498720790376}, {26, 0.006135356355490451}, 
   {27, 0.006189813697030089}, {28, 0.006258965660633109}, 
   {29, 0.0063440910632028835}, {30, 0.006446693829596839}, 
   {31, 0.006568552513810388}, {32, 0.006711781086777058}, 
   {33, 0.0068789048040884815}, {34, 0.0070729562188458495}, 
   {35, 0.0072975982121626926}, {36, 0.00755728353317997}, 
   {37, 0.007857464172778994}, {38, 0.008204869575381468}, 
   {39, 0.008607881243181792}, {40, 0.009077044384020794}, 
   {41, 0.009625777710933647}, {42, 0.010271375151312045}, 
   {43, 0.011036446593326477}, {44, 0.011951034370429214}, 
   {45, 0.013055796923967078}, {46, 0.014406926067577208}, 
   {47, 0.016083952002895252}, {48, 0.01820215288592042}, 
   {49, 0.020925335218202723}, {50, 0.024369995682673617}, 
   {51, 0.028481154087070082}, {52, 0.03153267047314945}, 
   {53, 0.03477059783994457}, {54, 0.03695998153314939}, 
   {55, 0.03817512448932325}, {56, 0.0380444898948577}, 
   {57, 0.03675339752065265}, {58, 0.03451590207670002}, 
   {59, 0.03170212015091278}, {60, 0.028614176678744413}, 
   {61, 0.025499885972981695}, {62, 0.022512784348505815}, 
   {63, 0.01974400167748891}, {64, 0.01723317756249748}, 
   {65, 0.014990797732038472}, {66, 0.013008399549239033}, 
   {67, 0.011268442873409779}, {68, 0.009748816189656236}, 
   {69, 0.008426358185030527}, {70, 0.0072783784132617255}, 
   {71, 0.006283691805729026}, {72, 0.005422966192604947}, 
   {73, 0.004678886399463594}, {74, 0.004036099916382166}, 
   {75, 0.003481109196343285}, {76, 0.0030021068555161484}, 
   {77, 0.0025888069687071275}, {78, 0.0022322725247233693}, 
   {79, 0.001924755174957141}}, {{2, 0.8925551026922458}, 
   {3, 0.5010560835740138}, {4, 0.3116852419161178}, 
   {5, 0.20130812656606095}, {6, 0.1297178016276968}, 
   {7, 0.07993701484669252}, {8, 0.04358388686612556}, 
   {9, 0.01605609703636717}, {10, 0.0053767773175296876}, 
   {11, 0.02243326705057641}, {12, 0.03624676744122582}, 
   {13, 0.04759365254695345}, {14, 0.057022686606483776}, 
   {15, 0.06493211431502979}, {16, 0.07161749824790475}, 
   {17, 0.0773024521174195}, {18, 0.08215898374944476}, 
   {19, 0.08632131427762765}, {20, 0.08989548113366959}, 
   {21, 0.09296614566491371}, {22, 0.09560150459991709}, 
   {23, 0.0978568884956212}, {24, 0.09977743359236405}, 
   {25, 0.10140008810826326}, {26, 0.1027551322884516}, 
   {27, 0.1038673371647012}, {28, 0.10475685009333527}, 
   {29, 0.10543986959775864}, {30, 0.10592915396113145}, 
   {31, 0.10623439486991426}, {32, 0.10636247751101424}, 
   {33, 0.10631764069738125}, {34, 0.10610154396739535}, 
   {35, 0.10571324246176467}, {36, 0.10514906406598082}, 
   {37, 0.10440237609653097}, {38, 0.10346321980161628}, 
   {39, 0.1023177788807039}, {40, 0.10094763120971618}, 
   {41, 0.09932870801129008}, {42, 0.09742984697137838}, 
   {43, 0.09521076709433425}, {44, 0.092619199235777}, 
   {45, 0.08958675203044644}, {46, 0.086022833162155}, 
   {47, 0.08180551464689291}, {48, 0.07676784154823203}, 
   {49, 0.07068438836470789}, {50, 0.06336335806973221}, 
   {51, 0.054801740439626996}, {52, 0.046528578167875645}, 
   {53, 0.03830556624114307}, {54, 0.030778901425301864}, 
   {55, 0.024143049278815096}, {56, 0.01862522129532884}, 
   {57, 0.014198793546784322}, {58, 0.0107537854679445}, 
   {59, 0.00811114682513155}, {60, 0.0061025218263660655}, 
   {61, 0.00458159780912051}, {62, 0.003433661256711556}, 
   {63, 0.0025691747474240363}, {64, 0.001919704916223413}, 
   {65, 0.001432741668729406}, {66, 0.0010683017682946302}, 
   {67, 0.000795962857817282}, {68, 0.0005927044276297519}, 
   {69, 0.00044115046641245484}, {70, 0.0003282357303070084}, 
   {71, 0.0002441580729810387}, {72, 0.00018158114575649357}, 
   {73, 0.00013502242161444143}, {74, 0.00010039054689066923}, 
   {75, 0.00007463518373956524}, {76, 0.00005548396192280566}, 
   {77, 0.00004124499037350983}, {78, 0.00003065914091248158}, 
   {79, 0.00002278964693836248}}, {0.03700263850883679, 
   3.0447747171286035*^-12}}}
