{3, 28, {{{-0.5156702337020795, 0, -0.005706434016477623, 
    0.005706434016477604}, {0, 0.9735467990134588, 0.00032697047723006774, 
    0.00032697047723011675}, {-0.005706434016477574, 0.0003269704772300352, 
    0.0006958931843702443, 0.013084307441773873}, 
   {0.005706434016477586, 0.0003269704772300439, 0.013084307441773843, 
    0.0006958931843702252}}, {{-0.5156702337020795, 0.0057064340164776255, 0, 
    -0.005706434016477605}, {0.005706434016477576, 0.0006958931843702252, 
    0.0003269704772300374, 0.013084307441773888}, 
   {0, 0.0003269704772300701, 0.9735467990134586, 0.00032697047723008216}, 
   {-0.005706434016477583, 0.013084307441773843, 0.00032697047723006297, 
    0.0006958931843701888}}, {{-0.5156702337020794, -0.00570643401647759, 
    0.005706434016477581, 0}, {-0.005706434016477559, 0.0006958931843701888, 
    0.013084307441773909, 0.0003269704772300814}, 
   {0.005706434016477554, 0.01308430744177389, 0.0006958931843701888, 
    0.00032697047723011013}, {0, 0.00032697047723004584, 
    0.0003269704772300459, 0.9735467990134584}}}, 
 {{{0., 0.05138773628641304, 0.05138773628641305, 0.051387736286413105}, 
   {-0.05138773628641304, 0., -0.04812587609496244, 0.04812587609496217}, 
   {-0.05138773628641305, 0.04812587609496244, 0., -0.04812587609496218}, 
   {-0.051387736286413105, -0.04812587609496217, 0.04812587609496218, 0.}}, 
  {{0., 0.051387736286413035, 0.05138773628641305, 0.05138773628641319}, 
   {-0.051387736286413035, 0., -0.048125876094962265, 0.04812587609496245}, 
   {-0.05138773628641305, 0.048125876094962265, 0., -0.04812587609496244}, 
   {-0.05138773628641319, -0.04812587609496245, 0.04812587609496244, 0.}}}, 
 {0, 0}, {{-1.4606057123430591, -1.4072020102626486}, 
  {-6.293747781243967, -1.5140094144234708, -1.6328644761985127}, 
  {-1.5123145021498363, -1.4589108000694258}, {{2, 0.0003081517667911232}}, 
  {{2, 0.031737729925196086}}, {1.2424298916147213*^-8, 0.8514144154438298}}}
