{3, 28, {{{-0.5239265095936512, 0, -0.0005328859757548709, 
    0.0005328859757548778}, {0, 0.997265275563006, 0.00003519700534935957, 
    0.00003519700534911508}, {-0.0005328859757548577, 0.00003519700534913682, 
    0.00005184700254195866, 0.0013105400748198025}, 
   {0.0005328859757548782, 0.00003519700534914658, 0.0013105400748197272, 
    0.00005184700254205147}}, {{-0.5239265095936511, 0.000532885975754891, 0, 
    -0.0005328859757548834}, {0.0005328859757548625, 0.000051847002542003764, 
    0.00003519700534913015, 0.0013105400748197652}, 
   {0, 0.000035197005349365016, 0.997265275563006, 0.000035197005349185554}, 
   {-0.0005328859757548842, 0.0013105400748197947, 0.00003519700534908213, 
    0.00005184700254212693}}, {{-0.5239265095936514, -0.0005328859757548637, 
    0.0005328859757548479, 0}, {-0.0005328859757548053, 
    0.00005184700254194565, 0.00131054007481972, 0.000035197005349167935}, 
   {0.0005328859757548078, 0.0013105400748196945, 0.000051847002541904885, 
    0.00003519700534909891}, {0, 0.00003519700534909998, 
    0.0000351970053491683, 0.9972652755630061}}}, 
 {{{0., 0.0164453622961608, 0.016445362296160802, 0.016445362296160816}, 
   {-0.0164453622961608, 0., -0.015461322372593475, 0.01546132237259344}, 
   {-0.016445362296160802, 0.015461322372593475, 0., -0.015461322372593417}, 
   {-0.016445362296160816, -0.01546132237259344, 0.015461322372593417, 0.}}, 
  {{0., 0.016445362296160802, 0.01644536229616079, 0.01644536229616085}, 
   {-0.016445362296160802, 0., -0.015461322372593473, 0.01546132237259349}, 
   {-0.01644536229616079, 0.015461322372593473, 0., -0.015461322372593523}, 
   {-0.01644536229616085, -0.01546132237259349, 0.015461322372593523, 0.}}}, 
 {0, 0}, {{-1.5625956541080195, -1.5568988134988537}, 
  {-6.298439179112164, -1.5682924947171855, -1.5809270948388967}, 
  {-1.5681220540027556, -1.5624252133935899}, {{2, 0.00010421743171601383}}, 
  {{2, 0.02991846290297493}}, {1.3660915735361364*^-11, 0.9837034259376383}}}
