{3, 28, {{{-0.5209797116049593, 0, -0.0022809607987909885, 
    0.0022809607987909915}, {0, 0.9887845346429659, 0.0001434714413001937, 
    0.00014347144130025832}, {-0.002280960798790954, 0.00014347144130018633, 
    0.00024145169305026751, 0.005443548782423459}, 
   {0.0022809607987909746, 0.00014347144130023208, 0.005443548782423493, 
    0.00024145169305018945}}, {{-0.5209797116049594, 0.00228096079879101, 0, 
    -0.002280960798790998}, {0.0022809607987909764, 0.00024145169305022501, 
    0.0001434714413001911, 0.00544354878242351}, {0, 0.00014347144130019219, 
    0.9887845346429657, 0.00014347144130024336}, 
   {-0.002280960798790995, 0.0054435487824235065, 0.0001434714413002636, 
    0.00024145169305023195}}, {{-0.5209797116049594, -0.0022809607987909495, 
    0.002280960798790948, 0}, {-0.002280960798790926, 0.0002414516930501539, 
    0.005443548782423441, 0.00014347144130026092}, 
   {0.002280960798790919, 0.005443548782423518, 0.00024145169305017644, 
    0.00014347144130028675}, {0, 0.00014347144130021582, 
    0.00014347144130020734, 0.9887845346429658}}}, 
 {{{0., 0.0333569120041417, 0.0333569120041417, 0.033356912004141745}, 
   {-0.0333569120041417, 0., -0.03131998891450262, 0.031319988914502495}, 
   {-0.0333569120041417, 0.03131998891450262, 0., -0.03131998891450249}, 
   {-0.033356912004141745, -0.031319988914502495, 0.03131998891450249, 0.}}, 
  {{0., 0.033356912004141696, 0.03335691200414169, 0.0333569120041418}, 
   {-0.033356912004141696, 0., -0.03131998891450251, 0.03131998891450269}, 
   {-0.03335691200414169, 0.03131998891450251, 0., -0.03131998891450269}, 
   {-0.0333569120041418, -0.03131998891450269, 0.03131998891450269, 0.}}}, 
 {0, 0}, {{-1.5256377492786548, -1.5025274027287445}, 
  {-6.297624889056956, -1.5487480958285649, -1.600064348699913}, 
  {-1.5480424849720928, -1.5249321384221826}, {{2, 0.00020712986975895964}}, 
  {{2, 0.030532249049106064}}, {9.43907850242755*^-10, 0.934566028957687}}}
