{11, 32, {{{-0.5229301623748656, 0, -0.0012132081753068128, 
    0.0012132081753067955}, {0, 0.993630406343637, 0.00026762901787475335, 
    0.00026762901787469393}, {-0.0012132081753067775, 0.0002676290178746986, 
    -0.00008224360093292459, 0.002895289282281819}, 
   {0.0012132081753067842, 0.00026762901787472267, 0.002895289282281791, 
    -0.00008224360093283829}}, {{-0.5229301623748657, 0.001213208175306805, 
    0, -0.0012132081753067922}, {0.0012132081753067723, 
    -0.00008224360093288339, 0.00026762901787470174, 0.002895289282281751}, 
   {0, 0.0002676290178747491, 0.993630406343637, 0.0002676290178747405}, 
   {-0.0012132081753067818, 0.0028952892822818144, 0.0002676290178746742, 
    -0.00008224360093281313}}, {{-0.5229301623748659, -0.0012132081753067668, 
    0.0012132081753067547, 0}, {-0.001213208175306726, 
    -0.00008224360093294844, 0.0028952892822819007, 0.0002676290178747342}, 
   {0.0012132081753067157, 0.002895289282281768, -0.00008224360093297967, 
    0.0002676290178746911}, {0, 0.00026762901787468136, 
    0.0002676290178747039, 0.993630406343637}}}, 
 {{{0., 0.023528822699020235, 0.02352882269902024, 0.02352882269902027}, 
   {-0.023528822699020235, 0., -0.024215835509061756, 0.024215835509061718}, 
   {-0.02352882269902024, 0.024215835509061756, 0., -0.02421583550906172}, 
   {-0.02352882269902027, -0.024215835509061718, 0.02421583550906172, 0.}}, 
  {{0., 0.02352882269902024, 0.023528822699020232, 0.023528822699020305}, 
   {-0.02352882269902024, 0., -0.024215835509061673, 0.024215835509061857}, 
   {-0.023528822699020232, 0.024215835509061673, 0., -0.024215835509061878}, 
   {-0.023528822699020305, -0.024215835509061857, 0.024215835509061878, 
    0.}}}, {0, 0}, {{-1.5482328107753567, -1.5360068758682606}, 
  {-6.29821323483442, -1.5604587456824515, -1.5886478717347585}, 
  {-1.560637236846318, -1.5484113019392218}, {{2, 0.011273456601868619}, 
   {3, 0.0044595818803059295}, {4, 0.001768564948044317}, 
   {5, 0.0007021444781580843}, {6, 0.00027888767603535813}, 
   {7, 0.00011079284455694366}, {8, 0.00004401755220123649}, 
   {9, 0.000017488506395865744}, {10, 6.948396386353972*^-6}}, 
  {{2, 0.10837400997347325}, {3, 0.04792683494034333}, 
   {4, 0.027280043232639356}, {5, 0.01952880725705517}, 
   {6, 0.016516249353319964}, {7, 0.015329661548096521}, 
   {8, 0.014859830333789337}, {9, 0.014673413743704797}, 
   {10, 0.014599387713311325}}, {2.0164931337550937*^-10, 
   0.9623858700323256}}}
