{3, 28, {{{-0.5248754061153986, 0, 8.864005544667132*^-9, 
    -8.864005545156669*^-9}, {0, 0.9999999102598802, -4.411495041786943*^-8, 
    -4.4114950844894956*^-8}, {8.864005543937564*^-9, -4.411495092698627*^-8, 
    5.2822375796318655*^-8, 8.616685542249846*^-8}, 
   {-8.864005548033987*^-9, -4.411495064367487*^-8, 8.616685547443662*^-8, 
    5.282237523426825*^-8}}, {{-0.5248754061153985, -8.864005538519334*^-9, 
    0, 8.864005545192519*^-9}, {-8.864005542240245*^-9, 5.28223757182561*^-8, 
    -4.411495092112513*^-8, 8.616685531664345*^-8}, 
   {0, -4.411495041425678*^-8, 0.99999991025988, -4.4114950848179405*^-8}, 
   {8.86400554776064*^-9, 8.616685536228913*^-8, -4.411495063890079*^-8, 
    5.282237541814894*^-8}}, {{-0.5248754061153984, 8.864005547445069*^-9, 
    -8.864005538661101*^-9, 0}, {8.8640055438773*^-9, 5.282237554998792*^-8, 
    8.616685542231661*^-8, -4.4114950641882235*^-8}, 
   {-8.864005535864402*^-9, 8.616685540871641*^-8, 5.282237564019354*^-8, 
    -4.411495064214857*^-8}, {0, -4.4114950842590947*^-8, 
    -4.411495085014129*^-8, 0.9999999102598812}}}, 
 {{{0., 0.0001665131554305832, 0.00016651315543059244, 
    0.0001665131554305857}, {-0.0001665131554305832, 0., 
    0.00002578068812493165, -0.000025780688124880652}, 
   {-0.00016651315543059244, -0.00002578068812493165, 0., 
    0.00002578068812486603}, {-0.0001665131554305857, 
    0.000025780688124880652, -0.00002578068812486603, 0.}}, 
  {{0., 0.00016651315543061236, 0.00016651315543058607, 
    0.00016651315543058601}, {-0.00016651315543061236, 0., 
    0.00002578068812503143, -0.000025780688124761532}, 
   {-0.00016651315543058607, -0.00002578068812503143, 0., 
    0.000025780688124731042}, {-0.00016651315543058601, 
    0.000025780688124761532, -0.000025780688124731042, 0.}}}, {0, 0}, 
 {{-1.5746203920340371, -1.5746146238491299}, 
  {-6.298727046102555, -1.5746261602189433, -1.5747373628323342}, 
  {-1.5746228295918736, -1.5746170614069663}, {{2, 3.45772563341111*^-7}}, 
  {{2, 0.000769175374221832}}, {2.9360742271663774*^-28, 0.9999994615594038}}}
{3, 28, {{{-0.5248754061179334, 0, 8.863890141006371*^-9, 
    -8.863890143032064*^-9}, {0, 0.9999999102620787, -4.4113767446324565*^-8, 
    -4.4113767454768445*^-8}, {8.863890134376853*^-9, -4.41137675222623*^-8, 
    5.282096555980775*^-8, 8.616464627143059*^-8}, 
   {-8.863890142845642*^-9, -4.411376733861347*^-8, 8.616464623601148*^-8, 
    5.2820965451387536*^-8}}, {{-0.5248754061179334, -8.863890129025722*^-9, 
    0, 8.863890143515142*^-9}, {-8.863890132082513*^-9, 
    5.2820965516439666*^-8, -4.411376752308059*^-8, 8.616464627221602*^-8}, 
   {0, -4.411376744320374*^-8, 0.9999999102620787, -4.4113767399097634*^-8}, 
   {8.863890142627144*^-9, 8.616464631325762*^-8, -4.4113767389279914*^-8, 
    5.2820965601441117*^-8}}, {{-0.5248754061179336, 8.863890143557242*^-9, 
    -8.863890125982033*^-9, 0}, {8.863890138429042*^-9, 
    5.2820965480877835*^-8, 8.616464652546622*^-8, -4.411376733882538*^-8}, 
   {-8.86389011547228*^-9, 8.61646463948308*^-8, 5.2820965351640936*^-8, 
    -4.411376738892726*^-8}, {0, -4.411376745692046*^-8, 
    -4.411376739304367*^-8, 0.9999999102620787}}}, 
 {{{0., 0.00016651098755259398, 0.00016651098755259168, 
    0.00016651098755259423}, {-0.00016651098755259398, 0., 
    0.00002578068811955331, -0.000025780688119625375}, 
   {-0.00016651098755259168, -0.00002578068811955331, 0., 
    0.0000257806881196509}, {-0.00016651098755259423, 
    0.000025780688119625375, -0.0000257806881196509, 0.}}, 
  {{0., 0.00016651098755260168, 0.00016651098755259426, 
    0.0001665109875525941}, {-0.00016651098755260168, 0., 
    0.00002578068811974997, -0.0000257806881196958}, 
   {-0.00016651098755259426, -0.00002578068811974997, 0., 
    0.000025780688119737447}, {-0.0001665109875525941, 0.0000257806881196958, 
    -0.000025780688119737447, 0.}}}, {0, 0}, 
 {{-1.5746203921180348, -1.574614624008225}, {-6.29872704598607, 
   -1.5746261602278437, -1.574737362765191}, {-1.5746228296383227, 
   -1.5746170615285129}, {{2, 1.728862273275779*^-7}}, 
  {{2, 2.3096575006682434}}, {2.936074223614309*^-28, 0.999999461572593}}}
