{9, 32, {{{-0.5219057072081322, 0, -0.0003058113387860255, 
    0.00030581133878603635}, {0, 0.9972226356158727, -0.0013409806772562848, 
    -0.0013409806772550898}, {-0.0003058113387860565, -0.0013409806772544444, 
    0.0016046009600707719, 0.002627926631419219}, 
   {0.00030581133878612314, -0.0013409806772548259, 0.002627926631419129, 
    0.0016046009600707584}}, {{-0.5219057072081328, 0.0003058113387860343, 0, 
    -0.00030581133878603527}, {0.0003058113387860243, 0.0016046009600705394, 
    -0.0013409806772544395, 0.002627926631419514}, 
   {0, -0.0013409806772562683, 0.9972226356158724, -0.0013409806772549618}, 
   {-0.00030581133878613745, 0.002627926631418619, -0.001340980677255009, 
    0.0016046009600705624}}, {{-0.5219057072081329, -0.00030581133878600827, 
    0.0003058113387860249, 0}, {-0.00030581133878601206, 
    0.0016046009600703924, 0.0026279266314189788, -0.0013409806772548129}, 
   {0.00030581133878603353, 0.0026279266314187854, 0.001604600960070618, 
    -0.001340980677255012}, {0, -0.0013409806772550856, 
    -0.0013409806772552236, 0.997222635615874}}}, 
 {{{0., 0.0581354013398829, 0.05813540133988289, 0.058135401339883076}, 
   {-0.0581354013398829, 0., -0.009727724160382317, 0.009727724160382218}, 
   {-0.05813540133988289, 0.009727724160382317, 0., -0.009727724160381944}, 
   {-0.058135401339883076, -0.009727724160382218, 0.009727724160381944, 0.}}, 
  {{0., 0.05813540133988289, 0.0581354013398829, 0.05813540133988323}, 
   {-0.05813540133988289, 0., -0.009727724160382104, 0.009727724160382343}, 
   {-0.0581354013398829, 0.009727724160382104, 0., -0.009727724160382239}, 
   {-0.05813540133988323, -0.009727724160382343, 0.009727724160382239, 0.}}}, 
 {0, 0}, {{-1.5614383824381193, -1.5513690355542114}, 
  {-6.300334188277182, -1.571507729322028, -1.5786593648165628}, 
  {-1.5673155015044633, -1.5572461546205554}, {{2, 0.011497153207197745}, 
   {3, 0.008998558081142236}, {4, 0.0070461027011200356}, 
   {5, 0.0055202978766195135}, {6, 0.004327272414426084}, 
   {7, 0.0033937848924377387}, {8, 0.002662839012230099}}, 
  {{2, 0.31595355454218577}, {3, 0.36279589953128266}, 
   {4, 0.3854822291227604}, {5, 0.3985468981804131}, {6, 0.4068334469403325}, 
   {7, 0.4124172178899717}, {8, 0.4163356239384157}}, 
  {8.473590719183467*^-13, 0.9834510924025573}}}
