{3, 32, {{{-0.5236546287002604, 0, 1.2428011732356722*^-6, 
    -1.2428011733076067*^-6}, {0, 0.9989422812370206, -0.0005684089081237701, 
    -0.000568408908125601}, {1.242801173244309*^-6, -0.0005684089081236222, 
    0.0006768926103573954, 0.0010592840442648823}, 
   {-1.2428011731715234*^-6, -0.0005684089081255825, 0.001059284044264836, 
    0.0006768926103590568}}, {{-0.5236546287002604, -1.242801173224014*^-6, 
    0, 1.242801173280316*^-6}, {-1.242801173252224*^-6, 
    0.0006768926103582484, -0.0005684089081236245, 0.0010592840442648107}, 
   {0, -0.0005684089081237617, 0.9989422812370223, -0.0005684089081254735}, 
   {1.242801173200019*^-6, 0.0010592840442648303, -0.0005684089081255039, 
    0.0006768926103563611}}, {{-0.5236546287002581, 1.2428011731830782*^-6, 
    -1.2428011731663684*^-6, 0}, {1.2428011732907878*^-6, 
    0.0006768926103593604, 0.0010592840442659682, -0.0005684089081255774}, 
   {-1.2428011733062305*^-6, 0.0010592840442658932, 0.0006768926103601636, 
    -0.0005684089081255116}, {0, -0.000568408908125636, 
    -0.0005684089081254842, 0.9989422812370146}}}, 
 {{{0., 0.01861256771099283, 0.018612567710992844, 0.01861256771099272}, 
   {-0.01861256771099283, 0., 0.00003169673249139614, 
    -0.000031696732491099517}, {-0.018612567710992844, 
    -0.00003169673249139614, 0., 0.00003169673249084334}, 
   {-0.01861256771099272, 0.000031696732491099517, -0.00003169673249084334, 
    0.}}, {{0., 0.018612567710992838, 0.018612567710992838, 
    0.01861256771099275}, {-0.018612567710992838, 0., 
    0.000031696732490425726, -0.00003169673249079192}, 
   {-0.018612567710992838, -0.000031696732490425726, 0., 
    0.00003169673249104768}, {-0.01861256771099275, 0.00003169673249079192, 
    -0.00003169673249104768, 0.}}}, {0, 0}, 
 {{-1.5671177398593965, -1.563893948565923}, {-6.298448065754337, 
   -1.5703415311528737, -1.5788825017242947}, 
  {-1.568726890488579, -1.5655030991951053}, {{2, 0.00001204540906164786}}, 
  {{2, 0.5008514873655023}}, {1.0141144417654321*^-27, 0.9936704453087463}}}
