{8, 40, {{{-0.5247220065222162, 0, -0.0000876910317453427, 
    0.0000876910317453525}, {0, 0.9995299006831568, 0.00001703868979375625, 
    0.00001703868979371803}, {-0.00008769103174531375, 
    0.00001703868979403587, -3.8143669881408188*^-6, 0.00021393269703314413}, 
   {0.00008769103174534711, 0.000017038689793999686, 0.0002139326970328967, 
    -3.8143669881382167*^-6}}, {{-0.5247220065222165, 0.00008769103174536085, 
    0, -0.00008769103174536347}, {0.00008769103174534855, 
    -3.814366988153829*^-6, 0.000017038689794037348, 0.00021393269703294103}, 
   {0, 0.000017038689793759515, 0.9995299006831568, 0.000017038689793915423}, 
   {-0.00008769103174536123, 0.0002139326970331115, 0.000017038689793824933, 
    -3.8143669881807174*^-6}}, 
  {{-0.5247220065222168, -0.00008769103174534427, 0.00008769103174531848, 0}, 
   {-0.0000876910317453106, -3.8143669883368425*^-6, 0.00021393269703329644, 
    0.000017038689793997192}, {0.00008769103174527844, 0.000213932697033059, 
    -3.8143669883194953*^-6, 0.000017038689793822287}, 
   {0, 0.000017038689793721425, 0.00001703868979392122, 
    0.9995299006831575}}}, 
 {{{0., 0.01294134797174163, 0.01294134797174161, 0.012941347971741674}, 
   {-0.01294134797174163, 0., -0.013088355867624229, 0.013088355867624177}, 
   {-0.01294134797174161, 0.013088355867624229, 0., -0.013088355867624218}, 
   {-0.012941347971741674, -0.013088355867624177, 0.013088355867624218, 0.}}, 
  {{0., 0.012941347971741598, 0.012941347971741582, 0.012941347971741742}, 
   {-0.012941347971741598, 0., -0.01308835586762401, 0.01308835586762424}, 
   {-0.012941347971741582, 0.01308835586762401, 0., -0.013088355867624232}, 
   {-0.012941347971741742, -0.01308835586762424, 0.013088355867624232, 0.}}}, 
 {0, 0}, {{-1.5725835363259018, -1.5712386319935718}, 
  {-6.298427794098775, -1.5739284406582308, -1.575285456391157}, 
  {-1.5739360794125743, -1.5725911750802444}, {{2, 0.000032445305629486}, 
   {3, 0.000025417770484575247}, {4, 0.00001991239175045019}, 
   {5, 0.00001559946521403205}, {6, 0.000012220704247414144}, 
   {7, 9.573769067287852*^-6}}, {{2, 0.008928993821182426}, 
   {3, 0.007926196649183252}, {4, 0.007143362678598534}, 
   {5, 0.006531773622856952}, {6, 0.006053682970381842}, 
   {7, 0.0056797752522978065}}, {5.02701948729364*^-12, 0.9971827169224137}}}
