{3, 28, {{{-0.5148658434796702, 0, -0.005802777924968088, 
    0.005802777924968049}, {0, 0.9740169198465586, -0.0003607645537797464, 
    -0.00036076455377971476}, {-0.005802777924968038, -0.0003607645537797885, 
    0.0014440888798001872, 0.013437623334391236}, 
   {0.005802777924968056, -0.0003607645537797941, 0.013437623334391191, 
    0.0014440888798001542}}, {{-0.5148658434796701, 0.00580277792496807, 0, 
    -0.00580277792496805}, {0.005802777924968028, 0.0014440888798001707, 
    -0.00036076455377979325, 0.013437623334391245}, 
   {0, -0.0003607645537797451, 0.9740169198465585, -0.0003607645537797353}, 
   {-0.005802777924968047, 0.013437623334391191, -0.00036076455377978897, 
    0.0014440888798001317}}, {{-0.51486584347967, -0.005802777924968031, 
    0.005802777924968042, 0}, {-0.0058027779249680035, 0.0014440888798001412, 
    0.013437623334391288, -0.00036076455377974555}, 
   {0.005802777924968016, 0.013437623334391267, 0.0014440888798001594, 
    -0.0003607645537797433}, {0, -0.00036076455377979065, 
    -0.00036076455377980144, 0.9740169198465582}}}, 
 {{{0., 0.05357903534246927, 0.05357903534246926, 0.0535790353424693}, 
   {-0.05357903534246927, 0., -0.04654207063068387, 0.04654207063068365}, 
   {-0.05357903534246926, 0.04654207063068387, 0., -0.046542070630683635}, 
   {-0.0535790353424693, -0.04654207063068365, 0.046542070630683635, 0.}}, 
  {{0., 0.05357903534246925, 0.05357903534246923, 0.053579035342469376}, 
   {-0.05357903534246925, 0., -0.04654207063068369, 0.04654207063068393}, 
   {-0.05357903534246923, 0.04654207063068369, 0., -0.04654207063068393}, 
   {-0.053579035342469376, -0.04654207063068393, 0.04654207063068393, 0.}}}, 
 {0, 0}, {{-1.4573953012252838, -1.4017143343650722}, 
  {-6.293681484115127, -1.5130762680854946, -1.633764473972069}, 
  {-1.5094197539619305, -1.4537387871017189}, {{2, 0.0003072156676166282}}, 
  {{2, 0.06566901276596582}}, {1.0164223482612813*^-8, 0.8538842577812571}}}
