{3, 28, {{{-0.5238390074317927, 0, -0.0005378909486887713, 
    0.0005378909486887669}, {0, 0.997322157185678, -0.000039028211277011436, 
    -0.00003902821127703843}, {-0.0005378909486887459, 
    -0.000039028211276942156, 0.00013379448285133141, 0.0013529196754344522}, 
   {0.0005378909486887865, -0.00003902821127695094, 0.0013529196754343757, 
    0.00013379448285141902}}, {{-0.5238390074317927, 0.0005378909486887701, 
    0, -0.0005378909486887654}, {0.0005378909486887405, 
    0.00013379448285124988, -0.00003902821127693389, 0.0013529196754344364}, 
   {0, -0.00003902821127700531, 0.9973221571856781, 
    -0.000039028211277010725}, {-0.0005378909486887897, 
    0.0013529196754344366, -0.000039028211276984934, 
    0.00013379448285141815}}, {{-0.5238390074317927, -0.0005378909486887463, 
    0.0005378909486887427, 0}, {-0.0005378909486887103, 
    0.00013379448285114753, 0.0013529196754343631, -0.00003902821127693817}, 
   {0.0005378909486887088, 0.0013529196754344794, 0.00013379448285116835, 
    -0.000039028211276968386}, {0, -0.00003902821127706543, 
    -0.00003902821127703022, 0.9973221571856784}}}, 
 {{{0., 0.017186642109966208, 0.01718664210996622, 0.017186642109966222}, 
   {-0.017186642109966208, 0., -0.014913474514577672, 0.014913474514577536}, 
   {-0.01718664210996622, 0.014913474514577672, 0., -0.01491347451457753}, 
   {-0.017186642109966222, -0.014913474514577536, 0.01491347451457753, 0.}}, 
  {{0., 0.017186642109966222, 0.01718664210996622, 0.01718664210996625}, 
   {-0.017186642109966222, 0., -0.014913474514577585, 0.014913474514577623}, 
   {-0.01718664210996622, 0.014913474514577585, 0., -0.01491347451457763}, 
   {-0.01718664210996625, -0.014913474514577623, 0.01491347451457763, 0.}}}, 
 {0, 0}, {{-1.5622412612614953, -1.5562876337923026}, 
  {-6.298437757278029, -1.5681948887306882, -1.581023989908326}, 
  {-1.5678011645537548, -1.5618475370845621}, {{2, 0.0001041958161166201}}, 
  {{2, 0.06613181274282945}}, {1.1002034902318855*^-11, 0.9840401224688691}}}
