{3, 28, {{{-0.5206273320764544, 0, -0.0023104045193815302, 
    0.0023104045193815086}, {0, 0.9890057277372067, -0.0001561259767284785, 
    -0.00015612597672843426}, {-0.0023104045193814756, 
    -0.00015612597672840455, 0.0005706875562584927, 0.005608020563442694}, 
   {0.0023104045193815155, -0.00015612597672856805, 0.005608020563442695, 
    0.0005706875562584719}}, {{-0.5206273320764545, 0.002310404519381526, 0, 
    -0.002310404519381506}, {0.002310404519381497, 0.0005706875562585013, 
    -0.0001561259767283987, 0.005608020563442763}, 
   {0, -0.00015612597672848153, 0.9890057277372066, -0.00015612597672851343}, 
   {-0.002310404519381532, 0.005608020563442639, -0.00015612597672846898, 
    0.0005706875562585811}}, {{-0.5206273320764545, -0.0023104045193814834, 
    0.0023104045193814973, 0}, {-0.0023104045193814565, 
    0.0005706875562584111, 0.005608020563442642, -0.00015612597672853314}, 
   {0.002310404519381453, 0.005608020563442799, 0.0005706875562583591, 
    -0.000156125976728445}, {0, -0.000156125976728458, 
    -0.00015612597672855422, 0.9890057277372067}}}, 
 {{{0., 0.03483123761562746, 0.03483123761562747, 0.03483123761562751}, 
   {-0.03483123761562746, 0., -0.03023808670301955, 0.030238086703019425}, 
   {-0.03483123761562747, 0.03023808670301955, 0., -0.03023808670301941}, 
   {-0.03483123761562751, -0.030238086703019425, 0.03023808670301941, 0.}}, 
  {{0., 0.03483123761562747, 0.03483123761562746, 0.03483123761562755}, 
   {-0.03483123761562747, 0., -0.030238086703019404, 0.030238086703019605}, 
   {-0.03483123761562746, 0.030238086703019404, 0., -0.03023808670301961}, 
   {-0.03483123761562755, -0.030238086703019605, 0.03023808670301961, 0.}}}, 
 {0, 0}, {{-1.5242180963656637, -1.500086307069353}, 
  {-6.297611721360959, -1.5483498856619717, -1.600455975018508}, 
  {-1.5467587715124784, -1.5226269822161678}, {{2, 0.00020692322656196138}}, 
  {{2, 0.06593436275929523}}, {7.644090987921219*^-10, 0.9358211165197031}}}
