{8, 32, {{{-0.5234403721080185, 0, -0.0008972294249957665, 
    0.00089722942499576}, {0, 0.9952263866328488, 0.000216696332344471, 
    0.00021669633234445485}, {-0.0008972294249957296, 0.00021669633234457618, 
    -0.00008214435456461349, 0.002148370128974997}, 
   {0.0008972294249957585, 0.00021669633234448434, 0.0021483701289748977, 
    -0.00008214435456449249}}, {{-0.5234403721080184, 0.0008972294249957733, 
    0, -0.0008972294249957604}, {0.0008972294249957268, 
    -0.00008214435456462736, 0.00021669633234457325, 0.00214837012897496}, 
   {0, 0.00021669633234446347, 0.9952263866328488, 0.00021669633234448418}, 
   {-0.0008972294249957559, 0.0021483701289749264, 0.0002166963323444331, 
    -0.00008214435456435631}}, {{-0.5234403721080186, -0.0008972294249957327, 
    0.0008972294249957244, 0}, {-0.0008972294249956776, 
    -0.00008214435456464515, 0.002148370128975105, 0.00021669633234450744}, 
   {0.0008972294249956778, 0.0021483701289749264, -0.00008214435456474489, 
    0.00021669633234446987}, {0, 0.00021669633234442932, 
    0.00021669633234445496, 0.995226386632849}}}, 
 {{{0., 0.020195874831715033, 0.020195874831715033, 0.020195874831715078}, 
   {-0.020195874831715033, 0., -0.02102317620603054, 0.021023176206030406}, 
   {-0.020195874831715033, 0.02102317620603054, 0., -0.021023176206030413}, 
   {-0.020195874831715078, -0.021023176206030406, 0.021023176206030413, 0.}}, 
  {{0., 0.02019587483171505, 0.02019587483171504, 0.0201958748317151}, 
   {-0.02019587483171505, 0., -0.021023176206030437, 0.02102317620603052}, 
   {-0.02019587483171504, 0.021023176206030437, 0., -0.021023176206030537}, 
   {-0.0201958748317151, -0.02102317620603052, 0.021023176206030537, 0.}}}, 
 {0, 0}, {{-1.5549537573920307, -1.545858884250954}, 
  {-6.2983394631796195, -1.5640486305331063, -1.5851211010567035}, 
  {-1.5642349111748601, -1.5551400380337834}, {{2, 0.009677651211107391}, 
   {3, 0.003817975959729998}, {4, 0.001508982162374578}, 
   {5, 0.0005968699530548432}, {6, 0.00023616575091110759}, 
   {7, 0.0000934568110939546}}, {{2, 0.1143082899665216}, 
   {3, 0.05328388631179008}, {4, 0.032473919800896305}, 
   {5, 0.024683532733367642}, {6, 0.02166607886369458}, 
   {7, 0.020481939534905628}}, {8.63356140477559*^-11, 0.9716979627766189}}}
