{6, 32, {{{-0.5248619232375583, 0, -5.113758358268655*^-6, 
    5.113758358268849*^-6}, {0, 0.9999725903491001, 9.456583269947453*^-7, 
    9.456583277169442*^-7}, {-5.1137583582376215*^-6, 9.456583278354987*^-7, 
    -1.7256497137794688*^-7, 0.000012509578423338652}, 
   {5.113758358266758*^-6, 9.456583277321378*^-7, 0.000012509578423451624, 
    -1.7256497123613324*^-7}}, {{-0.5248619232375584, 5.113758358267264*^-6, 
    0, -5.113758358269864*^-6}, {5.11375835823895*^-6, 
    -1.725649717608871*^-7, 9.456583278475914*^-7, 0.00001250957842367461}, 
   {0, 9.456583270027542*^-7, 0.9999725903491008, 9.456583276449372*^-7}, 
   {-5.113758358263649*^-6, 0.000012509578423650443, 9.456583278087445*^-7, 
    -1.725649720618616*^-7}}, {{-0.5248619232375578, -5.113758358236866*^-6, 
    5.113758358235209*^-6, 0}, {-5.113758358192223*^-6, 
    -1.7256497180772462*^-7, 0.000012509578422855401, 9.456583277300607*^-7}, 
   {5.113758358187076*^-6, 0.000012509578423222407, -1.7256497170103913*^-7, 
    9.456583278008454*^-7}, {0, 9.456583277177306*^-7, 9.456583276382385*^-7, 
    0.9999725903491017}}}, 
 {{{0., 0.0015686717402888, 0.0015686717402887975, 0.0015686717402888}, 
   {-0.0015686717402888, 0., -0.0015777894568883598, 0.0015777894568875304}, 
   {-0.0015686717402887975, 0.0015777894568883598, 0., 
    -0.0015777894568870538}, {-0.0015686717402888, -0.0015777894568875304, 
    0.0015777894568870538, 0.}}, {{0., 0.0015686717402888027, 
    0.0015686717402888049, 0.0015686717402887968}, 
   {-0.0015686717402888027, 0., -0.0015777894568884453, 
    0.0015777894568874849}, {-0.0015686717402888049, 0.0015777894568884453, 
    0., -0.0015777894568871134}, {-0.0015686717402887968, 
    -0.0015777894568874849, 0.0015777894568871134, 0.}}}, {0, 0}, 
 {{-1.5744956526764113, -1.5744413122933185}, 
  {-6.29844758978963, -1.5745499930595024, -1.5746738018353126}, 
  {-1.574550150982987, -1.574495810599894}, {{2, 0.0007543259109146396}, 
   {3, 0.0002953015179310613}, {4, 0.00011560505387517295}, 
   {5, 0.000045257431771375534}}, {{2, 0.08846025576307229}, 
   {3, 0.030082605787135903}, {4, 0.01026617440107342}, 
   {5, 0.002906190111254778}}, {1.542745534925386*^-17, 0.9998355533635277}}}
