{10, 32, {{{-0.5153461215244324, 0, -0.006122233472980004, 
    0.006122233472979989}, {0, 0.9714185177313739, 0.0006472278467832423, 
    0.0006472278467832856}, {-0.006122233472979959, 0.00064722784678328, 
    0.00043931485812555553, 0.01391174871456614}, 
   {0.006122233472979988, 0.000647227846783277, 0.01391174871456611, 
    0.00043931485812553645}}, {{-0.5153461215244325, 0.006122233472980005, 0, 
    -0.006122233472979986}, {0.006122233472979953, 0.00043931485812554773, 
    0.0006472278467832921, 0.013911748714566106}, 
   {0, 0.0006472278467832557, 0.9714185177313742, 0.0006472278467833208}, 
   {-0.006122233472979981, 0.013911748714566113, 0.0006472278467832657, 
    0.0004393148581254558}}, {{-0.5153461215244324, -0.006122233472979966, 
    0.006122233472979963, 0}, {-0.006122233472979924, 0.0004393148581254905, 
    0.013911748714566165, 0.0006472278467833229}, 
   {0.006122233472979924, 0.013911748714566121, 0.00043931485812553905, 
    0.0006472278467832967}, {0, 0.0006472278467832223, 0.0006472278467832443, 
    0.9714185177313741}}}, 
 {{{0., 0.05229492864856948, 0.052294928648569494, 0.052294928648569515}, 
   {-0.05229492864856948, 0., -0.05049653964673838, 0.05049653964673814}, 
   {-0.052294928648569494, 0.05049653964673838, 0., -0.05049653964673815}, 
   {-0.052294928648569515, -0.05049653964673814, 0.05049653964673815, 0.}}, 
  {{0., 0.052294928648569466, 0.05229492864856949, 0.052294928648569605}, 
   {-0.052294928648569466, 0., -0.0504965396467382, 0.050496539646738434}, 
   {-0.05229492864856949, 0.0504965396467382, 0., -0.05049653964673842}, 
   {-0.052294928648569605, -0.050496539646738434, 0.05049653964673842, 0.}}}, 
 {0, 0}, {{-1.4538965416502487, -1.3977385081437923}, 
  {-6.293282721668138, -1.5100545751567074, -1.6365867856773617}, 
  {-1.5090889558085931, -1.4529309223021367}, {{2, 0.025411424678554048}, 
   {3, 0.010472798435633299}, {4, 0.004383228015762533}, 
   {5, 0.0018476217651324511}, {6, 0.0007812407306662106}, 
   {7, 0.00033077874128402407}, {8, 0.00014013216988414956}, 
   {9, 0.000059380419063143064}}, {{2, 0.072606275480078}, 
   {3, 0.015856371713701793}, {4, 0.004031068313115468}, 
   {5, 0.011841537707272008}, {6, 0.015048868607387373}, 
   {7, 0.016390291168930288}, {8, 0.016955639356923003}, 
   {9, 0.01719467879874825}}, {1.6579434397328265*^-8, 0.8403075544335382}}}
