{18, 40, {{{-0.51596116118843, 0, -0.005595058080681307, 
    0.005595058080681274}, {0, 0.97398793945353, 0.0004191559189186565, 
    0.0004191559189186435}, {-0.005595058080681276, 0.0004191559189186027, 
    0.0005727837131253369, 0.012773203922759142}, 
   {0.0055950580806812655, 0.00041915591891857583, 0.01277320392275915, 
    0.0005727837131253677}}, {{-0.51596116118843, 0.005595058080681295, 0, 
    -0.005595058080681273}, {0.00559505808068125, 0.0005727837131253672, 
    0.0004191559189185984, 0.01277320392275912}, {0, 0.0004191559189186747, 
    0.97398793945353, 0.0004191559189186461}, {-0.00559505808068126, 
    0.012773203922759118, 0.0004191559189185832, 0.0005727837131253577}}, 
  {{-0.5159611611884299, -0.005595058080681222, 0.0055950580806812455, 0}, 
   {-0.005595058080681201, 0.0005727837131253195, 0.012773203922759165, 
    0.0004191559189186383}, {0.005595058080681217, 0.012773203922759123, 
    0.0005727837131253299, 0.00041915591891862505}, 
   {0, 0.0004191559189185997, 0.0004191559189185855, 0.9739879394535298}}}, 
 {{{0., 0.10111147006864457, 0.10111147006864457, 0.10111147006864499}, 
   {-0.10111147006864457, 0., -0.09576669635667026, 0.09576669635666973}, 
   {-0.10111147006864457, 0.09576669635667026, 0., -0.09576669635666972}, 
   {-0.10111147006864499, -0.09576669635666973, 0.09576669635666972, 0.}}, 
  {{0., 0.10111147006864458, 0.10111147006864457, 0.10111147006864513}, 
   {-0.10111147006864458, 0., -0.09576669635666994, 0.09576669635667032}, 
   {-0.10111147006864457, 0.09576669635666994, 0., -0.09576669635667028}, 
   {-0.10111147006864513, -0.09576669635667032, 0.09576669635667028, 0.}}}, 
 {0, 0}, {{-1.4647357473877491, -1.3911810619652636}, 
  {-6.294073530084303, -1.538290432810236, -1.6087463322319153}, 
  {-1.5363463746891748, -1.4627916892666892}, {{2, 0.00018610262387558363}, 
   {3, 0.00015165606582630276}, {4, 0.00012357869507337305}, 
   {5, 0.00010070467835354702}, {6, 0.00008206779626909744}, 
   {7, 0.00006688209004980517}, {8, 0.00005450775161691679}, 
   {9, 0.00004442382701089209}, {10, 0.00003620605675323796}, 
   {11, 0.0000295088746767036}, {12, 0.00002405077588152338}, 
   {13, 0.000019602417276748385}, {14, 0.000015976936404704656}, 
   {15, 0.000013022072367252502}, {16, 0.000010613751634594437}, 
   {17, 8.650865208903458*^-6}}, {{2, 0.023036447907979086}, 
   {3, 0.023699468538284543}, {4, 0.024238123298211817}, 
   {5, 0.02467604221123836}, {6, 0.02503223392652197}, 
   {7, 0.025322063374414706}, {8, 0.02555796906384674}, 
   {9, 0.025750033089572237}, {10, 0.025906435918426136}, 
   {11, 0.026033820617536355}, {12, 0.02613758547044768}, 
   {13, 0.026222119670388917}, {14, 0.02629099357001762}, 
   {15, 0.026347112520012456}, {16, 0.026392841445205838}, 
   {17, 0.026430105844302918}}, {7.714131457927215*^-7, 0.8537318329500133}}}
