{8, 32, {{{-0.52330086616362, 0, -0.0009101528002782159, 
    0.0009101528002782168}, {0, 0.9953393053299708, 0.00009260116413987497, 
    0.00009260116413984418}, {-0.0009101528002781895, 0.0000926011641399121, 
    0.00005413996438780001, 0.002209443161604274}, 
   {0.0009101528002782264, 0.00009260116413973885, 0.002209443161604317, 
    0.0000541399643878334}}, {{-0.5233008661636203, 0.0009101528002782326, 0, 
    -0.0009101528002782241}, {0.0009101528002781994, 0.00005413996438774927, 
    0.00009260116413990294, 0.002209443161604354}, 
   {0, 0.00009260116413985702, 0.9953393053299706, 0.00009260116413975457}, 
   {-0.0009101528002782325, 0.002209443161604258, 0.00009260116413982227, 
    0.00005413996438802249}}, {{-0.5233008661636205, -0.0009101528002781977, 
    0.0009101528002781912, 0}, {-0.0009101528002781569, 
    0.00005413996438781519, 0.002209443161604312, 0.000092601164139735}, 
   {0.0009101528002781497, 0.0022094431616044258, 0.00005413996438768942, 
    0.00009260116413983225}, {0, 0.00009260116413982152, 
    0.00009260116413976061, 0.9953393053299711}}}, 
 {{{0., 0.02115752860508288, 0.021157528605082875, 0.021157528605082895}, 
   {-0.02115752860508288, 0., -0.020313067405988046, 0.02031306740598792}, 
   {-0.021157528605082875, 0.020313067405988046, 0., -0.020313067405987956}, 
   {-0.021157528605082895, -0.02031306740598792, 0.020313067405987956, 0.}}, 
  {{0., 0.02115752860508286, 0.021157528605082868, 0.021157528605082934}, 
   {-0.02115752860508286, 0., -0.020313067405987956, 0.02031306740598805}, 
   {-0.021157528605082868, 0.020313067405987956, 0., -0.020313067405988053}, 
   {-0.021157528605082934, -0.02031306740598805, 0.020313067405988053, 0.}}}, 
 {0, 0}, {{-1.55440074709592, -1.544872809324204}, 
  {-6.298339594340472, -1.5639286848676341, -1.585241112302602}, 
  {-1.563738540406394, -1.5542106026346778}, {{2, 0.010133781903004548}, 
   {3, 0.003997806834039365}, {4, 0.0015802719674801041}, 
   {5, 0.0006251987996378633}, {6, 0.000247433796808888}, 
   {7, 0.00009794042353700183}}, {{2, 0.06640240125199537}, 
   {3, 0.010235350942529616}, {4, 0.008917268225711894}, 
   {5, 0.016088068690328545}, {6, 0.01886608695754146}, 
   {7, 0.019956517957679033}}, {7.02510885336085*^-11, 0.9723596453673115}}}
