{17, 40, {{{-0.5179109931503184, 0, -0.004345457928214433, 
    0.004345457928214415}, {0, 0.9792802537419258, 0.00043018154946271184, 
    0.0004301815494626689}, {-0.0043454579282143965, 0.00043018154946261296, 
    0.00031736421247911123, 0.010028995145789883}, 
   {0.004345457928214404, 0.00043018154946263074, 0.010028995145789851, 
    0.0003173642124791906}}, {{-0.5179109931503184, 0.004345457928214447, 0, 
    -0.004345457928214421}, {0.00434545792821441, 0.0003173642124791095, 
    0.00043018154946260255, 0.010028995145789884}, 
   {0, 0.00043018154946269883, 0.9792802537419257, 0.00043018154946268907}, 
   {-0.004345457928214412, 0.010028995145789869, 0.00043018154946261925, 
    0.0003173642124791598}}, {{-0.5179109931503184, -0.004345457928214381, 
    0.004345457928214377, 0}, {-0.004345457928214351, 0.00031736421247905355, 
    0.010028995145789886, 0.00043018154946268734}, 
   {0.004345457928214355, 0.010028995145789876, 0.0003173642124790488, 
    0.0004301815494626665}, {0, 0.00043018154946259865, 
    0.00043018154946263584, 0.9792802537419257}}}, 
 {{{0., 0.08929251477901781, 0.08929251477901778, 0.08929251477901819}, 
   {-0.08929251477901781, 0., -0.08579859408388013, 0.08579859408387969}, 
   {-0.08929251477901778, 0.08579859408388013, 0., -0.08579859408387969}, 
   {-0.08929251477901819, -0.08579859408387969, 0.08579859408387969, 0.}}, 
  {{0., 0.08929251477901781, 0.08929251477901777, 0.0892925147790183}, 
   {-0.08929251477901781, 0., -0.0857985940838798, 0.08579859408388021}, 
   {-0.08929251477901777, 0.0857985940838798, 0., -0.08579859408388023}, 
   {-0.0892925147790183, -0.08579859408388021, 0.08579859408388023, 0.}}}, 
 {0, 0}, {{-1.486689000464128, -1.427918514977645}, 
  {-6.29571685818481, -1.5454594859506132, -1.6023989431417918}, 
  {-1.5443096727999093, -1.4855391873134263}, {{2, 0.0001699332092652689}, 
   {3, 0.00013724138578824485}, {4, 0.00011083751668466979}, 
   {5, 0.00008951695033675156}, {6, 0.00007229976412732875}, 
   {7, 0.00005839545994495987}, {8, 0.0000471660877583574}, 
   {9, 0.00003809671689461447}, {10, 0.00003077165411567717}, 
   {11, 0.000024855279733296265}, {12, 0.00002007659793423766}, 
   {13, 0.000016216776812183475}, {14, 0.00001309909652238983}, 
   {15, 0.000010580838155319072}, {16, 8.5467373324849*^-6}}, 
  {{2, 0.016117280619335206}, {3, 0.016819833262899212}, 
   {4, 0.017385539764734306}, {5, 0.017841355197484175}, 
   {6, 0.01820880413088798}, {7, 0.018505133341150275}, 
   {8, 0.01874418329365201}, {9, 0.018937074831368958}, 
   {10, 0.019092752641968476}, {11, 0.019218416999100693}, 
   {12, 0.019319867809946774}, {13, 0.019401779477401036}, 
   {14, 0.019467920945227757}, {15, 0.0195213321566634}, 
   {16, 0.01956446575496713}}, {3.989156078612534*^-7, 0.88194597946314}}}
