{16, 32, {{{-0.5164256904001119, 0, -0.005037507808904385, 
    0.005037507808904362}, {0, 0.9768656184864605, 7.459873841228568*^-6, 
    7.459873841204716*^-6}, {-0.005037507808904348, 7.459873841141832*^-6, 
    0.0009002062355864572, 0.011646315986400767}, 
   {0.005037507808904343, 7.459873841167419*^-6, 0.01164631598640076, 
    0.000900206235586413}}, {{-0.5164256904001119, 0.005037507808904388, 0, 
    -0.005037507808904359}, {0.005037507808904334, 0.0009002062355864594, 
    7.459873841147253*^-6, 0.011646315986400741}, 
   {0, 7.459873841229869*^-6, 0.9768656184864604, 7.459873841191678*^-6}, 
   {-0.005037507808904336, 0.011646315986400734, 7.459873841166498*^-6, 
    0.000900206235586426}}, {{-0.5164256904001119, -0.0050375078089043325, 
    0.0050375078089043256, 0}, {-0.0050375078089042935, 
    0.0009002062355864086, 0.011646315986400741, 7.459873841204282*^-6}, 
   {0.005037507808904298, 0.01164631598640075, 0.0009002062355863982, 
    7.459873841200704*^-6}, {0, 7.459873841160914*^-6, 7.459873841138959*^-6, 
    0.9768656184864601}}}, 
 {{{0., 0.09839923694234173, 0.09839923694234173, 0.09839923694234208}, 
   {-0.09839923694234173, 0., -0.08899912314092814, 0.08899912314092762}, 
   {-0.09839923694234173, 0.08899912314092814, 0., -0.08899912314092763}, 
   {-0.09839923694234208, -0.08899912314092762, 0.08899912314092763, 0.}}, 
  {{0., 0.09839923694234173, 0.0983992369423417, 0.0983992369423422}, 
   {-0.09839923694234173, 0., -0.08899912314092776, 0.08899912314092814}, 
   {-0.0983992369423417, 0.08899912314092776, 0., -0.08899912314092814}, 
   {-0.0983992369423422, -0.08899912314092814, 0.08899912314092814, 0.}}}, 
 {0, 0}, {{-1.4743097427334566, -1.4061367516093985}, 
  {-6.2961221282526925, -1.542482733857513, -1.6055783302688331}, 
  {-1.5392264389173187, -1.4710534477932606}, {{2, 0.016222158402396207}, 
   {3, 0.012955689197363299}, {4, 0.010364814669739347}, 
   {5, 0.008308167619288709}, {6, 0.00667228076169496}, 
   {7, 0.005367831407679935}, {8, 0.004325027756311467}, 
   {9, 0.0034894044137841057}, {10, 0.002818372246781553}, 
   {11, 0.002278512262038082}, {12, 0.0018434946511775296}, 
   {13, 0.0014924899794779845}, {14, 0.0012089566330560908}, 
   {15, 0.0009797124483908598}}, {{2, 0.6901241352634431}, 
   {3, 0.3799752121471913}, {4, 0.2296955273835604}, {5, 0.1428060651835919}, 
   {6, 0.08731296023356927}, {7, 0.04956031280307978}, 
   {8, 0.022746140385258053}, {9, 0.0031060517208289194}, 
   {10, 0.011609449696657673}, {11, 0.022825469635541332}, 
   {12, 0.031487168006526685}, {13, 0.038244802779877435}, 
   {14, 0.0435592447239857}, {15, 0.047765176303765755}}, 
  {4.969519130854891*^-7, 0.8689783317737443}}}
