{10, 32, {{{-0.5247281757313496, 0, -0.0000865897558114845, 
    0.00008658975581143928}, {0, 0.9995316389880087, 0.00001974142980721695, 
    0.00001974142980699507}, {-0.00008658975581143332, 
    0.00001974142980712171, -6.939059063840267*^-6, 0.00021050718682388486}, 
   {0.00008658975581148516, 0.00001974142980707198, 0.00021050718682356098, 
    -6.9390590637982*^-6}}, {{-0.5247281757313498, 0.00008658975581146756, 0, 
    -0.00008658975581144173}, {0.00008658975581144276, 
    -6.939059063854145*^-6, 0.000019741429807125898, 0.000210507186823707}, 
   {0, 0.000019741429807217052, 0.9995316389880091, 0.00001974142980717563}, 
   {-0.00008658975581148461, 0.0002105071868237306, 0.00001974142980688501, 
    -6.9390590639595295*^-6}}, 
  {{-0.5247281757313501, -0.00008658975581145211, 0.00008658975581146419, 0}, 
   {-0.00008658975581140739, -6.939059064221473*^-6, 0.00021050718682421015, 
    0.000019741429807067605}, {0.00008658975581138613, 0.0002105071868237282, 
    -6.93905906420933*^-6, 0.000019741429806886303}, 
   {0, 0.000019741429806983427, 0.000019741429807181897, 
    0.9995316389880103}}}, 
 {{{0., 0.006368997765626799, 0.006368997765626784, 0.006368997765626801}, 
   {-0.006368997765626799, 0., -0.006565629318102349, 0.0065656293181024505}, 
   {-0.006368997765626784, 0.006565629318102349, 0., -0.006565629318102487}, 
   {-0.006368997765626801, -0.0065656293181024505, 0.006565629318102487, 
    0.}}, {{0., 0.0063689977656267716, 0.006368997765626789, 
    0.006368997765626819}, {-0.0063689977656267716, 0., 
    -0.006565629318102357, 0.006565629318102487}, 
   {-0.006368997765626789, 0.006565629318102357, 0., -0.006565629318102492}, 
   {-0.006368997765626819, -0.006565629318102487, 0.006565629318102492, 
    0.}}}, {0, 0}, {{-1.5726643558601325, -1.5717597787868183}, 
  {-6.298445820918309, -1.5735689329334488, -1.575653977525706}, 
  {-1.5735828965428575, -1.5726783194695433}, {{2, 0.003036366841803085}, 
   {3, 0.001189502681492545}, {4, 0.00046606853100604473}, 
   {5, 0.00018262736734744184}, {6, 0.00007156403800793153}, 
   {7, 0.000028043288780633252}, {8, 0.000010989174535071602}, 
   {9, 4.306277288815968*^-6}}, {{2, 0.10863284884581781}, 
   {3, 0.04824757221366162}, {4, 0.02774127410435218}, 
   {5, 0.020119650769770583}, {6, 0.01719297418714649}, 
   {7, 0.016055115134129203}, {8, 0.01561059788220592}, 
   {9, 0.015436616537758508}}, {8.010472951194846*^-14, 0.9971931223045286}}}
