{9, 32, {{{-0.5190489843376029, 0, -0.00369544433292094, 
    0.003695444332920929}, {0, 0.981892967148018, 0.0005565021400390541, 
    0.0005565021400390697}, {-0.0036954443329208844, 0.0005565021400389966, 
    0.0000598809608855287, 0.008573754560122986}, 
   {0.003695444332920919, 0.0005565021400389827, 0.008573754560122972, 
    0.00005988096088553607}}, {{-0.519048984337603, 0.0036954443329209356, 0, 
    -0.0036954443329209282}, {0.0036954443329208914, 0.00005988096088549921, 
    0.0005565021400389765, 0.008573754560122989}, 
   {0, 0.0005565021400390506, 0.9818929671480179, 0.0005565021400390675}, 
   {-0.0036954443329209143, 0.00857375456012298, 0.0005565021400389904, 
    0.00005988096088554995}}, {{-0.519048984337603, -0.0036954443329208823, 
    0.003695444332920887, 0}, {-0.0036954443329208454, 
    0.00005988096088549097, 0.008573754560123024, 0.0005565021400390246}, 
   {0.003695444332920848, 0.008573754560123006, 0.00005988096088546668, 
    0.000556502140039037}, {0, 0.000556502140039027, 0.0005565021400390153, 
    0.9818929671480179}}}, 
 {{{0., 0.040820975112407065, 0.04082097511240708, 0.04082097511240711}, 
   {-0.040820975112407065, 0., -0.040453758081910124, 0.04045375808190989}, 
   {-0.04082097511240708, 0.040453758081910124, 0., -0.0404537580819099}, 
   {-0.04082097511240711, -0.04045375808190989, 0.0404537580819099, 0.}}, 
  {{0., 0.04082097511240708, 0.04082097511240708, 0.04082097511240716}, 
   {-0.04082097511240708, 0., -0.04045375808190997, 0.04045375808191015}, 
   {-0.04082097511240708, 0.04045375808190997, 0., -0.04045375808191015}, 
   {-0.04082097511240716, -0.04045375808191015, 0.04045375808191015, 0.}}}, 
 {0, 0}, {{-1.4985986965520282, -1.4632466950974305}, 
  {-6.296477496511697, -1.5339506980066258, -1.6142880502492227}, 
  {-1.5337916883680687, -1.498439686913471}, {{2, 0.019735627418080638}, 
   {3, 0.007973614694642694}, {4, 0.003249512270731017}, 
   {5, 0.001329461659600864}, {6, 0.0005448217094869562}, 
   {7, 0.0002234256427158937}, {8, 0.00009165062515149869}}, 
  {{2, 0.08657174813378601}, {3, 0.028286001434149277}, 
   {4, 0.008114891826234158}, {5, 0.0003674114937526028}, 
   {6, 0.0027281782480000063}, {7, 0.003984648170577096}, 
   {8, 0.0044978963570305825}}, {4.382815995988992*^-9, 0.8961586401380154}}}
