{10, 32, {{{-0.5126770455941022, 0, -0.008155669021568814, 
    0.008155669021568796}, {0, 0.9623397484686326, 0.001108897374838015, 
    0.0011088973748380683}, {-0.008155669021568775, 0.0011088973748379603, 
    0.000383207015930395, 0.018279420686460667}, 
   {0.00815566902156879, 0.0011088973748379703, 0.01827942068646065, 
    0.00038320701593037073}}, {{-0.5126770455941021, 0.008155669021568796, 0, 
    -0.008155669021568793}, {0.008155669021568768, 0.0003832070159303885, 
    0.0011088973748379612, 0.018279420686460685}, 
   {0, 0.0011088973748380245, 0.9623397484686329, 0.0011088973748380466}, 
   {-0.008155669021568796, 0.018279420686460615, 0.0011088973748379814, 
    0.00038320701593030915}}, {{-0.5126770455941021, -0.008155669021568772, 
    0.008155669021568794, 0}, {-0.008155669021568739, 0.00038320701593034905, 
    0.018279420686460678, 0.001108897374838025}, 
   {0.00815566902156874, 0.018279420686460657, 0.0003832070159303369, 
    0.0011088973748380286}, {0, 0.0011088973748379864, 0.0011088973748379911, 
    0.9623397484686327}}}, 
 {{{0., 0.05925276019323382, 0.05925276019323381, 0.05925276019323384}, 
   {-0.05925276019323382, 0., -0.058352810326967666, 0.05835281032696742}, 
   {-0.05925276019323381, 0.058352810326967666, 0., -0.05835281032696741}, 
   {-0.05925276019323384, -0.05835281032696742, 0.05835281032696741, 0.}}, 
  {{0., 0.059252760193233805, 0.05925276019323384, 0.059252760193233965}, 
   {-0.059252760193233805, 0., -0.058352810326967514, 0.058352810326967715}, 
   {-0.05925276019323384, 0.058352810326967514, 0., -0.058352810326967694}, 
   {-0.059252760193233965, -0.058352810326967715, 0.058352810326967694, 
    0.}}}, {0, 0}, {{-1.4188010122791983, -1.3469608584788342}, 
  {-6.289552908912653, -1.4906411660795607, -1.654135288376766}, 
  {-1.490095600467138, -1.4182554466667738}, {{2, 0.028934103052783516}, 
   {3, 0.012127292108569165}, {4, 0.005191147396529122}, 
   {5, 0.0022441405216891835}, {6, 0.0009744534357752493}, 
   {7, 0.00042395569901040875}, {8, 0.00018460835580316748}, 
   {9, 0.0000804163666823926}}, {{2, 0.08536579273945091}, 
   {3, 0.027160945471628124}, {4, 0.006537885263005229}, 
   {5, 0.0017149485493095614}, {6, 0.005182950986412386}, 
   {7, 0.006670612809766616}, {8, 0.007314447968721563}, 
   {9, 0.007594159861341307}}, {3.947941070860948*^-8, 0.794274364115618}}}
