{7, 32, {{{-0.5246514952680283, 0, -0.0001292808214640089, 
    0.00012928082146402694}, {0, 0.9993116277154936, 0.000022322520591815215, 
    0.00002232252059171189}, {-0.00012928082146399325, 
    0.000022322520591747303, -2.5861237215930345*^-6, 
    0.00031592034035642455}, {0.00012928082146401748, 0.00002232252059177571, 
    0.00031592034035652207, -2.5861237215960703*^-6}}, 
  {{-0.5246514952680281, 0.00012928082146400864, 0, -0.00012928082146402398}, 
   {0.0001292808214640078, -2.586123721657653*^-6, 0.00002232252059174147, 
    0.0003159203403565573}, {0, 0.00002232252059182113, 0.9993116277154934, 
    0.000022322520591609474}, {-0.00012928082146401436, 
    0.00031592034035647816, 0.000022322520591867372, 
    -2.5861237214208632*^-6}}, 
  {{-0.5246514952680283, -0.00012928082146396928, 0.0001292808214639611, 0}, 
   {-0.00012928082146395535, -2.5861237217600017*^-6, 0.0003159203403565301, 
    0.000022322520591783536}, {0.00012928082146394123, 0.0003159203403566615, 
    -2.58612372175393*^-6, 0.000022322520591880904}, 
   {0, 0.000022322520591714526, 0.000022322520591612652, 
    0.9993116277154939}}}, 
 {{{0., 0.007900170565271812, 0.007900170565271815, 0.00790017056527183}, 
   {-0.007900170565271812, 0., -0.007892817727488299, 0.007892817727488014}, 
   {-0.007900170565271815, 0.007892817727488299, 0., -0.007892817727488042}, 
   {-0.00790017056527183, -0.007892817727488014, 0.007892817727488042, 0.}}, 
  {{0., 0.007900170565271826, 0.007900170565271824, 0.007900170565271833}, 
   {-0.007900170565271826, 0., -0.007892817727488288, 0.007892817727488077}, 
   {-0.007900170565271824, 0.007892817727488288, 0., -0.007892817727488113}, 
   {-0.007900170565271833, -0.007892817727488077, 0.007892817727488113, 
    0.}}}, {0, 0}, {{-1.5716899075631123, -1.5703215578823622}, 
  {-6.298452467898928, -1.573058257243864, -1.5761679767055998}, 
  {-1.5730576204694324, -1.5716892707886823}, {{2, 0.0037799056799472652}, 
   {3, 0.0014813234628795278}, {4, 0.0005806742424346364}, 
   {5, 0.00022764837374981972}, {6, 0.0000892517239848914}}, 
  {{2, 0.08786038672940097}, {3, 0.02953920500010997}, 
   {4, 0.009729680010487044}, {5, 0.0023642390677859953}, 
   {6, 0.0004653594326182475}}, {2.417644502767119*^-13, 0.9958768676185681}}}
