{9, 32, {{{-0.5228523378100178, 0, -0.0012206683817449003, 
    0.0012206683817448931}, {0, 0.9936980773644974, 0.0001971331621524998, 
    0.00019713316215244593}, {-0.0012206683817448587, 0.00019713316215248507, 
    -5.022233499806222*^-6, 0.0029277460856082307}, 
   {0.001220668381744897, 0.00019713316215241275, 0.002927746085608196, 
    -5.022233499625377*^-6}}, {{-0.5228523378100178, 0.0012206683817449016, 
    0, -0.0012206683817448918}, {0.0012206683817448686, 
    -5.022233499773262*^-6, 0.00019713316215249255, 0.002927746085608202}, 
   {0, 0.00019713316215250198, 0.9936980773644976, 0.00019713316215247265}, 
   {-0.001220668381744897, 0.002927746085608223, 0.0001971331621523934, 
    -5.022233499657469*^-6}}, {{-0.5228523378100178, -0.0012206683817448665, 
    0.0012206683817448613, 0}, {-0.00122066838174482, -5.02223349985436*^-6, 
    0.002927746085608231, 0.0001971331621524326}, 
   {0.00122066838174481, 0.002927746085608238, -5.022233499851758*^-6, 
    0.0001971331621524162}, {0, 0.0001971331621524502, 
    0.00019713316215246176, 0.9936980773644977}}}, 
 {{{0., 0.023995739740953616, 0.02399573974095362, 0.023995739740953637}, 
   {-0.023995739740953616, 0., -0.023862647189157284, 0.023862647189157177}, 
   {-0.02399573974095362, 0.023862647189157284, 0., -0.02386264718915719}, 
   {-0.023995739740953637, -0.023862647189157177, 0.02386264718915719, 0.}}, 
  {{0., 0.023995739740953613, 0.023995739740953616, 0.023995739740953682}, 
   {-0.023995739740953613, 0., -0.02386264718915719, 0.02386264718915731}, 
   {-0.023995739740953616, 0.02386264718915719, 0., -0.02386264718915733}, 
   {-0.023995739740953682, -0.02386264718915731, 0.02386264718915733, 0.}}}, 
 {0, 0}, {{-1.5479309229402314, -1.5354623708212713}, 
  {-6.298223011488129, -1.5603994750591892, -1.5887120306848752}, 
  {-1.5603648965999177, -1.5478963444809577}, {{2, 0.01150008467474193}, 
   {3, 0.004549143727264143}, {4, 0.0018042199095156877}, 
   {5, 0.0007163843177527066}, {6, 0.0002845820840541857}, 
   {7, 0.00011307110408740467}, {8, 0.00004492920310107673}}, 
  {{2, 0.08743109169690173}, {3, 0.029123742066795678}, 
   {4, 0.00920846943473759}, {5, 0.0017313699746257542}, 
   {6, 0.0011749662046754354}, {7, 0.002319865633048287}, 
   {8, 0.00277325377823703}}, {1.8463401817355722*^-10, 0.9627791956993067}}}
