{9, 32, {{{-0.5209693539719435, 0, -0.002491774800201817, 
    0.002491774800201795}, {0, 0.9873207056320289, 0.0005093176271215583, 
    0.0005093176271215825}, {-0.002491774800201768, 0.0005093176271215561, 
    -0.00011337458248034333, 0.005847002173038405}, 
   {0.0024917748002018063, 0.0005093176271215734, 0.005847002173038403, 
    -0.00011337458248035764}}, {{-0.5209693539719434, 0.0024917748002018236, 
    0, -0.002491774800201801}, {0.0024917748002017633, 
    -0.00011337458248035287, 0.000509317627121562, 0.005847002173038419}, 
   {0, 0.0005093176271215486, 0.9873207056320288, 0.0005093176271215798}, 
   {-0.0024917748002018045, 0.005847002173038421, 0.0005093176271215528, 
    -0.00011337458248036891}}, {{-0.5209693539719434, -0.00249177480020179, 
    0.0024917748002017803, 0}, {-0.0024917748002017247, 
    -0.00011337458248042356, 0.005847002173038447, 0.0005093176271215702}, 
   {0.0024917748002017326, 0.005847002173038432, -0.00011337458248036891, 
    0.0005093176271215915}, {0, 0.0005093176271215516, 0.0005093176271215358, 
    0.987320705632029}}}, 
 {{{0., 0.03339071627688555, 0.033390716276885536, 0.03339071627688556}, 
   {-0.03339071627688555, 0., -0.03412162325274044, 0.03412162325274029}, 
   {-0.033390716276885536, 0.03412162325274044, 0., -0.03412162325274029}, 
   {-0.03339071627688556, -0.03412162325274029, 0.03412162325274029, 0.}}, 
  {{0., 0.033390716276885536, 0.033390716276885536, 0.03339071627688561}, 
   {-0.033390716276885536, 0., -0.0341216232527403, 0.03412162325274051}, 
   {-0.033390716276885536, 0.0341216232527403, 0., -0.0341216232527405}, 
   {-0.03339071627688561, -0.03412162325274051, 0.0341216232527405, 0.}}}, 
 {0, 0}, {{-1.5221458551502463, -1.4978553999713213}, 
  {-6.297521634101867, -1.5464363103291747, -1.6023245067217586}, 
  {-1.5467021636129084, -1.5224117084339834}, {{2, 0.016087727264655363}, 
   {3, 0.006434656049060197}, {4, 0.002587836738274653}, 
   {5, 0.0010432989851325014}, {6, 0.00042104166560801015}, 
   {7, 0.00016999002286849363}, {8, 0.00006864291868337313}}, 
  {{2, 0.10445089429607586}, {3, 0.04431478330700474}, 
   {4, 0.02363375684719997}, {5, 0.015778111935708067}, 
   {6, 0.012681496398546686}, {7, 0.011442989109851347}, 
   {8, 0.010944763355687559}}, {1.5782583689109823*^-9, 0.9262953194837462}}}
