{10, 32, {{{-0.524554982585823, 0, -0.00019252736534349952, 
    0.00019252736534351177}, {0, 0.9989615771756288, 0.00004387772268908795, 
    0.00004387772268894955}, {-0.00019252736534343924, 
    0.000043877722689026176, -0.000015332338045986882, 0.000467136296999622}, 
   {0.00019252736534348475, 0.00004387772268902509, 0.00046713629699939464, 
    -0.000015332338045932238}}, {{-0.524554982585823, 0.0001925273653434937, 
    0, -0.0001925273653435081}, {0.00019252736534344797, 
    -0.000015332338045950453, 0.00004387772268902905, 0.0004671362969994228}, 
   {0, 0.00004387772268908285, 0.9989615771756288, 0.00004387772268914197}, 
   {-0.0001925273653434841, 0.00046713629699958415, 0.000043877722688833066, 
    -0.000015332338045986882}}, 
  {{-0.5245549825858233, -0.00019252736534347206, 0.00019252736534348038, 0}, 
   {-0.00019252736534340978, -0.00001533233804619418, 0.00046713629699979666, 
    0.00004387772268903684}, {0.00019252736534340818, 0.00046713629699941074, 
    -0.000015332338046153415, 0.000043877722688842716}, 
   {0, 0.000043877722688935984, 0.00004387772268911813, 
    0.9989615771756295}}}, 
 {{{0., 0.009482455019714085, 0.009482455019714087, 0.00948245501971409}, 
   {-0.009482455019714085, 0., -0.009777364707584148, 0.009777364707583995}, 
   {-0.009482455019714087, 0.009777364707584148, 0., -0.009777364707583995}, 
   {-0.00948245501971409, -0.009777364707583995, 0.009777364707583995, 0.}}, 
  {{0., 0.009482455019714092, 0.009482455019714078, 0.009482455019714104}, 
   {-0.009482455019714092, 0., -0.009777364707584155, 0.009777364707584064}, 
   {-0.009482455019714078, 0.009777364707584155, 0., -0.009777364707584061}, 
   {-0.009482455019714104, -0.009777364707584064, 0.009777364707584061, 
    0.}}}, {0, 0}, {{-1.570296829564704, -1.5682930901119971}, 
  {-6.298441330729644, -1.5723005690174081, -1.576920096347414}, 
  {-1.5723317277297542, -1.5703279882770473}, {{2, 0.004523010460579367}, 
   {3, 0.0017735161605086577}, {4, 0.0006956749580806013}, 
   {5, 0.00027292834037045965}, {6, 0.00010708282660121596}, 
   {7, 0.00004201482231128151}, {8, 0.000016485031370718634}, 
   {9, 6.468131052719817*^-6}}, {{2, 0.1088260142122291}, 
   {3, 0.048413397466170974}, {4, 0.027886862282735375}, 
   {5, 0.0202506319636059}, {6, 0.017315076437547407}, 
   {7, 0.016172393586185704}, {8, 0.015725437592039204}, 
   {9, 0.015550281401644443}}, {8.736367431947067*^-13, 0.9937856155055586}}}
