{21, 40, {{{-0.5248535454367595, 0, -9.495200170799932*^-6, 
    9.495200170795253*^-6}, {0, 0.9999481633158883, 2.414510786322093*^-6, 
    2.4145107862515623*^-6}, {-9.495200170775132*^-6, 2.4145107859375164*^-6, 
    -1.0328373729467932*^-6, 0.00002305831846530709}, 
   {9.495200170766953*^-6, 2.4145107862530793*^-6, 0.00002305831846481496, 
    -1.032837372968911*^-6}}, {{-0.5248535454367601, 9.495200170808885*^-6, 
    0, -9.495200170799927*^-6}, {9.495200170764133*^-6, 
    -1.0328373731844503*^-6, 2.4145107859356974*^-6, 0.00002305831846526362}, 
   {0, 2.4145107863253956*^-6, 0.9999481633158889, 2.4145107863260716*^-6}, 
   {-9.495200170769733*^-6, 0.000023058318464913185, 2.414510786191375*^-6, 
    -1.0328373732104712*^-6}}, {{-0.5248535454367598, -9.495200170772232*^-6, 
    9.495200170770299*^-6, 0}, {-9.495200170739647*^-6, 
    -1.032837373175343*^-6, 0.00002305831846494093, 2.4145107862548073*^-6}, 
   {9.495200170747051*^-6, 0.000023058318464979196, -1.0328373734602714*^-6, 
    2.414510786188333*^-6}, {0, 2.4145107862602897*^-6, 
    2.414510786329778*^-6, 0.9999481633158892}}}, 
 {{{0., 0.004191796052209543, 0.004191796052209531, 0.004191796052209586}, 
   {-0.004191796052209543, 0., -0.00438504868947949, 0.004385048689478795}, 
   {-0.004191796052209531, 0.00438504868947949, 0., -0.004385048689478838}, 
   {-0.004191796052209586, -0.004385048689478795, 0.004385048689478838, 0.}}, 
  {{0., 0.00419179605220948, 0.004191796052209538, 0.004191796052209533}, 
   {-0.00419179605220948, 0., -0.0043850486894797, 0.004385048689478763}, 
   {-0.004191796052209538, 0.0043850486894797, 0., -0.004385048689478861}, 
   {-0.004191796052209533, -0.004385048689478763, 0.004385048689478861, 
    0.}}}, {0, 0}, {{-1.5743865216956436, -1.5742413136208964}, 
  {-6.298428009743624, -1.5745317297703911, -1.574682275101421}, 
  {-1.5745350770042559, -1.5743898689295086}, {{2, 0.0007176713795556265}, 
   {3, 0.0005619173217198668}, {4, 0.00043996688198966703}, 
   {5, 0.00034448356524000934}, {6, 0.0002697230040265416}, 
   {7, 0.00021118756913538232}, {8, 0.00016535582021612967}, 
   {9, 0.00012947063364444943}, {10, 0.00010137330426728767}, 
   {11, 0.00007937365406956044}, {12, 0.00006214833575299457}, 
   {13, 0.00004866121177149983}, {14, 0.00003810101672108938}, 
   {15, 0.000029832551028638986}, {16, 0.000023358468425452306}, 
   {17, 0.000018289357473505984}, {18, 0.000014320316716563523}, 
   {19, 0.000011212613919793502}, {20, 8.779325867373441*^-6}}, 
  {{2, 0.8415479708278035}, {3, 0.49830085418057746}, 
   {4, 0.3316910856659194}, {5, 0.23557328600436303}, 
   {6, 0.17453697921903238}, {7, 0.13338659221190766}, 
   {8, 0.104511875845072}, {9, 0.08367806443448356}, 
   {10, 0.06834173407859068}, {11, 0.05688494674968489}, 
   {12, 0.04823192167430613}, {13, 0.04164221352319859}, 
   {14, 0.036592135996797795}, {15, 0.03270326683627321}, 
   {16, 0.02969746881320808}, {17, 0.027367548581034837}, 
   {18, 0.02555751390240173}, {19, 0.02414893263897061}, 
   {20, 0.023051292913889965}}, {7.109622139434994*^-15, 0.9996890201981744}}}
