{30, 40, {{{-0.5248533374735747, 0, -9.559057172197831*^-6, 
    9.559057172209832*^-6}, {0, 0.9999479827954805, 2.317423116111427*^-6, 
    2.317423116125685*^-6}, {-9.5590571721749*^-6, 2.3174231154897563*^-6, 
    -9.171194497864521*^-7, 0.000023239627928519517}, 
   {9.5590571722366*^-6, 2.3174231159032413*^-6, 0.000023239627928995752, 
    -9.171194500544669*^-7}}, {{-0.5248533374735745, 9.559057172247952*^-6, 
    0, -9.55905717223157*^-6}, {9.55905717218339*^-6, -9.171194499026786*^-7, 
    2.3174231154939127*^-6, 0.00002323962792897749}, 
   {0, 2.3174231161031445*^-6, 0.9999479827954807, 2.317423115785328*^-6}, 
   {-9.559057172252258*^-6, 0.000023239627928729408, 2.317423116271333*^-6, 
    -9.171194499668633*^-7}}, {{-0.524853337473575, -9.559057172200775*^-6, 
    9.559057172187889*^-6, 0}, {-9.559057172122608*^-6, 
    -9.171194499052807*^-7, 0.00002323962792851027, 2.317423115913036*^-6}, 
   {9.559057172145573*^-6, 0.000023239627929553398, -9.171194500501301*^-7, 
    2.3174231162815275*^-6}, {0, 2.3174231161276864*^-6, 
    2.317423115788509*^-6, 0.9999479827954811}}}, 
 {{{0., 0.004219968338571092, 0.004219968338571127, 0.00421996833857121}, 
   {-0.004219968338571092, 0., -0.004385052511040357, 0.004385052511038482}, 
   {-0.004219968338571127, 0.004385052511040357, 0., -0.004385052511038326}, 
   {-0.00421996833857121, -0.004385052511038482, 0.004385052511038326, 0.}}, 
  {{0., 0.004219968338571121, 0.004219968338571109, 0.004219968338571141}, 
   {-0.004219968338571121, 0., -0.004385052511040125, 0.004385052511038412}, 
   {-0.004219968338571109, 0.004385052511040125, 0., -0.004385052511038283}, 
   {-0.004219968338571141, -0.004385052511038412, 0.004385052511038283, 
    0.}}}, {0, 0}, {{-1.5743853486174917, -1.5742391646261167}, 
  {-6.2984276167111215, -1.5745315326088658, -1.574682275746695}, 
  {-1.5745343919506087, -1.5743882079592337}, {{2, 0.0007176713795556142}, 
   {3, 0.0005619173217199106}, {4, 0.0004399668819897182}, 
   {5, 0.0003444835652399881}, {6, 0.0002697230040265442}, 
   {7, 0.00021118756913540183}, {8, 0.00016535582021614485}, 
   {9, 0.00012947063364445507}, {10, 0.00010137330426727466}, 
   {11, 0.0000793736540695613}, {12, 0.00006214833575292778}, 
   {13, 0.0000486612117714183}, {14, 0.00003810101672110586}, 
   {15, 0.000029832551028625975}, {16, 0.000023358468425442765}, 
   {17, 0.00001828935747350338}, {18, 0.000014320316716526227}, 
   {19, 0.000011212613919761409}, {20, 8.779325867432422*^-6}, 
   {21, 6.87409474487994*^-6}, {22, 5.382324679286017*^-6}, 
   {23, 4.214288836428513*^-6}, {24, 3.2997324234179323*^-6}, 
   {25, 2.5836469455505287*^-6}, {26, 2.0229615258250677*^-6}, 
   {27, 1.5839522646467902*^-6}, {28, 1.2402138105408952*^-6}, 
   {29, 9.710711314555448*^-7}}, {{2, 0.8415479708278122}, 
   {3, 0.49830085418058123}, {4, 0.33169108566591243}, 
   {5, 0.23557328600435767}, {6, 0.1745369792190289}, 
   {7, 0.1333865922119042}, {8, 0.1045118758450704}, {9, 0.0836780644344803}, 
   {10, 0.0683417340785909}, {11, 0.05688494674968523}, 
   {12, 0.0482319216743118}, {13, 0.041642213523202645}, 
   {14, 0.03659213599680038}, {15, 0.03270326683627538}, 
   {16, 0.02969746881320841}, {17, 0.02736754858103791}, 
   {18, 0.02555751390240122}, {19, 0.024148932638968577}, 
   {20, 0.023051292913889174}, {21, 0.022195060069741347}, 
   {22, 0.02152659582505712}, {23, 0.021004390846021473}, 
   {24, 0.02059624080709918}, {25, 0.02027711090673086}, 
   {26, 0.02002750943306655}, {27, 0.019832241905681242}, 
   {28, 0.019679452350013074}, {29, 0.01955988282648596}}, 
  {7.109659315632781*^-15, 0.9996879373569133}}}
