{3, 40, {{{-0.000019183643314247717, 0, -5.365152943225061*^-6, 
    5.3651529432258876*^-6}, {0, 0.00002788279317385902, 
    1.0155780209137257*^-6, 1.0155780209095384*^-6}, 
   {-5.365152943228131*^-6, 1.0155780209087117*^-6, -4.349574917181471*^-6, 
    0.000017152487252440575}, {5.36515294322795*^-6, 1.0155780209093788*^-6, 
    0.000017152487252439877, -4.349574917183967*^-6}}, 
  {{-0.00001918364331424201, 5.3651529432270124*^-6, 0, 
    -5.365152943226755*^-6}, {5.3651529432270954*^-6, -4.349574917182507*^-6, 
    1.0155780209091518*^-6, 0.00001715248725244198}, 
   {0, 1.0155780209074433*^-6, 0.00002788279317386035, 
    1.0155780209085538*^-6}, {-5.365152943224836*^-6, 
    0.000017152487252438207, 1.0155780209062992*^-6, 
    -4.349574917186951*^-6}}, {{-0.000019183643314244143, 
    -5.3651529432293765*^-6, 5.365152943227422*^-6, 0}, 
   {-5.365152943226759*^-6, -4.34957491718353*^-6, 0.000017152487252444983, 
    1.0155780209083555*^-6}, {5.365152943227006*^-6, 0.00001715248725244781, 
    -4.349574917181716*^-6, 1.0155780209062445*^-6}, 
   {0, 1.0155780209102838*^-6, 1.015578020905781*^-6, 
    0.00002788279317386697}}}, 
 {{{0., 0.5773502688210608, 0.5773502688210608, 0.5773502688210616}, 
   {-0.5773502688210608, 0., -0.5773502687393725, 0.5773502687393717}, 
   {-0.5773502688210608, 0.5773502687393725, 0., -0.5773502687393717}, 
   {-0.5773502688210616, -0.5773502687393717, 0.5773502687393717, 0.}}, 
  {{0., 0.5773502688210603, 0.5773502688210606, 0.5773502688210623}, 
   {-0.5773502688210603, 0., -0.5773502687393732, 0.5773502687393712}, 
   {-0.5773502688210606, 0.5773502687393732, 0., -0.5773502687393712}, 
   {-0.5773502688210623, -0.5773502687393712, 0.5773502687393712, 0.}}}, 
 {0, 0}, {{-0.12000000088970293, 0.7599999985485281}, 
  {-5.760000000100895, -1.000000000327935, -1.8799999997225125}, 
  {-1.000000000265679, -0.120000000827448}, {{2, 5.854682527293718*^-6}}, 
  {{2, 7.074486784524783*^-11}}, {0.037037036863734246, 
   4.69913220647747*^-28}}}
