{10, 32, {{{-0.5127824945788337, 0, -0.008137851763320632, 
    0.008137851763320601}, {0, 0.9622668308937966, 0.001203004035916901, 
    0.001203004035916908}, {-0.008137851763320585, 0.0012030040359168144, 
    0.00028198764317182616, 0.018239419171521293}, 
   {0.008137851763320596, 0.0012030040359168582, 0.01823941917152123, 
    0.0002819876431717919}}, {{-0.5127824945788337, 0.00813785176332064, 0, 
    -0.008137851763320606}, {0.008137851763320594, 0.00028198764317182226, 
    0.0012030040359168291, 0.01823941917152129}, {0, 0.0012030040359168864, 
    0.9622668308937965, 0.0012030040359169258}, {-0.008137851763320604, 
    0.01823941917152131, 0.0012030040359168321, 0.0002819876431717494}}, 
  {{-0.5127824945788337, -0.008137851763320582, 0.008137851763320578, 0}, 
   {-0.008137851763320547, 0.0002819876431717598, 0.018239419171521342, 
    0.0012030040359169093}, {0.00813785176332055, 0.018239419171521304, 
    0.0002819876431717494, 0.0012030040359168937}, 
   {0, 0.0012030040359168209, 0.0012030040359168467, 0.9622668308937965}}}, 
 {{{0., 0.058997182226131394, 0.0589971822261314, 0.058997182226131456}, 
   {-0.058997182226131394, 0., -0.05853416762499065, 0.058534167624990384}, 
   {-0.0589971822261314, 0.05853416762499065, 0., -0.05853416762499037}, 
   {-0.058997182226131456, -0.058534167624990384, 0.05853416762499037, 0.}}, 
  {{0., 0.05899718222613139, 0.05899718222613137, 0.05899718222613155}, 
   {-0.05899718222613139, 0., -0.05853416762499044, 0.05853416762499068}, 
   {-0.05899718222613137, 0.05853416762499044, 0., -0.058534167624990696}, 
   {-0.05899718222613155, -0.05853416762499068, 0.058534167624990696, 0.}}}, 
 {0, 0}, {{-1.4192124785370979, -1.3476821965537584}, 
  {-6.2895679032798855, -1.4907427605204395, -1.6540411911195032}, 
  {-1.4904620728356015, -1.418931790852262}, {{2, 0.02881858149189548}, 
   {3, 0.01207942984919523}, {4, 0.005170267885841864}, 
   {5, 0.0022348166680031117}, {6, 0.0009702501727276158}, 
   {7, 0.00042205470831585545}, {8, 0.00018374813632479614}, 
   {9, 0.00008002732716133609}}, {{2, 0.08989351873357079}, 
   {3, 0.03115335036496894}, {4, 0.010338095747233593}, 
   {5, 0.002008593280983742}, {6, 0.0014912502969059121}, 
   {7, 0.0029923517026284093}, {8, 0.0036418964388275354}, 
   {9, 0.00392403995979158}}, {4.0221353544143326*^-8, 0.7939133340911745}}}
