{9, 32, {{{-0.5191014268462226, 0, -0.0036884999972110516, 
    0.0036884999972110434}, {0, 0.9818530257651727, 0.0006031490289584462, 
    0.0006031490289584484}, {-0.0036884999972110035, 0.0006031490289584343, 
    9.022878671978082*^-6, 0.008552186551357414}, 
   {0.0036884999972110304, 0.0006031490289584356, 0.008552186551357335, 
    9.022878672032726*^-6}}, {{-0.5191014268462226, 0.0036884999972110442, 0, 
    -0.003688499997211039}, {0.0036884999972110087, 9.02287867205441*^-6, 
    0.000603149028958426, 0.008552186551357352}, {0, 0.0006031490289584429, 
    0.9818530257651727, 0.0006031490289584839}, {-0.0036884999972110204, 
    0.008552186551357357, 0.0006031490289584002, 9.022878671993695*^-6}}, 
  {{-0.5191014268462226, -0.0036884999972110013, 0.003688499997210994, 0}, 
   {-0.0036884999972109705, 9.022878671919102*^-6, 0.008552186551357427, 
    0.0006031490289584711}, {0.003688499997210967, 0.0085521865513574, 
    9.022878671993695*^-6, 0.0006031490289584481}, 
   {0, 0.0006031490289584343, 0.0006031490289584542, 0.9818530257651727}}}, 
 {{{0., 0.04063702630067079, 0.04063702630067079, 0.04063702630067083}, 
   {-0.04063702630067079, 0., -0.04058751158328065, 0.04058751158328043}, 
   {-0.04063702630067079, 0.04058751158328065, 0., -0.040587511583280445}, 
   {-0.04063702630067083, -0.04058751158328043, 0.040587511583280445, 0.}}, 
  {{0., 0.04063702630067077, 0.04063702630067079, 0.04063702630067087}, 
   {-0.04063702630067077, 0., -0.040587511583280486, 0.04058751158328068}, 
   {-0.04063702630067079, 0.040587511583280486, 0., -0.04058751158328069}, 
   {-0.04063702630067087, -0.04058751158328068, 0.04058751158328069, 0.}}}, 
 {0, 0}, {{-1.4988053264929935, -1.463612629382357}, 
  {-6.296480596339167, -1.5339980236036306, -1.614242274565953}, 
  {-1.5339765831020702, -1.4987838859914338}, {{2, 0.01965000607968631}, 
   {3, 0.007939131310782652}, {4, 0.003235299658217408}, 
   {5, 0.001323543894818674}, {6, 0.0005423477251957076}, 
   {7, 0.00022238991216663728}, {8, 0.00009121687995516936}}, 
  {{2, 0.09124979875387465}, {3, 0.03245889580369239}, 
   {4, 0.012112285033021928}, {5, 0.004297681184417661}, 
   {6, 0.0011754914767220363}, {7, 0.00009166594800644168}, 
   {8, 0.0006092315542958923}}, {4.470484088517225*^-9, 0.8959399390574457}}}
