{9, 32, {{{-0.5228709722980731, 0, -0.0012188436178878896, 
    0.0012188436178878846}, {0, 0.9936831396922887, 0.000213696176277292, 
    0.00021369617627729558}, {-0.001218843617887854, 0.0002136961762773847, 
    -0.000023199462874672408, 0.002919640923740482}, 
   {0.001218843617887897, 0.00021369617627725655, 0.0029196409237404143, 
    -0.000023199462874623836}}, {{-0.5228709722980732, 0.0012188436178878948, 
    0, -0.0012188436178878896}, {0.001218843617887857, 
    -0.000023199462874696694, 0.00021369617627738254, 0.0029196409237405067}, 
   {0, 0.00021369617627730242, 0.9936831396922887, 0.00021369617627728528}, 
   {-0.0012188436178879039, 0.0029196409237404073, 0.0002136961762772787, 
    -0.000023199462874518018}}, 
  {{-0.5228709722980733, -0.0012188436178878475, 0.0012188436178878484, 0}, 
   {-0.001218843617887811, -0.000023199462874784298, 0.002919640923740513, 
    0.00021369617627727423}, {0.0012188436178878067, 0.0029196409237404785, 
    -0.000023199462874767818, 0.0002136961762772907}, 
   {0, 0.0002136961762772744, 0.00021369617627725498, 0.9936831396922892}}}, 
 {{{0., 0.023884768901246647, 0.02388476890124663, 0.023884768901246658}, 
   {-0.023884768901246647, 0., -0.023944385565865207, 0.023944385565865187}, 
   {-0.02388476890124663, 0.023944385565865207, 0., -0.023944385565865173}, 
   {-0.023884768901246658, -0.023944385565865187, 0.023944385565865173, 0.}}, 
  {{0., 0.02388476890124664, 0.023884768901246637, 0.023884768901246703}, 
   {-0.02388476890124664, 0., -0.023944385565865114, 0.02394438556586534}, 
   {-0.023884768901246637, 0.023944385565865114, 0., -0.023944385565865332}, 
   {-0.023884768901246703, -0.02394438556586534, 0.023944385565865332, 0.}}}, 
 {0, 0}, {{-1.5480047647985242, -1.5355938748193263}, 
  {-6.298223278397127, -1.5604156547777253, -1.5886959844208381}, 
  {-1.5604311436415388, -1.5480202536623409}, {{2, 0.01144760518009768}, 
   {3, 0.0045284024568705145}, {4, 0.001795961176548004}, 
   {5, 0.0007130851939959465}, {6, 0.00028326246319676507}, 
   {7, 0.00011254300802857053}, {8, 0.00004471783107524302}}, 
  {{2, 0.09220692458967646}, {3, 0.03341173114989776}, 
   {4, 0.013329689434819346}, {5, 0.005790095278235434}, 
   {6, 0.0028595446138234707}, {7, 0.0017051421618484689}, 
   {8, 0.00124800589164296}}, {1.8846130013110483*^-10, 0.9626923616403807}}}
{3, 32, {{{-0.5228677212078809, 0, -0.0012199183816135658, 
    0.0012199183816135823}, {0, 0.9936801095979895, 0.0002122238410884208, 
    0.00021222384108840822}, {-0.001219918381613538, 0.00021222384108837494, 
    -0.000021421180764034584, 0.002922540809434451}, 
   {0.0012199183816135502, 0.00021222384108840182, 0.002922540809434458, 
    -0.000021421180763860244}}, {{-0.5228677212078807, 0.001219918381613559, 
    0, -0.0012199183816135831}, {0.0012199183816135337, 
    -0.00002142118076395305, 0.00021222384108837147, 0.0029225408094344495}, 
   {0, 0.00021222384108841896, 0.9936801095979894, 0.00021222384108841622}, 
   {-0.0012199183816135502, 0.0029225408094344526, 0.0002122238410884001, 
    -0.000021421180764008563}}, 
  {{-0.5228677212078808, -0.0012199183816135111, 0.001219918381613509, 0}, 
   {-0.0012199183816134838, -0.000021421180764070145, 0.0029225408094344556, 
    0.00021222384108843207}, {0.0012199183816134908, 0.0029225408094345024, 
    -0.000021421180764008563, 0.00021222384108841603}, 
   {0, 0.00021222384108839375, 0.00021222384108840491, 0.9936801095979896}}}, 
 {{{0., 0.023904188568476387, 0.023904188568476377, 0.02390418856847641}, 
   {-0.023904188568476387, 0., -0.02394490582133417, 0.02394490582133403}, 
   {-0.023904188568476377, 0.02394490582133417, 0., -0.023944905821334034}, 
   {-0.02390418856847641, -0.02394490582133403, 0.023944905821334034, 0.}}, 
  {{0., 0.023904188568476384, 0.023904188568476377, 0.023904188568476443}, 
   {-0.023904188568476384, 0., -0.023944905821334045, 0.023944905821334184}, 
   {-0.023904188568476377, 0.023944905821334045, 0., -0.02394490582133419}, 
   {-0.023904188568476443, -0.023944905821334184, 0.02394490582133419, 0.}}}, 
 {0, 0}, {{-1.5479830135043549, -1.5355620327700623}, 
  {-6.298205527024828, -1.560403994238646, -1.5886987692737677}, 
  {-1.5604145728912515, -1.547993592156959}, {{2, 0.000014186953852420026}}, 
  {{2, 0.0008516761140222994}}, {1.8848587040404063*^-10, 
   0.9626747482204714}}}
