{7, 32, {{{-0.5246535420012797, 0, -0.00012911909773137518, 
    0.00012911909773140383}, {0, 0.9993099298098794, 0.000024147466726197672, 
    0.000024147466725783033}, {-0.00012911909773135474, 
    0.000024147466725783033, -4.5935900494856186*^-6, 0.0003150090790550114}, 
   {0.00012911909773138166, 0.000024147466725927435, 0.00031500907905508316, 
    -4.593590049744092*^-6}}, {{-0.5246535420012796, 0.00012911909773138068, 
    0, -0.00012911909773140952}, {0.00012911909773135496, 
    -4.593590049476945*^-6, 0.000024147466725777808, 0.00031500907905488107}, 
   {0, 0.000024147466726189304, 0.9993099298098791, 0.00002414746672587319}, 
   {-0.00012911909773137637, 0.00031500907905514225, 0.000024147466725842935, 
    -4.593590049672969*^-6}}, {{-0.5246535420012799, -0.00012911909773134103, 
    0.00012911909773134084, 0}, {-0.00012911909773130956, 
    -4.593590049756235*^-6, 0.0003150090790553505, 0.00002414746672593085}, 
   {0.00012911909773131492, 0.00031500907905499133, -4.593590049839502*^-6, 
    0.000024147466725841068}, {0, 0.000024147466725779577, 
    0.000024147466725864605, 0.9993099298098801}}}, 
 {{{0., 0.007863180663523432, 0.007863180663523428, 0.007863180663523445}, 
   {-0.007863180663523432, 0., -0.007920290503337972, 0.007920290503337875}, 
   {-0.007863180663523428, 0.007920290503337972, 0., -0.00792029050333786}, 
   {-0.007863180663523445, -0.007920290503337875, 0.00792029050333786, 0.}}, 
  {{0., 0.007863180663523435, 0.007863180663523432, 0.007863180663523454}, 
   {-0.007863180663523435, 0., -0.00792029050333801, 0.007920290503337929}, 
   {-0.007863180663523432, 0.00792029050333801, 0., -0.00792029050333789}, 
   {-0.007863180663523454, -0.007920290503337929, 0.00792029050333789, 0.}}}, 
 {0, 0}, {{-1.57169802868402, -1.5703360858421895}, 
  {-6.298452392813313, -1.573059971525852, -1.5761662248808044}, 
  {-1.5730649173830602, -1.5717029745412296}, {{2, 0.0037622333346308233}, 
   {3, 0.0014743984126500739}, {4, 0.0005779584947457964}, 
   {5, 0.00022658299922187833}, {6, 0.00008883372560890626}}, 
  {{2, 0.09268425943843212}, {3, 0.03388300847751373}, 
   {4, 0.013910410498646459}, {5, 0.0064843503526037845}, 
   {6, 0.0036314719359948175}}, {2.4685769332879023*^-13, 
   0.9958667152435018}}}
