{9, 32, {{{-0.5191014268462226, 0, -0.0036884999972110516, 
    0.0036884999972110434}, {0, 0.9818530257651727, 0.0006031490289584462, 
    0.0006031490289584484}, {-0.0036884999972110035, 0.0006031490289584343, 
    9.022878671978082*^-6, 0.008552186551357414}, 
   {0.0036884999972110304, 0.0006031490289584356, 0.008552186551357335, 
    9.022878672032726*^-6}}, {{-0.5191014268462226, 0.0036884999972110442, 0, 
    -0.003688499997211039}, {0.0036884999972110087, 9.02287867205441*^-6, 
    0.000603149028958426, 0.008552186551357352}, {0, 0.0006031490289584429, 
    0.9818530257651727, 0.0006031490289584839}, {-0.0036884999972110204, 
    0.008552186551357357, 0.0006031490289584002, 9.022878671993695*^-6}}, 
  {{-0.5191014268462226, -0.0036884999972110013, 0.003688499997210994, 0}, 
   {-0.0036884999972109705, 9.022878671919102*^-6, 0.008552186551357427, 
    0.0006031490289584711}, {0.003688499997210967, 0.0085521865513574, 
    9.022878671993695*^-6, 0.0006031490289584481}, 
   {0, 0.0006031490289584343, 0.0006031490289584542, 0.9818530257651727}}}, 
 {{{0., 0.04063702630067079, 0.04063702630067079, 0.04063702630067083}, 
   {-0.04063702630067079, 0., -0.04058751158328065, 0.04058751158328043}, 
   {-0.04063702630067079, 0.04058751158328065, 0., -0.040587511583280445}, 
   {-0.04063702630067083, -0.04058751158328043, 0.040587511583280445, 0.}}, 
  {{0., 0.04063702630067077, 0.04063702630067079, 0.04063702630067087}, 
   {-0.04063702630067077, 0., -0.040587511583280486, 0.04058751158328068}, 
   {-0.04063702630067079, 0.040587511583280486, 0., -0.04058751158328069}, 
   {-0.04063702630067087, -0.04058751158328068, 0.04058751158328069, 0.}}}, 
 {0, 0}, {{-1.4988053264929935, -1.463612629382357}, 
  {-6.296480596339167, -1.5339980236036306, -1.614242274565953}, 
  {-1.5339765831020702, -1.4987838859914338}, {{2, 0.01965000607968631}, 
   {3, 0.007939131310782652}, {4, 0.003235299658217408}, 
   {5, 0.001323543894818674}, {6, 0.0005423477251957076}, 
   {7, 0.00022238991216663728}, {8, 0.00009121687995516936}}, 
  {{2, 0.09124979875387465}, {3, 0.03245889580369239}, 
   {4, 0.012112285033021928}, {5, 0.004297681184417661}, 
   {6, 0.0011754914767220363}, {7, 0.00009166594800644168}, 
   {8, 0.0006092315542958923}}, {4.470484088517225*^-9, 0.8959399390574457}}}
{3, 32, {{{-0.5190898020790176, 0, -0.003693010531935615, 
    0.0036930105319356293}, {0, 0.9818407782801288, 0.0005981778720767867, 
    0.0005981778720767533}, {-0.003693010531935599, 0.0005981778720768219, 
    0.000015187878059068002, 0.008562996028242344}, 
   {0.003693010531935618, 0.0005981778720767804, 0.008562996028242313, 
    0.000015187878059108768}}, {{-0.5190898020790176, 0.0036930105319356327, 
    0, -0.003693010531935632}, {0.003693010531935593, 
    0.000015187878059045451, 0.0005981778720768089, 0.008562996028242342}, 
   {0, 0.0005981778720767902, 0.9818407782801286, 0.0005981778720767694}, 
   {-0.0036930105319356132, 0.0085629960282423, 0.0005981778720767765, 
    0.000015187878059069737}}, {{-0.5190898020790176, -0.003693010531935579, 
    0.003693010531935566, 0}, {-0.003693010531935554, 
    0.000015187878058983868, 0.00856299602824235, 0.0005981778720768125}, 
   {0.003693010531935554, 0.008562996028242351, 0.000015187878059014226, 
    0.000598177872076808}, {0, 0.0005981778720767247, 0.0005981778720767127, 
    0.9818407782801288}}}, 
 {{{0., 0.04067802611594703, 0.04067802611594702, 0.04067802611594705}, 
   {-0.04067802611594703, 0., -0.040590695378121905, 0.04059069537812173}, 
   {-0.04067802611594702, 0.040590695378121905, 0., -0.040590695378121745}, 
   {-0.04067802611594705, -0.04059069537812173, 0.040590695378121745, 0.}}, 
  {{0., 0.04067802611594702, 0.04067802611594702, 0.04067802611594712}, 
   {-0.04067802611594702, 0., -0.04059069537812174, 0.04059069537812198}, 
   {-0.04067802611594702, 0.04059069537812174, 0., -0.040590695378121974}, 
   {-0.04067802611594712, -0.04059069537812198, 0.040590695378121974, 0.}}}, 
 {0, 0}, {{-1.498726507245475, -1.4634983032532554}, 
  {-6.296413981808965, -1.5339547112376906, -1.614252279666792}, 
  {-1.533916895918948, -1.4986886919267284}, {{2, 0.000026660219798274598}}, 
  {{2, 0.0010734387354031619}}, {4.472588562793803*^-9, 0.8958728862387497}}}
