{7, 32, {{{-0.5246535420012797, 0, -0.00012911909773137518, 
    0.00012911909773140383}, {0, 0.9993099298098794, 0.000024147466726197672, 
    0.000024147466725783033}, {-0.00012911909773135474, 
    0.000024147466725783033, -4.5935900494856186*^-6, 0.0003150090790550114}, 
   {0.00012911909773138166, 0.000024147466725927435, 0.00031500907905508316, 
    -4.593590049744092*^-6}}, {{-0.5246535420012796, 0.00012911909773138068, 
    0, -0.00012911909773140952}, {0.00012911909773135496, 
    -4.593590049476945*^-6, 0.000024147466725777808, 0.00031500907905488107}, 
   {0, 0.000024147466726189304, 0.9993099298098791, 0.00002414746672587319}, 
   {-0.00012911909773137637, 0.00031500907905514225, 0.000024147466725842935, 
    -4.593590049672969*^-6}}, {{-0.5246535420012799, -0.00012911909773134103, 
    0.00012911909773134084, 0}, {-0.00012911909773130956, 
    -4.593590049756235*^-6, 0.0003150090790553505, 0.00002414746672593085}, 
   {0.00012911909773131492, 0.00031500907905499133, -4.593590049839502*^-6, 
    0.000024147466725841068}, {0, 0.000024147466725779577, 
    0.000024147466725864605, 0.9993099298098801}}}, 
 {{{0., 0.007863180663523432, 0.007863180663523428, 0.007863180663523445}, 
   {-0.007863180663523432, 0., -0.007920290503337972, 0.007920290503337875}, 
   {-0.007863180663523428, 0.007920290503337972, 0., -0.00792029050333786}, 
   {-0.007863180663523445, -0.007920290503337875, 0.00792029050333786, 0.}}, 
  {{0., 0.007863180663523435, 0.007863180663523432, 0.007863180663523454}, 
   {-0.007863180663523435, 0., -0.00792029050333801, 0.007920290503337929}, 
   {-0.007863180663523432, 0.00792029050333801, 0., -0.00792029050333789}, 
   {-0.007863180663523454, -0.007920290503337929, 0.00792029050333789, 0.}}}, 
 {0, 0}, {{-1.57169802868402, -1.5703360858421895}, 
  {-6.298452392813313, -1.573059971525852, -1.5761662248808044}, 
  {-1.5730649173830602, -1.5717029745412296}, {{2, 0.0037622333346308233}, 
   {3, 0.0014743984126500739}, {4, 0.0005779584947457964}, 
   {5, 0.00022658299922187833}, {6, 0.00008883372560890626}}, 
  {{2, 0.09268425943843212}, {3, 0.03388300847751373}, 
   {4, 0.013910410498646459}, {5, 0.0064843503526037845}, 
   {6, 0.0036314719359948175}}, {2.4685769332879023*^-13, 
   0.9958667152435018}}}
{3, 32, {{{-0.524652044649208, 0, -0.00012956814694779664, 
    0.00012956814694780244}, {0, 0.9993086202890964, 0.000023450689360772134, 
    0.000023450689360638642}, {-0.00012956814694777948, 
    0.000023450689360846687, -3.762090369351361*^-6, 0.0003163176130318079}, 
   {0.00012956814694780458, 0.000023450689360807818, 0.0003163176130317387, 
    -3.7620903692138843*^-6}}, {{-0.5246520446492082, 0.00012956814694781008, 
    0, -0.00012956814694780672}, {0.0001295681469477683, 
    -3.762090369382586*^-6, 0.00002345068936084288, 0.0003163176130316786}, 
   {0, 0.000023450689360778016, 0.9993086202890963, 0.000023450689360773157}, 
   {-0.00012956814694780946, 0.00031631761303188403, 0.000023450689360675586, 
    -3.762090369119342*^-6}}, {{-0.5246520446492082, -0.00012956814694779013, 
    0.00012956814694778049, 0}, {-0.000129568146947728, 
    -3.762090369615473*^-6, 0.0003163176130320675, 0.000023450689360798792}, 
   {0.0001295681469477388, 0.0003163176130316716, -3.762090369702209*^-6, 
    0.000023450689360672035}, {0, 0.000023450689360645364, 
    0.00002345068936077448, 0.9993086202890972}}}, 
 {{{0., 0.007890261876876577, 0.007890261876876581, 0.007890261876876598}, 
   {-0.007890261876876577, 0., -0.00792036900175843, 0.00792036900175828}, 
   {-0.007890261876876581, 0.00792036900175843, 0., -0.007920369001758255}, 
   {-0.007890261876876598, -0.00792036900175828, 0.007920369001758255, 0.}}, 
  {{0., 0.007890261876876591, 0.007890261876876581, 0.007890261876876619}, 
   {-0.007890261876876591, 0., -0.007920369001758371, 0.007920369001758307}, 
   {-0.007890261876876581, 0.007920369001758371, 0., -0.007920369001758288}, 
   {-0.007890261876876619, -0.007920369001758307, 0.007920369001758288, 
    0.}}}, {0, 0}, {{-1.5716880678626401, -1.5703214344170626}, 
  {-6.298444418088222, -1.5730547013082181, -1.5761675077358928}, 
  {-1.573057308661716, -1.5716906752161384}, {{2, 4.85012322515993*^-6}}, 
  {{2, 0.0019078660094897014}}, {2.4687237341088623*^-13, 
   0.9958588852169041}}}
