{9, 32, {{{-0.5206895431993316, 0, -0.0025241529258314653, 
    0.002524152925831468}, {0, 0.9875368525546748, 0.00026112973450157233, 
    0.00026112973450161765}, {-0.002524152925831441, 0.0002611297345015823, 
    0.00015815496537699512, 0.0059656787966740005}, 
   {0.0025241529258314415, 0.00026112973450160117, 0.005965678796673989, 
    0.00015815496537694568}}, {{-0.5206895431993315, 0.0025241529258314827, 
    0, -0.0025241529258314705}, {0.0025241529258314454, 
    0.0001581549653769743, 0.0002611297345015847, 0.005965678796673988}, 
   {0, 0.00026112973450157493, 0.9875368525546748, 0.0002611297345016377}, 
   {-0.0025241529258314428, 0.00596567879667398, 0.00026112973450160285, 
    0.00015815496537704976}}, {{-0.5206895431993315, -0.0025241529258314506, 
    0.002524152925831453, 0}, {-0.0025241529258314133, 0.0001581549653769613, 
    0.005965678796673982, 0.00026112973450162177}, 
   {0.0025241529258314167, 0.005965678796674, 0.00015815496537699425, 
    0.0002611297345016174}, {0, 0.0002611297345016068, 
    0.00026112973450160973, 0.9875368525546746}}}, 
 {{{0., 0.03456601074029286, 0.03456601074029286, 0.03456601074029289}, 
   {-0.03456601074029286, 0., -0.03326150285804574, 0.033261502858045564}, 
   {-0.03456601074029286, 0.03326150285804574, 0., -0.03326150285804558}, 
   {-0.03456601074029289, -0.033261502858045564, 0.03326150285804558, 0.}}, 
  {{0., 0.03456601074029285, 0.03456601074029286, 0.034566010740292946}, 
   {-0.03456601074029285, 0., -0.03326150285804561, 0.03326150285804575}, 
   {-0.03456601074029286, 0.03326150285804561, 0., -0.03326150285804576}, 
   {-0.034566010740292946, -0.03326150285804575, 0.03326150285804576, 0.}}}, 
 {0, 0}, {{-1.5210393287798851, -1.495893892316678}, 
  {-6.297511419258778, -1.5461847652430913, -1.6025709443862977}, 
  {-1.5457102757175973, -1.5205648392543902}, {{2, 0.016638882814333927}, 
   {3, 0.006654680417037699}, {4, 0.0026770526454091004}, 
   {5, 0.0010797222822168107}, {6, 0.0004359523504244428}, 
   {7, 0.00017610000868895082}, {8, 0.00007114728364546186}}, 
  {{2, 0.06880772230636895}, {3, 0.012420697454515588}, 
   {4, 0.0069682375904084925}, {5, 0.014334684588880445}, 
   {6, 0.017239594591850028}, {7, 0.018401971647439126}, 
   {8, 0.018869806701856034}}, {1.3541014670366772*^-9, 0.927512708077691}}}
