{3, 20, {{{-0.5248741331291378, 0, -4.8079567842172245*^-6, 
    4.807956783587534*^-6}, {0, 0.9999724297298651, 6.183216371677169*^-7, 
    6.183216374121723*^-7}, {-4.80795678326192*^-6, 6.183216380985502*^-7, 
    2.704584052496545*^-7, 0.00010025954032281674}, 
   {4.80795678414852*^-6, 6.183216369496347*^-7, 0.00010025954031790251, 
    2.704584038844271*^-7}}, {{-0.5248741331291384, 4.807956783751411*^-6, 0, 
    -4.807956783600076*^-6}, {4.807956783738266*^-6, 2.7045840183224923*^-7, 
    6.183216381300039*^-7, 0.00010025954032375072}, 
   {0, 6.183216371644168*^-7, 0.9999724297298657, 6.183216370542382*^-7}, 
   {-4.807956784140403*^-6, 0.00010025954031614346, 6.183216373157007*^-7, 
    2.7045840467199156*^-7}}, {{-0.5248741331291381, -4.8079567837464325*^-6, 
    4.807956784239933*^-6, 0}, {-4.80795678360081*^-6, 
    2.7045840635467333*^-7, 0.00010025954031863012, 6.183216372951242*^-7}, 
   {4.8079567831202795*^-6, 0.00010025954032361254, 2.704584018686784*^-7, 
    6.183216375380675*^-7}, {0, 6.183216373360697*^-7, 6.183216370754411*^-7, 
    0.9999724297298664}}}, 
 {{{0., 0.0032326559459719658, 0.003232655945971351, 0.0032326559459723283}, 
   {-0.0032326559459719658, 0., -0.003130638059781283, 
    0.0031306380597803138}, {-0.003232655945971351, 0.003130638059781283, 0., 
    -0.0031306380597811447}, {-0.0032326559459723283, -0.0031306380597803138, 
    0.0031306380597811447, 0.}}, {{0., 0.0032326559459719757, 
    0.0032326559459713118, 0.00323265594597204}, {-0.0032326559459719757, 0., 
    -0.003130638059780444, 0.003130638059780061}, 
   {-0.0032326559459713118, 0.003130638059780444, 0., 
    -0.0031306380597812687}, {-0.00323265594597204, -0.003130638059780061, 
    0.0031306380597812687, 0.}}}, {0, 0}, 
 {{-1.5745991385672158, -1.5745879403185314}, {-0.7873254557803592, 
   -0.3936751228185868, 0.000012394928407211125}, 
  {-1.5746101601157372, -1.5745989618670528}, {{2, 0.00005649865950211035}}, 
  {{2, 0.0001020178861910762}}, {9.41449793360559*^-16, 0.9998345897805722}}}
