{5, 20, {{{-0.524880579396284, 0, -1.4048038539443058*^-6, 
    1.404803854024547*^-6}, {0, 0.9999915456107338, 2.4678756468142457*^-7, 
    2.4678756647886914*^-7}, {-1.4048038544925377*^-6, 2.467875658896849*^-7, 
    1.6651565872688456*^-8, 0.0000688499883515217}, 
   {1.404803853863836*^-6, 2.467875637993651*^-7, 0.00006884998835376884, 
    1.6651553374005812*^-8}}, {{-0.5248805793962847, 1.4048038536610524*^-6, 
    0, -1.4048038542064665*^-6}, {1.4048038548115803*^-6, 
    1.6651559872279953*^-8, 2.4678756646288054*^-7, 0.00006884998835109575}, 
   {0, 2.46787564079628*^-7, 0.999991545610734, 2.46787567099633*^-7}, 
   {-1.404803853703971*^-6, 0.0000688499883538239, 2.467875632802395*^-7, 
    1.6651557827040975*^-8}}, {{-0.5248805793962833, -1.4048038558896296*^-6, 
    1.4048038553315657*^-6, 0}, {-1.4048038524193227*^-6, 
    1.665155658671369*^-8, 0.00006884998835719867, 2.46787566848638*^-7}, 
   {1.4048038529624548*^-6, 0.00006884998835655303, 1.6651555440061472*^-8, 
    2.467875665299499*^-7}, {0, 2.467875637566645*^-7, 2.467875640599312*^-7, 
    0.9999915456107331}}}, 
 {{{0., 0.0017628777966987432, 0.0017628777967000843, 0.0017628777967043396}, 
   {-0.0017628777966987432, 0., -0.0017436842878840407, 
    0.0017436842878799093}, {-0.0017628777967000843, 0.0017436842878840407, 
    0., -0.001743684287879119}, {-0.0017628777967043396, 
    -0.0017436842878799093, 0.001743684287879119, 0.}}, 
  {{0., 0.0017628777966988266, 0.0017628777967003012, 0.0017628777967042511}, 
   {-0.0017628777966988266, 0., -0.001743684287883654, 
    0.0017436842878829017}, {-0.0017628777967003012, 0.001743684287883654, 
    0., -0.0017436842878796265}, {-0.0017628777967042511, 
    -0.0017436842878829017, 0.0017436842878796265, 0.}}}, {0, 0}, 
 {{-1.574634695375109, -1.5746316419811979}, {-0.7873249663233131, 
   -0.3936663319261007, 3.848764444147612*^-6}, 
  {-1.574637732146954, -1.574634678753043}, {{2, 1.3027048423449802*^-6}, 
   {3, 1.132167436519553*^-6}, {4, 9.83754094080122*^-7}}, 
  {{2, 0.000019569600068854078}, {3, 0.00001936819259791682}, 
   {4, 0.000019193508819549097}}, {2.810652312420098*^-17, 
   0.9999492747365403}}}
