{9, 32, {{{-0.5247920344527681, 0, -0.00004646108559340233, 
    0.000046461085593398276}, {0, 0.9997514647522064, 8.44139173815013*^-6, 
    8.441391738080897*^-6}, {-0.00004646108559337477, 8.441391738007022*^-6, 
    -1.397764204978582*^-6, 0.00011360441655244604}, 
   {0.00004646108559340652, 8.441391738137408*^-6, 0.00011360441655256954, 
    -1.3977642048740649*^-6}}, {{-0.5247920344527683, 0.00004646108559340624, 
    0, -0.000046461085593403684}, {0.00004646108559337455, 
    -1.397764204858886*^-6, 8.441391738003644*^-6, 0.0001136044165525166}, 
   {0, 8.44139173814807*^-6, 0.9997514647522063, 8.441391738022606*^-6}, 
   {-0.00004646108559341205, 0.0001136044165525084, 8.441391738206006*^-6, 
    -1.3977642049356476*^-6}}, 
  {{-0.5247920344527687, -0.00004646108559339479, 0.00004646108559338927, 0}, 
   {-0.00004646108559334562, -1.3977642052036623*^-6, 0.0001136044165527891, 
    8.441391738138719*^-6}, {0.000046461085593352394, 0.0001136044165526833, 
    -1.3977642051854478*^-6, 8.44139173820449*^-6}, 
   {0, 8.441391738081304*^-6, 8.441391738006592*^-6, 0.9997514647522072}}}, 
 {{{0., 0.00472973091441343, 0.004729730914413441, 0.0047297309144134405}, 
   {-0.00472973091441343, 0., -0.004748881707727108, 0.0047488817077273905}, 
   {-0.004729730914413441, 0.004748881707727108, 0., -0.004748881707727374}, 
   {-0.0047297309144134405, -0.0047488817077273905, 0.004748881707727374, 
    0.}}, {{0., 0.00472973091441343, 0.004729730914413431, 
    0.004729730914413448}, {-0.00472973091441343, 0., -0.0047488817077271876, 
    0.004748881707727404}, {-0.004729730914413431, 0.0047488817077271876, 0., 
    -0.004748881707727432}, {-0.004729730914413448, -0.004748881707727404, 
    0.004748881707727432, 0.}}}, {0, 0}, 
 {{-1.573560398411912, -1.5730688703569182}, {-6.29844684338524, 
   -1.5740519264669053, -1.5751714952257148}, {-1.5740529215713164, 
   -1.5735613935163226}, {{2, 0.0022551562478096056}, 
   {3, 0.000883154836071735}, {4, 0.0003458894372938698}, 
   {5, 0.00013547375990486353}, {6, 0.000053061577335804244}, 
   {7, 0.000020782985900096376}, {8, 8.140233053694629*^-6}}, 
  {{2, 0.09257135215049742}, {3, 0.03378433825040751}, 
   {4, 0.01382484762924634}, {5, 0.006409055123972928}, 
   {6, 0.003562611495419505}, {7, 0.002456446092010285}, 
   {8, 0.0020245119289470396}}, {1.1469595714115073*^-14, 
   0.9985097147527989}}}
