{13, 40, {{{-0.5231759698718872, 0, -0.001025914301352812, 
    0.0010259143013527931}, {0, 0.9946640484553003, 0.00017750512116179837, 
    0.00017750512116163075}, {-0.0010259143013527882, 0.0001775051211615707, 
    -0.00001763253245993645, 0.0024648331803441286}, 
   {0.0010259143013527853, 0.00017750512116164864, 0.002464833180344213, 
    -0.000017632532459798105}}, {{-0.5231759698718874, 0.001025914301352817, 
    0, -0.0010259143013527984}, {0.001025914301352781, 
    -0.000017632532459968542, 0.0001775051211615671, 0.002464833180344147}, 
   {0, 0.00017750512116180195, 0.9946640484553004, 0.0001775051211616255}, 
   {-0.0010259143013527853, 0.0024648331803442153, 0.00017750512116165954, 
    -0.000017632532459843642}}, 
  {{-0.5231759698718874, -0.0010259143013527851, 0.0010259143013527778, 0}, 
   {-0.0010259143013527352, -0.000017632532459980685, 0.0024648331803442548, 
    0.00017750512116166165}, {0.0010259143013527472, 0.0024648331803442222, 
    -0.00001763253245992691, 0.00017750512116166696}, 
   {0, 0.00017750512116161774, 0.0001775051211616029, 0.9946640484553007}}}, 
 {{{0., 0.04395090922395368, 0.04395090922395368, 0.04395090922395386}, 
   {-0.04395090922395368, 0., -0.043989794761723225, 0.04398979476172311}, 
   {-0.04395090922395368, 0.043989794761723225, 0., -0.0439897947617231}, 
   {-0.04395090922395386, -0.04398979476172311, 0.0439897947617231, 0.}}, 
  {{0., 0.04395090922395367, 0.043950909223953685, 0.04395090922395391}, 
   {-0.04395090922395367, 0., -0.04398979476172306, 0.043989794761723364}, 
   {-0.043950909223953685, 0.04398979476172306, 0., -0.04398979476172336}, 
   {-0.04395090922395391, -0.043989794761723364, 0.04398979476172336, 0.}}}, 
 {0, 0}, {{-1.5517229904437881, -1.5364979488808412}, 
  {-6.2982636030722015, -1.5669480320067362, -1.5821837695293646}, 
  {-1.5669547671794448, -1.551729725616498}, {{2, 0.00009341447678992004}, 
   {3, 0.00007366054149563622}, {4, 0.0000580843728604577}, 
   {5, 0.000045802283175765124}, {6, 0.000036117497347373795}, 
   {7, 0.00002848067661471998}, {8, 0.000022458701222589916}, 
   {9, 0.000017710070898763197}, {10, 0.000013965516724626093}, 
   {11, 0.000011012718668448884}, {12, 8.684258295504899*^-6}}, 
  {{2, 0.004014064269257392}, {3, 0.003176773130421151}, 
   {4, 0.002518540946957243}, {5, 0.0020007351545070044}, 
   {6, 0.0015931877088868965}, {7, 0.0012722909415694413}, 
   {8, 0.0010195410328581198}, {9, 0.0008204160460269473}, 
   {10, 0.0006635075513399301}, {11, 0.0005398459475668576}, 
   {12, 0.000442374668193009}}, {7.246221653307821*^-9, 0.9684083500046455}}}
