{15, 35, {{{-0.5237120771901809, 0, -0.000735249758837416, 
    0.0007352497588373757}, {0, 0.9946032981212758, 0.00017381798584477836, 
    0.00017381798584454374}, {-0.0007352497588374064, 0.0001738179858446669, 
    -0.005208956895307071, -0.022848084922027445}, 
   {0.0007352497588373639, 0.00017381798584458494, -0.022848084922027473, 
    -0.005208956895307144}}, {{-0.5237120771901808, 0.0007352497588373897, 0, 
    -0.0007352497588373702}, {0.0007352497588374075, -0.005208956895307111, 
    0.00017381798584468772, -0.022848084922027504}, 
   {0, 0.00017381798584478574, 0.9946032981212757, 0.00017381798584462636}, 
   {-0.0007352497588373666, -0.022848084922027383, 0.00017381798584447365, 
    -0.005208956895307093}}, {{-0.5237120771901806, -0.0007352497588374457, 
    0.0007352497588374609, 0}, {-0.0007352497588374633, 
    -0.0052089568953076325, -0.022848084922026175, 0.000173817985844797}, 
   {0.0007352497588374487, -0.022848084922026363, -0.005208956895307676, 
    0.00017381798584469718}, {0, 0.00017381798584477576, 
    0.00017381798584485106, 0.9946032981212757}}}, 
 {{{0., 0.03570299108630402, 0.03570299108630398, 0.035702991086304044}, 
   {-0.03570299108630402, 0., -0.040159835676766134, 0.04015983567676679}, 
   {-0.03570299108630398, 0.040159835676766134, 0., -0.0401598356767667}, 
   {-0.035702991086304044, -0.04015983567676679, 0.0401598356767667, 0.}}, 
  {{0., 0.03570299108630402, 0.035702991086303995, 0.03570299108630404}, 
   {-0.03570299108630402, 0., -0.040159835676766266, 0.04015983567676677}, 
   {-0.035702991086303995, 0.040159835676766266, 0., -0.04015983567676673}, 
   {-0.03570299108630404, -0.04015983567676677, 0.04015983567676673, 0.}}}, 
 {0, 0}, {{-1.5608591229971294, -0.7770556180147653, -0.00337394348379938, 
   -1.55748517951333, -0.7905513919499647}, {-1.5033460994811798, 
   0.03839725763961897}, {{2, 0.00928398123004933}, 
   {3, 0.0032545877138564147}, {4, 0.001155963599189784}, 
   {5, 0.000412381075299173}, {6, 0.00014735691085389357}, 
   {7, 0.00005268691301207884}, {8, 0.000018842072029796875}, 
   {9, 6.738886305188152*^-6}, {10, 2.4102362355532536*^-6}, 
   {11, 8.620558263894296*^-7}, {12, 3.0832781686834787*^-7}, 
   {13, 1.102784299225612*^-7}, {14, 3.944288197443857*^-8}}, 
  {{2, 0.06274841498918629}, {3, 0.06255313087642413}, 
   {4, 0.06246708147487652}, {5, 0.062434279938900814}, 
   {6, 0.06242229359379477}, {7, 0.06241797415000717}, 
   {8, 0.062416425103548924}, {9, 0.06241587053419774}, 
   {10, 0.06241567211590669}, {11, 0.06241560113971756}, 
   {12, 0.06241557575281488}, {13, 0.06241556667263069}, 
   {14, 0.06241556342493561}}, {4.1951893040705*^-9, 0.9680535237780524}}}
