{5, 32, {{{-0.5245890888479434, 0, -0.0001854835421730621, 
    0.00018548354217308004}, {0, 0.9989592821182871, 0.00006778904505881929, 
    0.00006778904505881817}, {-0.0001854835421730188, 0.00006778904505886103, 
    -0.00004230668495124306, 0.0004454165610923655}, 
   {0.00018548354217305673, 0.00006778904505863027, 0.00044541656109234367, 
    -0.00004230668495116673}}, {{-0.5245890888479434, 0.0001854835421730758, 
    0, -0.00018548354217308284}, {0.00018548354217302052, 
    -0.000042306684951262576, 0.00006778904505883871, 0.0004454165610925691}, 
   {0, 0.00006778904505879606, 0.9989592821182873, 0.00006778904505872055}, 
   {-0.00018548354217306573, 0.00044541656109235565, 0.00006778904505871906, 
    -0.00004230668495128209}}, 
  {{-0.5245890888479441, -0.00018548354217301505, 0.00018548354217301963, 0}, 
   {-0.0001854835421729525, -0.000042306684951455564, 0.00044541656109213734, 
    0.00006778904505864267}, {0.00018548354217295707, 0.00044541656109259564, 
    -0.00004230668495142087, 0.00006778904505874581}, 
   {0, 0.00006778904505880087, 0.00006778904505844405, 0.9989592821182879}}}, 
 {{{0., 0.017910783221985162, 0.017910783221985124, 0.017910783221985176}, 
   {-0.017910783221985162, 0., -0.01995858231995075, 0.01995858231995035}, 
   {-0.017910783221985124, 0.01995858231995075, 0., -0.019958582319950582}, 
   {-0.017910783221985176, -0.01995858231995035, 0.019958582319950582, 0.}}, 
  {{0., 0.017910783221985097, 0.017910783221985097, 0.01791078322198523}, 
   {-0.017910783221985097, 0., -0.019958582319950624, 0.01995858231995054}, 
   {-0.017910783221985097, 0.019958582319950624, 0., -0.01995858231995062}, 
   {-0.01791078322198523, -0.01995858231995054, 0.01995858231995062, 0.}}}, 
 {0, 0}, {{-1.5699895686203758, -1.5668873299659936}, 
  {-6.2991282252136465, -1.57309180727476, -1.5764723053320633}, 
  {-1.5732691518788273, -1.5701669132244451}, {{2, 0.004876250026092635}, 
   {3, 0.0038213769345636413}, {4, 0.002994961623513334}}, 
  {{2, 0.39893286039788745}, {3, 0.16882719277175}, 
   {4, 0.057166654092820346}}, {6.320888621099954*^-11, 0.9937719165890535}}}
{5, 32, {{{-0.5245890888479435, 0, -0.00018548354217307232, 
    0.00018548354217305988}, {0, 0.9989592821182872, 0.00006778904505881586, 
    0.00006778904505863479}, {-0.0001854835421730345, 0.00006778904505873079, 
    -0.00004230668495128773, 0.0004454165610924467}, 
   {0.00018548354217306232, 0.00006778904505879168, 0.0004454165610922442, 
    -0.000042306684951288163}}, 
  {{-0.5245890888479436, 0.00018548354217307156, 0, -0.00018548354217305869}, 
   {0.00018548354217303982, -0.000042306684951299005, 0.00006778904505874795, 
    0.00044541656109225173}, {0, 0.00006778904505880888, 0.9989592821182873, 
    0.00006778904505885111}, {-0.0001854835421730627, 0.0004454165610924699, 
    0.00006778904505856724, -0.00004230668495130985}}, 
  {{-0.5245890888479439, -0.00018548354217303792, 0.00018548354217303668, 0}, 
   {-0.00018548354217298572, -0.0000423066849513775, 0.00044541656109273805, 
    0.00006778904505880354}, {0.00018548354217298144, 0.00044541656109224094, 
    -0.000042306684951393114, 0.00006778904505859201}, 
   {0, 0.00006778904505863168, 0.00006778904505912303, 0.9989592821182878}}}, 
 {{{0., 0.017910783221985145, 0.017910783221985145, 0.017910783221985183}, 
   {-0.017910783221985145, 0., -0.019958582319950693, 0.019958582319950437}, 
   {-0.017910783221985145, 0.019958582319950693, 0., -0.019958582319950468}, 
   {-0.017910783221985183, -0.019958582319950437, 0.019958582319950468, 0.}}, 
  {{0., 0.017910783221985124, 0.017910783221985156, 0.017910783221985208}, 
   {-0.017910783221985124, 0., -0.019958582319950693, 0.019958582319950575}, 
   {-0.017910783221985156, 0.019958582319950693, 0., -0.0199585823199506}, 
   {-0.017910783221985208, -0.019958582319950575, 0.0199585823199506, 0.}}}, 
 {0, 0}, {{-1.569989568620377, -1.566887329965995}, 
  {-6.2991282252136465, -1.57309180727476, -1.5764723053320633}, 
  {-1.5732691518788287, -1.5701669132244465}, {{2, 0.004876250026092616}, 
   {3, 0.003821376934563636}, {4, 0.0029949616235133026}}, 
  {{2, 0.3989328603978873}, {3, 0.16882719277174965}, 
   {4, 0.057166654092819943}}, {6.320888621099954*^-11, 0.9937719165890535}}}
{5, 32, {{{-0.5245890888479436, 0, -0.00018548354217307557, 
    0.00018548354217305882}, {0, 0.9989592821182873, 0.00006778904505882681, 
    0.0000677890450588261}, {-0.0001854835421730376, 0.00006778904505882092, 
    -0.00004230668495125217, 0.00044541656109237495}, 
   {0.0001854835421730497, 0.0000677890450586582, 0.0004454165610923793, 
    -0.00004230668495136449}}, {{-0.5245890888479435, 0.00018548354217308351, 
    0, -0.00018548354217306175}, {0.0001854835421730371, 
    -0.0000423066849512062, 0.00006778904505881896, 0.00044541656109248987}, 
   {0, 0.00006778904505881989, 0.9989592821182873, 0.00006778904505872327}, 
   {-0.000185483542173051, 0.0004454165610922788, 0.00006778904505876923, 
    -0.00004230668495117107}}, {{-0.5245890888479439, -0.000185483542173048, 
    0.00018548354217303863, 0}, {-0.0001854835421729895, 
    -0.00004230668495140699, 0.0004454165610922148, 0.00006778904505866173}, 
   {0.00018548354217298648, 0.0004454165610925455, -0.00004230668495136536, 
    0.00006778904505877553}, {0, 0.0000677890450588343, 
    0.00006778904505872442, 0.9989592821182879}}}, 
 {{{0., 0.017910783221985152, 0.017910783221985138, 0.017910783221985176}, 
   {-0.017910783221985152, 0., -0.019958582319950707, 0.019958582319950447}, 
   {-0.017910783221985138, 0.019958582319950707, 0., -0.01995858231995048}, 
   {-0.017910783221985176, -0.019958582319950447, 0.01995858231995048, 0.}}, 
  {{0., 0.017910783221985128, 0.01791078322198513, 0.017910783221985214}, 
   {-0.017910783221985128, 0., -0.01995858231995071, 0.019958582319950582}, 
   {-0.01791078322198513, 0.01995858231995071, 0., -0.019958582319950575}, 
   {-0.017910783221985214, -0.019958582319950582, 0.019958582319950575, 
    0.}}}, {0, 0}, {{-1.5699895686203784, -1.566887329965995}, 
  {-6.2991282252136465, -1.5730918072747602, -1.576472305332063}, 
  {-1.57326915187883, -1.5701669132244465}, {{2, 0.004876250026092628}, 
   {3, 0.0038213769345636257}, {4, 0.0029949616235133147}}, 
  {{2, 0.3989328603978872}, {3, 0.1688271927717499}, 
   {4, 0.057166654092820214}}, {6.320888621099964*^-11, 0.993771916589054}}}
