{5, 20, {{{-0.5247339233105959, 0, -0.00004496075300473583, 
    0.000044960753004374366}, {0, 0.9991231764906564, 0.00011660931087493889, 
    0.00011660931087504762}, {-0.000044960753004392445, 
    0.00011660931087565558, -0.00003113490029092638, 0.001050745885945778}, 
   {0.00004496075300467064, 0.00011660931087500274, 0.00105074588594528, 
    -0.00003113490029185229}}, 
  {{-0.5247339233105962, 0.000044960753004586734, 0, 
    -0.000044960753004384916}, {0.00004496075300450629, 
    -0.00003113490029121131, 0.00011660931087569406, 0.001050745885945781}, 
   {0, 0.00011660931087498964, 0.9991231764906559, 0.00011660931087531377}, 
   {-0.000044960753004672996, 0.0010507458859452567, 0.00011660931087475326, 
    -0.00003113490029190693}}, 
  {{-0.524733923310597, -0.000044960753004436016, 0.0000449607530046501, 0}, 
   {-0.00004496075300446124, -0.000031134900291105924, 0.0010507458859458866, 
    0.00011660931087525137}, {0.000044960753004285095, 0.0010507458859460412, 
    -0.00003113490029127419, 0.00011660931087499425}, 
   {0, 0.00011660931087528552, 0.00011660931087555546, 0.9991231764906567}}}, 
 {{{0, 0.013051199145872138, 0.013051199145872112, 0.013051199145872022}, 
   {-0.013051199145872138, 0, -0.019313027321033297, 0.019313027321032773}, 
   {-0.013051199145872112, 0.019313027321033297, 0, -0.01931302732103263}, 
   {-0.013051199145872022, -0.019313027321032773, 0.01931302732103263, 0}}, 
  {{0, 0.01305119914587206, 0.013051199145872123, 0.013051199145872109}, 
   {-0.01305119914587206, 0, -0.019313027321032857, 0.019313027321032673}, 
   {-0.013051199145872123, 0.019313027321032857, 0, -0.01931302732103255}, 
   {-0.013051199145872109, -0.019313027321032673, 0.01931302732103255, 0}}}, 
 {0, 0}, {{-1.5688114062048288, -1.5642903382007587}, 
  {-6.298611755303031, -1.5759670486543613, -1.5733388289971542}, 
  {-1.5744170546636633, -1.5698959866595932}, {{2, 0.0030242147479616014}, 
   {3, 0.0006659341884188222}, {4, 0.0002842992187032649}}, 
  {{2, 0.006116419338989305}, {3, 0.006236072869776917}, 
   {4, 0.0062618281751607024}}, {5.1892205489189846*^-11, 
   0.9947505777624195}}}
