{13, 40, {{{-0.522851143318198, 0, -0.0012441690236105183, 
    0.0012441690236104973}, {0, 0.9935258610776674, 0.00024059647914811467, 
    0.00024059647914812193}, {-0.0012441690236104715, 0.0002405964791481085, 
    -0.000047724861428823095, 0.002972723244718203}, 
   {0.0012441690236105066, 0.00024059647914802967, 0.002972723244718237, 
    -0.00004772486142871424}}, {{-0.522851143318198, 0.0012441690236105175, 
    0, -0.0012441690236105014}, {0.0012441690236104797, 
    -0.00004772486142880835, 0.00024059647914811223, 0.0029727232447182474}, 
   {0, 0.000240596479148104, 0.9935258610776674, 0.00024059647914807502}, 
   {-0.0012441690236105148, 0.002972723244718217, 0.0002405964791481032, 
    -0.00004772486142873289}}, {{-0.5228511433181982, -0.0012441690236104687, 
    0.0012441690236104641, 0}, {-0.001244169023610419, 
    -0.00004772486142886733, 0.0029727232447181954, 0.00024059647914806057}, 
   {0.001244169023610411, 0.0029727232447183073, -0.00004772486142887167, 
    0.00024059647914812757}, {0, 0.00024059647914809694, 
    0.0002405964791480635, 0.9935258610776676}}}, 
 {{{0., 0.04798943531382779, 0.04798943531382782, 0.047989435313828016}, 
   {-0.04798943531382779, 0., -0.04862239788079059, 0.04862239788079031}, 
   {-0.04798943531382782, 0.04862239788079059, 0., -0.0486223978807903}, 
   {-0.047989435313828016, -0.04862239788079031, 0.0486223978807903, 0.}}, 
  {{0., 0.04798943531382781, 0.047989435313827794, 0.04798943531382808}, 
   {-0.04798943531382781, 0., -0.04862239788079039, 0.0486223978807906}, 
   {-0.047989435313827794, 0.04862239788079039, 0., -0.04862239788079057}, 
   {-0.04798943531382808, -0.0486223978807906, 0.04862239788079057, 0.}}}, 
 {0, 0}, {{-1.5470209240053672, -1.5287344931635483}, 
  {-6.298186596366556, -1.565307354847187, -1.5837859433360912}, 
  {-1.5654279504129665, -1.5471415195711475}, {{2, 0.00010190049733196926}, 
   {3, 0.00008048182617521882}, {4, 0.0000635658119354579}, 
   {5, 0.000050205763433265604}, {6, 0.000039653987370880106}, 
   {7, 0.0000313200734094049}, {8, 0.000024737781485609234}, 
   {9, 0.000019538911375946433}, {10, 0.00001543267712936225}, 
   {11, 0.000012189424436342966}, {12, 9.627775082780843*^-6}}, 
  {{2, 0.010218416829295716}, {3, 0.009372631201923835}, 
   {4, 0.008706653680353005}, {5, 0.00818191327231562}, 
   {6, 0.007768243994443825}, {7, 0.007442003040204913}, 
   {8, 0.00718463011984031}, {9, 0.0069815361593504825}, 
   {10, 0.0068212419619862056}, {11, 0.006694708039445513}, 
   {12, 0.006594811574915442}}, {1.3213511201610231*^-8, 0.9617784826693153}}}
