{3, 28, {{{-0.5248754438434904, 0, -4.6246515779683635*^-9, 
    4.6246515851571834*^-9}, {0, 0.9999999459307264, -2.724220266151561*^-8, 
    -2.7242203303833724*^-8}, {-4.6246515781476954*^-9, 
    -2.7242203416365218*^-8, 3.2575194913037064*^-8, 5.255082299307879*^-8}, 
   {4.624651586359636*^-9, -2.724220293146595*^-8, 5.2550823088737936*^-8, 
    3.257519506048856*^-8}}, {{-0.5248754438434904, 4.624651578827513*^-9, 0, 
    -4.624651584012673*^-9}, {4.6246515755994895*^-9, 3.257519484711757*^-8, 
    -2.7242203412381456*^-8, 5.2550822933779585*^-8}, 
   {0, -2.7242202658687632*^-8, 0.9999999459307262, -2.7242203302052063*^-8}, 
   {-4.624651585582209*^-9, 5.2550823048432985*^-8, -2.7242202944456048*^-8, 
    3.257519509691775*^-8}}, {{-0.5248754438434902, -4.624651576940483*^-9, 
    4.62465158170576*^-9, 0}, {-4.624651572433804*^-9, 3.257519487053634*^-8, 
    5.2550822826486464*^-8, -2.7242202934288245*^-8}, 
   {4.6246515779961005*^-9, 5.25508227938704*^-8, 3.2575195013651026*^-8, 
    -2.7242202943360656*^-8}, {0, -2.7242203300275776*^-8, 
    -2.7242203301746112*^-8, 0.9999999459307258}}}, 
 {{{0., 0.00013031341671093075, 0.00013031341671093075, 
    0.00013031341671092923}, {-0.00013031341671093075, 0., 
    -0.00001718712308589564, 0.000017187123086014644}, 
   {-0.00013031341671093075, 0.00001718712308589564, 0., 
    -0.000017187123085983805}, {-0.00013031341671092923, 
    -0.000017187123086014644, 0.000017187123085983805, 0.}}, 
  {{0., 0.00013031341671091893, 0.00013031341671092755, 
    0.00013031341671093107}, {-0.00013031341671091893, 0., 
    -0.000017187123086004506, 0.000017187123085972285}, 
   {-0.00013031341671092755, 0.000017187123086004506, 0., 
    -0.000017187123085916334}, {-0.00013031341671093107, 
    -0.000017187123085972285, 0.000017187123085916334, 0.}}}, {0, 0}, 
 {{-1.5746217831471563, -1.5746172689579825}, 
  {-6.298640684726165, -1.5746262973363283, -1.5746940450267544}, 
  {-1.574624337931447, -1.5746198237422733}, {{2, 1.7288497060899887*^-7}}, 
  {{2, 1.7362186715725452}}, {2.577621366989888*^-29, 0.9999996755844005}}}
{3, 28, {{{-0.524835626632248, 0, -1.915101983825343*^-6, 
    1.9151019839108355*^-6}, {0, 0.9999648116190832, 
    -0.000018463729069244174, -0.000018463729068272035}, 
   {-1.9151019839092464*^-6, -0.00001846372906787307, 
    0.000022030064753982698, 0.000034900684751118845}, 
   {1.915101983812539*^-6, -0.00001846372906854578, 0.00003490068475110577, 
    0.00002203006475367565}}, {{-0.5248356266322474, 1.9151019838567855*^-6, 
    0, -1.915101983919162*^-6}, {1.9151019838857692*^-6, 
    0.00002203006475321595, -0.00001846372906786936, 0.0000349006847509875}, 
   {0, -0.000018463729069240004, 0.9999648116190822, 
    -0.000018463729068269124}, {-1.9151019838131743*^-6, 
    0.00003490068475077982, -0.000018463729068486612, 
    0.000022030064754624545}}, 
  {{-0.5248356266322474, -1.9151019838369293*^-6, 1.91510198381781*^-6, 0}, 
   {-1.9151019839044844*^-6, 0.00002203006475442852, 0.00003490068475101578, 
    -0.000018463729068544972}, {1.9151019839454605*^-6, 
    0.00003490068475151266, 0.000022030064753875145, 
    -0.00001846372906849187}, {0, -0.00001846372906826489, 
    -0.000018463729068268264, 0.9999648116190809}}}, 
 {{{0., 0.0033700270993750336, 0.003370027099375043, 0.0033700270993750644}, 
   {-0.0033700270993750336, 0., -0.0002750346708878203, 
    0.0002750346708881716}, {-0.003370027099375043, 0.0002750346708878203, 
    0., -0.00027503467088804874}, {-0.0033700270993750644, 
    -0.0002750346708881716, 0.00027503467088804874, 0.}}, 
  {{0., 0.0033700270993750467, 0.0033700270993750406, 0.003370027099375055}, 
   {-0.0033700270993750467, 0., -0.0002750346708876352, 
    0.00027503467088821495}, {-0.0033700270993750406, 0.0002750346708876352, 
    0., -0.00027503467088815185}, {-0.003370027099375055, 
    -0.00027503467088821495, 0.00027503467088815185, 0.}}}, {0, 0}, 
 {{-1.5743688056336667, -1.5742520644704874}, 
  {-6.298502560094738, -1.5744855467968468, -1.574765733250522}, 
  {-1.574431939955495, -1.5743151987923156}, {{2, 0.00008623290553457993}}, 
  {{2, 0.4591939971433745}}, {4.328372875838882*^-22, 0.9997888882869538}}}
{3, 28, {{{-0.5248356617184217, 0, -1.91425778765591*^-6, 
    1.914257787768074*^-6}, {0, 0.9999648420508845, -0.000018447349716171093, 
    -0.000018447349715836505}, {-1.914257787687074*^-6, 
    -0.000018447349715069425, 0.00002201054691598238, 
    0.00003487010911193598}, {1.91425778761084*^-6, -0.000018447349715673807, 
    0.000034870109111934436, 0.000022010546916670197}}, 
  {{-0.5248356617184214, 1.9142577876357333*^-6, 0, -1.9142577877621775*^-6}, 
   {1.9142577876997296*^-6, 0.00002201054691599799, -0.000018447349715074954, 
    0.000034870109111838606}, {0, -0.000018447349716173458, 
    0.999964842050885, -0.00001844734971571428}, {-1.9142577876156522*^-6, 
    0.0000348701091116589, -0.000018447349715777033, 
    0.000022010546916306772}}, 
  {{-0.5248356617184202, -1.9142577876093355*^-6, 1.9142577876381537*^-6, 0}, 
   {-1.914257787706898*^-6, 0.000022010546915583393, 0.000034870109111484066, 
    -0.000018447349715669683}, {1.9142577876785546*^-6, 
    0.00003487010911173332, 0.00002201054691544635, -0.0000184473497157719}, 
   {0, -0.000018447349715833398, -0.000018447349715717375, 
    0.9999648420508834}}}, 
 {{{0., 0.0033685441773636587, 0.0033685441773636444, 0.003368544177363662}, 
   {-0.0033685441773636587, 0., -0.00027503460635915143, 
    0.00027503460635918856}, {-0.0033685441773636444, 0.00027503460635915143, 
    0., -0.0002750346063592623}, {-0.003368544177363662, 
    -0.00027503460635918856, 0.0002750346063592623, 0.}}, 
  {{0., 0.003368544177363637, 0.0033685441773636596, 0.003368544177363671}, 
   {-0.003368544177363637, 0., -0.0002750346063595487, 
    0.0002750346063593378}, {-0.0033685441773636596, 0.0002750346063595487, 
    0., -0.0002750346063593421}, {-0.003368544177363671, 
    -0.0002750346063593378, 0.0002750346063593421, 0.}}}, {0, 0}, 
 {{-1.5743689801951675, -1.574252290401911}, {-6.298502747106073, 
   -1.5744856699884213, -1.5747657035646152}, {-1.5744320888309153, 
   -1.5743153990376588}, {{2, 0.00008162321662825902}}, 
  {{2, 0.4591760428425556}}, {4.328366782699021*^-22, 0.9997890708456575}}}
