{7, 32, {{{-0.5239660052969916, 0, -0.0002785432766562965, 
    0.0002785432766562948}, {0, 0.9986662760257117, -0.0002856063047702617, 
    -0.00028560630476999525}, {-0.000278543276656277, -0.0002856063047697668, 
    0.00036682527818551573, 0.000925884255310661}, 
   {0.0002785432766563014, -0.000285606304769925, 0.0009258842553103313, 
    0.00036682527818503174}}, {{-0.5239660052969917, 0.00027854327665630596, 
    0, -0.00027854327665631463}, {0.0002785432766562885, 
    0.00036682527818530106, -0.000285606304769782, 0.0009258842553105778}, 
   {0, -0.0002856063047702503, 0.9986662760257115, -0.00028560630476993904}, 
   {-0.0002785432766563104, 0.0009258842553102899, -0.00028560630476995243, 
    0.00036682527818540644}}, {{-0.5239660052969919, -0.00027854327665632585, 
    0.0002785432766563299, 0}, {-0.0002785432766562653, 0.000366825278185128, 
    0.0009258842553105523, -0.0002856063047699531}, 
   {0.00027854327665628547, 0.0009258842553104884, 0.0003668252781849901, 
    -0.00028560630476996777}, {0, -0.00028560630476997856, 
    -0.0002856063047702072, 0.9986662760257121}}}, 
 {{{0., 0.03210848269539414, 0.032108482695394125, 0.03210848269539411}, 
   {-0.03210848269539414, 0., -0.01655264957961472, 0.0165526495796149}, 
   {-0.032108482695394125, 0.01655264957961472, 0., -0.01655264957961494}, 
   {-0.03210848269539411, -0.0165526495796149, 0.01655264957961494, 0.}}, 
  {{0., 0.032108482695394056, 0.03210848269539407, 0.03210848269539425}, 
   {-0.032108482695394056, 0., -0.016552649579615095, 0.016552649579614838}, 
   {-0.03210848269539407, 0.016552649579615095, 0., -0.01655264957961484}, 
   {-0.03210848269539425, -0.016552649579614838, 0.01655264957961484, 0.}}}, 
 {0, 0}, {{-1.567333049466809, -1.5617716971285724}, 
  {-6.299500748158737, -1.5728944018050466, -1.5768559722743218}, 
  {-1.5715472271395163, -1.5659858748012798}, {{2, 0.007086408664920177}, 
   {3, 0.005550971191726411}, {4, 0.004348995325898133}, 
   {5, 0.0034080297295110903}, {6, 0.0026712381534686608}}, 
  {{2, 0.011832779194998255}, {3, 0.11897792992474468}, 
   {4, 0.18242498971088886}, {5, 0.21901044911674886}, 
   {6, 0.24223868289501388}}, {2.0568618670004583*^-11, 0.992024291047214}}}
