{3, 32, {{{-0.5228432756833881, 0, -0.001222300448143553, 
    0.0012223004481435353}, {0, 0.9936996006807071, 0.00019052168578200565, 
    0.00019052168578186546}, {-0.0012223004481435131, 0.0001905216857818545, 
    2.3987131894847094*^-6, 0.002933200871601576}, 
   {0.0012223004481435515, 0.0001905216857819122, 0.0029332008716015674, 
    2.398713189600936*^-6}}, {{-0.522843275683388, 0.0012223004481435463, 0, 
    -0.0012223004481435318}, {0.0012223004481435131, 2.3987131895228733*^-6, 
    0.00019052168578186074, 0.002933200871601512}, 
   {0, 0.000190521685782007, 0.9936996006807068, 0.00019052168578190335}, 
   {-0.0012223004481435441, 0.002933200871601584, 0.00019052168578187473, 
    2.3987131896052727*^-6}}, {{-0.522843275683388, -0.0012223004481435053, 
    0.001222300448143504, 0}, {-0.001222300448143475, 2.398713189416188*^-6, 
    0.0029332008716016576, 0.00019052168578192672}, 
   {0.0012223004481434607, 0.0029332008716015626, 2.3987131894109837*^-6, 
    0.00019052168578188904}, {0, 0.00019052168578186145, 
    0.00019052168578187115, 0.9936996006807071}}}, 
 {{{0., 0.024049542677154902, 0.024049542677154888, 0.02404954267715493}, 
   {-0.024049542677154902, 0., -0.023837896139806716, 0.02383789613980663}, 
   {-0.024049542677154888, 0.023837896139806716, 0., -0.023837896139806615}, 
   {-0.02404954267715493, -0.02383789613980663, 0.023837896139806615, 0.}}, 
  {{0., 0.02404954267715489, 0.024049542677154902, 0.02404954267715496}, 
   {-0.02404954267715489, 0., -0.02383789613980663, 0.023837896139806775}, 
   {-0.024049542677154902, 0.02383789613980663, 0., -0.02383789613980676}, 
   {-0.02404954267715496, -0.023837896139806775, 0.02383789613980676, 0.}}}, 
 {0, 0}, {{-1.5478860953597788, -1.5353895864150906}, 
  {-6.298205009195899, -1.5603826043044673, -1.5887199002934824}, 
  {-1.5603276169210774, -1.5478311079763891}, {{2, 0.000014125371057202574}}, 
  {{2, 0.004400219583993829}}, {1.834879461604998*^-10, 0.9627880512429112}}}
{9, 32, {{{-0.5228465587467761, 0, -0.001221225129689844, 
    0.0012212251296898518}, {0, 0.9937026592735411, 0.0001920090593950576, 
    0.0001920090593950706}, {-0.001221225129689826, 0.00019200905939498506, 
    6.025014471448126*^-7, 0.0029302730524503333}, 
   {0.0012212251296898394, 0.00019200905939499753, 0.0029302730524503667, 
    6.025014472063953*^-7}}, {{-0.5228465587467761, 0.0012212251296898442, 0, 
    -0.0012212251296898537}, {0.001221225129689813, 6.025014471474147*^-7, 
    0.000192009059394996, 0.002930273052450359}, {0, 0.00019200905939506253, 
    0.9937026592735412, 0.00019200905939503716}, 
   {-0.0012212251296898394, 0.0029302730524503303, 0.00019200905939503943, 
    6.02501447261039*^-7}}, {{-0.5228465587467763, -0.001221225129689817, 
    0.0012212251296898169, 0}, {-0.0012212251296897614, 
    6.025014471014445*^-7, 0.002930273052450311, 0.0001920090593950189}, 
   {0.001221225129689774, 0.002930273052450397, 6.0250144706675*^-7, 
    0.0001920090593950525}, {0, 0.00019200905939504003, 
    0.00019200905939501352, 0.9937026592735414}}}, 
 {{{0., 0.024030050605996417, 0.024030050605996417, 0.024030050605996438}, 
   {-0.024030050605996417, 0., -0.023837373038443327, 0.023837373038443223}, 
   {-0.024030050605996417, 0.023837373038443327, 0., -0.023837373038443212}, 
   {-0.024030050605996438, -0.023837373038443223, 0.023837373038443212, 0.}}, 
  {{0., 0.024030050605996424, 0.02403005060599642, 0.024030050605996483}, 
   {-0.024030050605996424, 0., -0.023837373038443244, 0.02383737303844335}, 
   {-0.02403005060599642, 0.023837373038443244, 0., -0.023837373038443327}, 
   {-0.024030050605996483, -0.02383737303844335, 0.023837373038443327, 0.}}}, 
 {0, 0}, {{-1.5479079968850438, -1.535421616317631}, 
  {-6.2982229310132585, -1.5603943774524542, -1.588717088054175}, 
  {-1.5603443183519827, -1.54785793778457}, {{2, 0.011516309616325174}, 
   {3, 0.0045555564659958}, {4, 0.001806773516587916}, 
   {5, 0.0007174045034022275}, {6, 0.0002849901896103124}, 
   {7, 0.00011323443929388277}, {8, 0.000044994585063712345}}, 
  {{2, 0.0859633777304822}, {3, 0.027805937801609483}, 
   {4, 0.007941911126176916}, {5, 0.00048401523867807575}, 
   {6, 0.002414880328791739}, {7, 0.00355685971242256}, 
   {8, 0.0040090961669692025}}, {1.8346378861016373*^-10, 
   0.9628058320649572}}}
