{5, 20, {{{-0.5247462598112147, 0, -0.00002951634126276141, 
    0.000029516341262157283}, {0, 0.9990782943785873, 0.0001362639449262372, 
    0.00013626394492597963}, {-0.00002951634126264369, 
    0.00013626394492644695, -0.000036232882854406526, 0.0010624217534104402}, 
   {0.000029516341262588077, 0.00013626394492624523, 0.0010624217534099063, 
    -0.00003623288285476171}}, 
  {{-0.5247462598112144, 0.000029516341262665614, 0, 
    -0.00002951634126214329}, {0.000029516341262735064, 
    -0.00003623288285498332, 0.00013626394492644963, 0.0010624217534104458}, 
   {0, 0.00013626394492621393, 0.9990782943785868, 0.00013626394492617316}, 
   {-0.00002951634126260772, 0.0010624217534103608, 0.00013626394492605523, 
    -0.00003623288285413157}}, 
  {{-0.524746259811214, -0.000029516341262843803, 0.000029516341262701396, 
    0}, {-0.000029516341262375855, -0.00003623288285448112, 
    0.0010624217534109005, 0.00013626394492644213}, 
   {0.000029516341262498156, 0.0010624217534110528, -0.000036232882854703163, 
    0.00013626394492629766}, {0, 0.0001362639449261878, 
    0.00013626394492633249, 0.9990782943785868}}}, 
 {{{0, 0.012500851652484747, 0.012500851652484789, 0.012500851652484778}, 
   {-0.012500851652484747, 0, -0.02001949021670575, 0.020019490216706577}, 
   {-0.012500851652484789, 0.02001949021670575, 0, -0.020019490216706532}, 
   {-0.012500851652484778, -0.020019490216706577, 0.020019490216706532, 0}}, 
  {{0, 0.012500851652484806, 0.012500851652484775, 0.012500851652484785}, 
   {-0.012500851652484806, 0, -0.020019490216705314, 0.020019490216706695}, 
   {-0.012500851652484775, 0.020019490216705314, 0, -0.02001949021670652}, 
   {-0.012500851652484785, -0.020019490216706695, 0.02001949021670652, 0}}}, 
 {0, 0}, {{-1.5689261865373079, -1.5645957644973119}, 
  {-6.298611968440274, -1.575963846624384, -1.573342137595753}, 
  {-1.5745588749770028, -1.5702284529370067}, {{2, 0.0030382845086202176}, 
   {3, 0.000669915319118343}, {4, 0.0002873120335337018}}, 
  {{2, 0.007370964827253264}, {3, 0.007492545999734718}, 
   {4, 0.007518638564221452}}, {6.437512503073445*^-11, 0.9944824937405927}}}
