{9, 32, {{{-0.5248328029205045, 0, -0.000022685711423028924, 
    0.00002268571142302117}, {0, 0.9998776659986413, 4.765542418241693*^-6, 
    4.765542419438398*^-6}, {-0.000022685711423017024, 4.765542419971805*^-6, 
    -1.3829645089768854*^-6, 0.000055320722062153937}, 
   {0.000022685711423020795, 4.765542419234717*^-6, 0.000055320722061816445, 
    -1.3829645091013518*^-6}}, {{-0.5248328029205047, 0.00002268571142304014, 
    0, -0.000022685711423027287}, {0.000022685711423015032, 
    -1.3829645091694397*^-6, 4.765542419972114*^-6, 0.00005532072206215421}, 
   {0, 4.765542418238307*^-6, 0.9998776659986416, 4.76554241943543*^-6}, 
   {-0.000022685711423027924, 0.00005532072206180265, 4.7655424192461615*^-6, 
    -1.3829645089669107*^-6}}, 
  {{-0.5248328029205049, -0.00002268571142301899, 0.00002268571142302431, 0}, 
   {-0.000022685711422977028, -1.3829645091846185*^-6, 
    0.00005532072206227397, 4.765542419240584*^-6}, 
   {0.000022685711422990428, 0.00005532072206200092, -1.3829645094387555*^-6, 
    4.76554241925358*^-6}, {0, 4.765542419448105*^-6, 4.7655424194454734*^-6, 
    0.9998776659986416}}}, 
 {{{0., 0.0032796592019911004, 0.0032796592019910926, 0.0032796592019911034}, 
   {-0.0032796592019911004, 0., -0.0033462233571579843, 0.00334622335715743}, 
   {-0.0032796592019910926, 0.0033462233571579843, 0., 
    -0.0033462233571573937}, {-0.0032796592019911034, -0.00334622335715743, 
    0.0033462233571573937, 0.}}, 
  {{0., 0.003279659201991098, 0.003279659201991111, 0.0032796592019911147}, 
   {-0.003279659201991098, 0., -0.003346223357157946, 0.003346223357157456}, 
   {-0.003279659201991111, 0.003346223357157946, 0., -0.003346223357157406}, 
   {-0.0032796592019911147, -0.003346223357157456, 0.003346223357157406, 
    0.}}}, {0, 0}, {{-1.5740994800369688, -1.573860897509455}, 
  {-6.298446875829905, -1.5743380625644812, -1.5748853753504712}, 
  {-1.5743404837069548, -1.574101901179441}, {{2, 0.001563583211432404}, 
   {3, 0.0006121996972293436}, {4, 0.0002397091046999547}, 
   {5, 0.00009386081353041954}, {6, 0.00003675255171973601}, 
   {7, 0.000014391035040461735}, {8, 5.635041195668766*^-6}}, 
  {{2, 0.10215005145942309}, {3, 0.04241310679120654}, 
   {4, 0.0221334826114442}, {5, 0.01460031296609698}, 
   {6, 0.011709539240941733}, {7, 0.010586449695916798}, 
   {8, 0.010148029271774297}}, {1.4038786130754051*^-15, 0.9992662204393544}}}
