{11, 25, {{{-0.523647977112392, 0, -0.0008987148545871572, 
    0.0008987148545870782}, {0, 0.9947776094572895, 0.000465986025116726, 
    0.00046598602511669794}, {-0.0008987148545871544, 0.0004659860251170035, 
    -0.00034820254099260893, 0.002136221655145794}, 
   {0.0008987148545870761, 0.0004659860251166889, 0.0021362216551457586, 
    -0.0003482025409926289}}, {{-0.5236479771123921, 0.0008987148545871547, 
    0, -0.0008987148545870737}, {0.0008987148545871542, 
    -0.0003482025409926662, 0.00046598602511696384, 0.0021362216551458683}, 
   {0, 0.0004659860251166994, 0.9947776094572895, 0.0004659860251166412}, 
   {-0.0008987148545870742, 0.0021362216551457035, 0.0004659860251167066, 
    -0.0003482025409924927}}, {{-0.5236479771123923, -0.0008987148545872313, 
    0.0008987148545872323, 0}, {-0.000898714854587242, 
    -0.00034820254099359165, 0.0021362216551465757, 0.00046598602511696606}, 
   {0.0008987148545872149, 0.0021362216551466763, -0.00034820254099365844, 
    0.00046598602511698173}, {0, 0.000465986025116964, 0.0004659860251169177, 
    0.9947776094572898}}}, 
 {{{0., 0.03747973191817432, 0.03747973191817434, 0.0374797319181743}, 
   {-0.03747973191817432, 0., -0.045603472264188726, 0.04560347226418879}, 
   {-0.03747973191817434, 0.045603472264188726, 0., -0.045603472264188864}, 
   {-0.0374797319181743, -0.04560347226418879, 0.045603472264188864, 0.}}, 
  {{0., 0.0374797319181743, 0.03747973191817433, 0.03747973191817432}, 
   {-0.0374797319181743, 0., -0.04560347226418873, 0.04560347226418879}, 
   {-0.03747973191817433, 0.04560347226418873, 0., -0.04560347226418886}, 
   {-0.03747973191817432, -0.04560347226418879, 0.04560347226418886, 0.}}}, 
 {0, 0}, {{-1.5539706795337402, -1.5409873195464727}, 
  {-1.5746058948069903, -0.7834770197605039, -0.003825927642991278}, 
  {-1.5683611126236874, -1.5553777526364199}, {{2, 0.010828152580307691}, 
   {3, 0.004308344336998587}, {4, 0.0017273503201486323}, 
   {5, 0.000695077653452586}, {6, 0.0002801283220289566}, 
   {7, 0.00011296819952202886}, {8, 0.000045568770322010343}, 
   {9, 0.00001838330897958179}, {10, 7.416488887843076*^-6}}, 
  {{2, 0.10880265717628057}, {3, 0.10858262438569306}, 
   {4, 0.10846404792150255}, {5, 0.1084116230376462}, 
   {6, 0.10838974394779868}, {7, 0.10838079951184532}, 
   {8, 0.10837717187519233}, {9, 0.10837570522247005}, 
   {10, 0.10837511300217818}}, {8.994716250420663*^-9, 0.9690719196796462}}}
