{6, 32, {{{-0.5248704764620091, 0, -5.10331456169131*^-8, 
    5.103314560812656*^-8}, {0, 0.9999997248982628, 1.0530607209289914*^-8, 
    1.053060710958339*^-8}, {-5.103314558518036*^-8, 1.0530607361536433*^-8, 
    -2.9095071616726254*^-9, 1.2455286306194738*^-7}, 
   {5.103314561004634*^-8, 1.0530607312387346*^-8, 1.2455286296792418*^-7, 
    -2.9095070788395794*^-9}}, {{-0.5248704764620092, 5.103314562093493*^-8, 
    0, -5.103314561117756*^-8}, {5.103314558178504*^-8, 
    -2.909507199836542*^-9, 1.0530607363152949*^-8, 1.2455286303094343*^-7}, 
   {0, 1.053060721016251*^-8, 0.9999997248982627, 1.0530607266315739*^-8}, 
   {-5.1033145610436225*^-8, 1.245528632468413*^-7, 1.0530607159572188*^-8, 
    -2.9095071352180923*^-9}}, {{-0.524870476462009, -5.1033145579280526*^-8, 
    5.1033145585233606*^-8, 0}, {-5.103314551683706*^-8, 
    -2.90950698429715*^-9, 1.2455286296575085*^-7, 1.0530607313916022*^-8}, 
   {5.1033145530538896*^-8, 1.245528627641143*^-7, -2.9095069686846387*^-9, 
    1.0530607154881226*^-8}, {0, 1.0530607106848472*^-8, 
    1.0530607269509367*^-8, 0.9999997248982624}}}, 
 {{{0., 0.0001557698980098943, 0.00015576989800987603, 
    0.0001557698980098808}, {-0.0001557698980098943, 0., 
    -0.0001585883963901171, 0.00015858839639019447}, 
   {-0.00015576989800987603, 0.0001585883963901171, 0., 
    -0.00015858839639032305}, {-0.0001557698980098808, 
    -0.00015858839639019447, 0.00015858839639032305, 0.}}, 
  {{0., 0.00015576989800989997, 0.0001557698980098824, 
    0.00015576989800988075}, {-0.00015576989800989997, 0., 
    -0.00015858839639014866, 0.0001585883963902221}, 
   {-0.0001557698980098824, 0.00015858839639014866, 0., 
    -0.00015858839639024914}, {-0.00015576989800988075, 
    -0.0001585883963902221, 0.00015858839639024914, 0.}}}, {0, 0}, 
 {{-1.5746105293977153, -1.5746099897949608}, 
  {-6.29844674813006, -1.574611069000471, -1.574612305064559}, 
  {-1.574611073882253, -1.5746105342794985}, {{2, 0.00007490296459204454}, 
   {3, 0.000029321535289662977}, {4, 0.000011478217504307304}, 
   {5, 4.493266862978329*^-6}}, {{2, 0.09564429991932694}, 
   {3, 0.036554094499332085}, {4, 0.016496292315083122}, 
   {5, 0.009046993085096924}}, {1.5908471193357425*^-23, 0.9999983493907112}}}
