{3, 28, {{{-0.5248753380455464, 0, 3.8515867471524454*^-8, 
    -3.851586747638081*^-8}, {0, 0.9999997974690416, -6.24489559824259*^-8, 
    -6.244895612634934*^-8}, {3.851586745853941*^-8, -6.244895619145263*^-8, 
    7.724461334804311*^-8, 1.589258258170336*^-7}, 
   {-3.851586747642431*^-8, -6.244895616068147*^-8, 1.589258257710477*^-7, 
    7.724461355794465*^-8}}, {{-0.5248753380455465, -3.851586746682052*^-8, 
    0, 3.851586747575875*^-8}, {-3.8515867454807564*^-8, 
    7.724461344171818*^-8, -6.244895618629016*^-8, 1.5892582585049684*^-7}, 
   {0, -6.244895597453278*^-8, 0.9999997974690418, -6.244895613397015*^-8}, 
   {3.851586747653513*^-8, 1.589258257864224*^-7, -6.244895615097185*^-8, 
    7.724461323355136*^-8}}, {{-0.5248753380455465, 3.851586745702844*^-8, 
    -3.851586745849183*^-8, 0}, {3.851586743997217*^-8, 
    7.724461339314592*^-8, 1.589258257587864*^-7, -6.244895616030401*^-8}, 
   {-3.851586744108936*^-8, 1.5892582564440647*^-7, 7.724461345559597*^-8, 
    -6.244895615206502*^-8}, {0, -6.24489561302238*^-8, 
    -6.244895613443607*^-8, 0.9999997974690417}}}, 
 {{{0., 0.00021705546942515162, 0.00021705546942514444, 
    0.00021705546942514997}, {-0.00021705546942515162, 0., 
    0.00008593564882359377, -0.00008593564882366596}, 
   {-0.00021705546942514444, -0.00008593564882359377, 0., 
    0.00008593564882366814}, {-0.00021705546942514997, 
    0.00008593564882366596, -0.00008593564882366814, 0.}}, 
  {{0., 0.0002170554694251394, 0.00021705546942515496, 
    0.0002170554694251506}, {-0.0002170554694251394, 0., 
    0.00008593564882356537, -0.00008593564882365909}, 
   {-0.00021705546942515496, -0.00008593564882356537, 0., 
    0.0000859356488236484}, {-0.0002170554694251506, 0.00008593564882365909, 
    -0.0000859356488236484, 0.}}}, {0, 0}, 
 {{-1.5746183175433317, -1.5746107985213094}, 
  {-6.298922211720843, -1.5746258365653543, -1.5748352692950671}, 
  {-1.5746205886052433, -1.574613069583221}, {{2, 0.000010364531402886604}}, 
  {{2, 0.0012119644729951277}}, {4.027542776311315*^-25, 0.9999987848148651}}}
