{27, 40, {{{-0.5246193991404454, 0, -0.0001537072088776553, 
    0.00015370720887764364}, {0, 0.9991658659913853, 0.00003790788972332095, 
    0.00003790788972341025}, {-0.00015370720887761068, 
    0.000037907889723566945, -0.000015358466242532468, 
    0.00037252596417203823}, {0.0001537072088776528, 0.0000379078897233425, 
    0.00037252596417192173, -0.00001535846624252206}}, 
  {{-0.5246193991404453, 0.00015370720887766137, 0, -0.00015370720887764337}, 
   {0.00015370720887761334, -0.00001535846624249517, 0.00003790788972356986, 
    0.0003725259641720479}, {0, 0.000037907889723309027, 0.9991658659913852, 
    0.00003790788972339995}, {-0.0001537072088776601, 0.0003725259641719175, 
    0.00003790788972335489, -0.00001535846624253767}}, 
  {{-0.5246193991404459, -0.00015370720887762174, 0.00015370720887762553, 0}, 
   {-0.000153707208877551, -0.000015358466242789207, 0.00037252596417207753, 
    0.00003790788972334668}, {0.00015370720887755647, 0.00037252596417206463, 
    -0.000015358466242759716, 0.000037907889723363955}, 
   {0, 0.000037907889723396264, 0.000037907889723392226, 
    0.999165865991386}}}, 
 {{{0., 0.01686526943783599, 0.01686526943783597, 0.016865269437836096}, 
   {-0.01686526943783599, 0., -0.017573808827376414, 0.017573808827376313}, 
   {-0.01686526943783597, 0.017573808827376414, 0., -0.01757380882737633}, 
   {-0.016865269437836096, -0.017573808827376313, 0.01757380882737633, 0.}}, 
  {{0., 0.016865269437836002, 0.016865269437835985, 0.016865269437836103}, 
   {-0.016865269437836002, 0., -0.017573808827376428, 0.017573808827376514}, 
   {-0.016865269437835985, 0.017573808827376428, 0., -0.01757380882737651}, 
   {-0.016865269437836103, -0.017573808827376514, 0.01757380882737651, 0.}}}, 
 {0, 0}, {{-1.571061780429788, -1.5687248601458164}, 
  {-6.298425328565225, -1.573398700713763, -1.5758139635688493}, 
  {-1.5734477897626356, -1.571110869478664}, {{2, 0.002864954200838375}, 
   {3, 0.0022448286286782535}, {4, 0.0017589825180445388}, 
   {5, 0.0013783374066518896}, {6, 0.0010801033676967504}, 
   {7, 0.0008464271243494945}, {8, 0.0006633251622141477}, 
   {9, 0.000519845255051327}, {10, 0.00040740896722828157}, 
   {11, 0.00031929664125947277}, {12, 0.0002502441865590149}, 
   {13, 0.00019612744325475315}, {14, 0.00015371509147713708}, 
   {15, 0.00012047519768244516}, {16, 0.00009442373253916447}, 
   {17, 0.00007400593658614396}, {18, 0.00005800339808130148}, 
   {19, 0.00004546126153248328}, {20, 0.000035631199950137554}, 
   {21, 0.00002792673322525932}, {22, 0.00002188821733831864}, 
   {23, 0.00001715540970713067}, {24, 0.000013445970264425178}, 
   {25, 0.000010538613405722957}, {26, 8.25990430200832*^-6}}, 
  {{2, 0.8466906329972437}, {3, 0.5018580450892844}, 
   {4, 0.33448672028182225}, {5, 0.2379207737621618}, 
   {6, 0.17658728553424702}, {7, 0.13522381848161547}, 
   {8, 0.10618797973898371}, {9, 0.08522780094435652}, 
   {10, 0.06978986072817486}, {11, 0.058249996158157735}, 
   {12, 0.049528306536139245}, {13, 0.04288146528039201}, 
   {14, 0.03778366990431228}, {15, 0.03385487744076425}, 
   {16, 0.030815666639568712}, {17, 0.02845780023619274}, 
   {18, 0.026624421416654158}, {19, 0.02519637308154156}, 
   {20, 0.02408253085386123}, {21, 0.02321284053640582}, 
   {22, 0.022533222542198687}, {23, 0.022001792821558553}, 
   {24, 0.021586029361440374}, {25, 0.0212606286319662}, 
   {26, 0.021005872220186315}}, {2.9457466083007075*^-11, 
   0.9950056210412697}}}
