{3, 28, {{{-0.5218722947481705, 0, -0.0021664287276613996, 
    0.0021664287276613545}, {0, 0.9880107258142087, 0.0009548335236782472, 
    0.0009548335236782494}, {-0.002166428727661348, 0.0009548335236782854, 
    -0.0006447999560162641, 0.005085175467583158}, 
   {0.0021664287276613775, 0.0009548335236782347, 0.005085175467583163, 
    -0.0006447999560161592}}, {{-0.5218722947481707, 0.0021664287276614014, 
    0, -0.0021664287276613597}, {0.0021664287276613355, 
    -0.0006447999560162529, 0.0009548335236782924, 0.005085175467583137}, 
   {0, 0.000954833523678238, 0.9880107258142086, 0.0009548335236782711}, 
   {-0.002166428727661376, 0.00508517546758316, 0.0009548335236782177, 
    -0.0006447999560161011}}, {{-0.5218722947481707, -0.002166428727661349, 
    0.002166428727661339, 0}, {-0.0021664287276612912, 
    -0.0006447999560163136, 0.005085175467583188, 0.0009548335236782743}, 
   {0.002166428727661295, 0.005085175467583227, -0.0006447999560163231, 
    0.0009548335236782606}, {0, 0.0009548335236782151, 0.0009548335236782144, 
    0.9880107258142087}}}, 
 {{{0., 0.029291373479268065, 0.029291373479268072, 0.02929137347926812}, 
   {-0.029291373479268065, 0., -0.03429358762288283, 0.03429358762288268}, 
   {-0.029291373479268072, 0.03429358762288283, 0., -0.03429358762288269}, 
   {-0.02929137347926812, -0.03429358762288268, 0.03429358762288269, 0.}}, 
  {{0., 0.029291373479268076, 0.02929137347926806, 0.029291373479268138}, 
   {-0.029291373479268076, 0., -0.03429358762288268, 0.03429358762288291}, 
   {-0.02929137347926806, 0.03429358762288268, 0., -0.034293587622882926}, 
   {-0.029291373479268138, -0.03429358762288291, 0.034293587622882926, 0.}}}, 
 {0, 0}, {{-1.529126568994479, -1.508832910158651}, 
  {-6.2976768782781285, -1.549420227830306, -1.5994182113087583}, 
  {-1.5511530456397222, -1.5308593868038942}, {{2, 0.00020794410313294126}}, 
  {{2, 0.08538715583199226}}, {1.6265878621114633*^-9, 0.9301863363520876}}}
