{3, 28, {{{-0.5241473739083499, 0, -0.0005105336861646108, 
    0.0005105336861645925}, {0, 0.9970667932202018, 0.00023620858341963336, 
    0.00023620858341961537}, {-0.0005105336861645723, 0.0002362085834198237, 
    -0.00016864935521337596, 0.0012176198071059588}, 
   {0.0005105336861646193, 0.00023620858341964486, 0.001217619807105835, 
    -0.00016864935521337075}}, {{-0.5241473739083498, 0.0005105336861646141, 
    0, -0.0005105336861645841}, {0.0005105336861645707, 
    -0.00016864935521353208, 0.00023620858341982635, 0.001217619807105897}, 
   {0, 0.00023620858341964608, 0.9970667932202018, 0.00023620858341966722}, 
   {-0.0005105336861646158, 0.001217619807105875, 0.00023620858341960891, 
    -0.0001686493552132684}}, {{-0.5241473739083502, -0.0005105336861645719, 
    0.0005105336861645659, 0}, {-0.0005105336861645109, 
    -0.00016864935521344188, 0.0012176198071058558, 0.000236208583419659}, 
   {0.0005105336861645081, 0.0012176198071059308, -0.00016864935521354596, 
    0.00023620858341960097}, {0, 0.00023620858341960845, 
    0.00023620858341965532, 0.997066793220202}}}, 
 {{{0., 0.014405564825833918, 0.014405564825833921, 0.014405564825833939}, 
   {-0.014405564825833918, 0., -0.01696764078084132, 0.01696764078084119}, 
   {-0.014405564825833921, 0.01696764078084132, 0., -0.016967640780841158}, 
   {-0.014405564825833939, -0.01696764078084119, 0.016967640780841158, 0.}}, 
  {{0., 0.014405564825833928, 0.014405564825833923, 0.014405564825833961}, 
   {-0.014405564825833928, 0., -0.016967640780841224, 0.016967640780841287}, 
   {-0.014405564825833923, 0.016967640780841224, 0., -0.016967640780841287}, 
   {-0.014405564825833961, -0.016967640780841287, 0.016967640780841287, 
    0.}}}, {0, 0}, {{-1.563462150688605, -1.5584719166505914}, 
  {-6.298444053247126, -1.5684523847266196, -1.5807696418969432}, 
  {-1.5688961492993116, -1.563905915261298}, {{2, 0.00010431143360611211}}, 
  {{2, 0.08892660530785523}}, {2.3863204738760398*^-11, 0.9825293112317184}}}
