{5, 40, {{{-0.5248064528996296, 0, -0.000033964221423697684, 
    0.00003396422142434951}, {0, 0.999842681696433, -3.45744938272351*^-6, 
    -3.4574493822675954*^-6}, {-0.00003396422142397267, 
    -3.4574493824171594*^-6, 7.810018095061495*^-7, 0.000266470956256071}, 
   {0.00003396422142363976, -3.4574493823692656*^-6, 0.0002664709562547779, 
    7.810018094204976*^-7}}, {{-0.52480645289963, 0.00003396422142391051, 0, 
    -0.000033964221424319515}, {0.0000339642214237753, 7.810018100326381*^-7, 
    -3.4574493824204713*^-6, 0.00026647095625515464}, 
   {0, -3.4574493827474895*^-6, 0.9998426816964341, -3.4574493820380766*^-6}, 
   {-0.0000339642214236296, 0.0002664709562559025, -3.457449382631092*^-6, 
    7.810018092510368*^-7}}, {{-0.5248064528996306, -0.000033964221423921335, 
    0.00003396422142367135, 0}, {-0.000033964221423683576, 
    7.810018092845386*^-7, 0.00026647095625577974, -3.4574493823780205*^-6}, 
   {0.000033964221423907904, 0.00026647095625375076, 7.8100180991858*^-7, 
    -3.457449382588846*^-6}, {0, -3.457449382391458*^-6, 
    -3.4574493821745027*^-6, 0.9998426816964328}}}, 
 {{{0, 0.008441055262974954, 0.008441055262974981, 0.008441055262974888}, 
   {-0.008441055262974954, 0, -0.007175280536006362, 0.007175280536006117}, 
   {-0.008441055262974981, 0.007175280536006362, 0, -0.007175280536005926}, 
   {-0.008441055262974888, -0.007175280536006117, 0.007175280536005926, 0}}, 
  {{0, 0.008441055262974902, 0.008441055262974933, 0.008441055262974997}, 
   {-0.008441055262974902, 0, -0.007175280536006574, 0.007175280536006291}, 
   {-0.008441055262974933, 0.007175280536006574, 0, -0.0071752805360062455}, 
   {-0.008441055262974997, -0.007175280536006291, 0.0071752805360062455, 
    0}}}, {0, 0}, {{-1.5729233942996381, -1.5714613606411394}, 
  {-6.298430468388939, -1.5749034979752736, -1.5743117362191958}, 
  {-1.5742758086512327, -1.572813774992734}, {{2, 0.0014597961162618172}, 
   {3, 0.0003173364800962688}, {4, 0.00007115829709360713}}, 
  {{2, 0.0013335473617962876}, {3, 0.0012778722995462582}, 
   {4, 0.0012657747269686898}}, {1.3646878141370805*^-13, 
   0.9990564613364686}}}
