{4, 28, {{{-0.5246284080638113, 0, -0.00013568280870033384, 
    0.00013568280870078977}, {0, 0.9993801371582929, 
    -0.000014294040429306476, -0.000014294040429333142}, 
   {-0.00013568280870086247, -0.000014294040429354074, 
    0.000034849408876295876, 0.0007837373500692222}, 
   {0.00013568280870008943, -0.000014294040429563723, 0.0007837373500696634, 
    0.00003484940887630889}}, {{-0.5246284080638108, 0.00013568280870049484, 
    0, -0.0001356828087007806}, {0.00013568280870062996, 
    0.0000348494088757258, -0.000014294040429352183, 0.0007837373500692301}, 
   {0, -0.000014294040429350803, 0.9993801371582927, 
    -0.000014294040429675374}, {-0.00013568280870006422, 
    0.0007837373500697492, -0.000014294040429339034, 0.0000348494088766374}}, 
  {{-0.5246284080638121, -0.0001356828087004803, 0.00013568280870030746, 0}, 
   {-0.00013568280870058483, 0.000034849408876914956, 0.0007837373500704083, 
    -0.00001429404042955785}, {0.00013568280870079834, 0.000783737350070291, 
    0.000034849408876547194, -0.000014294040429384123}, 
   {0, -0.00001429404042936375, -0.000014294040429413983, 
    0.999380137158293}}}, 
 {{{0, 0.016783699816224046, 0.016783699816224053, 0.016783699816224053}, 
   {-0.016783699816224046, 0, -0.014226253504365757, 0.014226253504365908}, 
   {-0.016783699816224053, 0.014226253504365757, 0, -0.014226253504365988}, 
   {-0.016783699816224053, -0.014226253504365908, 0.014226253504365988, 0}}, 
  {{0, 0.01678369981622405, 0.01678369981622402, 0.016783699816224087}, 
   {-0.01678369981622405, 0, -0.014226253504365578, 0.014226253504365977}, 
   {-0.01678369981622402, 0.014226253504365578, 0, -0.014226253504365998}, 
   {-0.016783699816224087, -0.014226253504365977, 0.014226253504365998, 0}}}, 
 {0, 0}, {{-1.5679406647982714, -1.5621266206341358}, 
  {-6.298559898042744, -1.575796345201406, -1.573483603819966}, 
  {-1.5733117462674315, -1.5674977021032959}, {{2, 0.002926270904354173}, 
   {3, 0.0006400060290015427}}, {{2, 0.0026646830938353893}, 
   {3, 0.002557446311858184}}, {8.289784865336495*^-12, 0.9962865816377117}}}
