{11, 32, {{{-0.521614180406411, 0, -0.0020162367490457766, 
    0.0020162367490457805}, {0, 0.9897532866551243, 0.0003392281512473172, 
    0.0003392281512472552}, {-0.002016236749045747, 0.0003392281512472632, 
    -0.000017279048335236673, 0.004773683755890617}, 
   {0.0020162367490457666, 0.0003392281512472628, 0.004773683755890595, 
    -0.00001727904833519634}}, {{-0.5216141804064109, 0.0020162367490457744, 
    0, -0.002016236749045778}, {0.002016236749045755, 
    -0.000017279048335291317, 0.00033922815124724933, 0.004773683755890613}, 
   {0, 0.00033922815124730744, 0.9897532866551244, 0.0003392281512472825}, 
   {-0.002016236749045766, 0.004773683755890635, 0.0003392281512472494, 
    -0.000017279048335178127}}, {{-0.521614180406411, -0.0020162367490457384, 
    0.002016236749045745, 0}, {-0.0020162367490457155, 
    -0.000017279048335313435, 0.004773683755890677, 0.00033922815124729085}, 
   {0.0020162367490457076, 0.004773683755890639, -0.00001727904833534466, 
    0.000339228151247267}, {0, 0.00033922815124722537, 0.0003392281512472452, 
    0.9897532866551247}}}, 
 {{{0., 0.030496197308947842, 0.03049619730894783, 0.030496197308947856}, 
   {-0.030496197308947842, 0., -0.030482429022034296, 0.030482429022034192}, 
   {-0.03049619730894783, 0.030482429022034296, 0., -0.030482429022034185}, 
   {-0.030496197308947856, -0.030482429022034192, 0.030482429022034185, 0.}}, 
  {{0., 0.03049619730894782, 0.03049619730894782, 0.03049619730894791}, 
   {-0.03049619730894782, 0., -0.030482429022034217, 0.030482429022034373}, 
   {-0.03049619730894782, 0.030482429022034217, 0., -0.030482429022034362}, 
   {-0.03049619730894791, -0.030482429022034373, 0.030482429022034362, 0.}}}, 
 {0, 0}, {{-1.5315261364132486, -1.5114541704060867}, 
  {-6.297819640591005, -1.5515981024204117, -1.5973117178750906}, 
  {-1.551593571419642, -1.53152160541248}, {{2, 0.014653830914635207}, 
   {3, 0.00583645561991851}, {4, 0.002334903029506924}, 
   {5, 0.0009359225068454463}, {6, 0.00037546164859798836}, 
   {7, 0.00015067308855616635}, {8, 0.00006047335979328383}, 
   {9, 0.000024272581016109018}, {10, 9.74265320023704*^-6}}, 
  {{2, 0.0911654906513798}, {3, 0.032446445568930865}, 
   {4, 0.012306347170734828}, {5, 0.004689934335755879}, 
   {6, 0.0017035007230589965}, {7, 0.0005158885187105222}, 
   {8, 0.00004096490962757565}, {9, 0.0001493805790764165}, 
   {10, 0.00022573776615644053}}, {8.022272820847053*^-10, 
   0.940073294528511}}}
