{3, 20, {{{-0.5248728421972155, 0, -5.281851962088301*^-6, 
    5.281851961972532*^-6}, {0, 0.9999654731567934, 1.4591932239710208*^-6, 
    1.4591932232154606*^-6}, {-5.281851963287535*^-6, 1.459193222138055*^-6, 
    -9.888814631736631*^-9, 0.00020468298865185507}, 
   {5.281851962686436*^-6, 1.4591932224628786*^-6, 0.00020468298864955564, 
    -9.888810914224222*^-9}}, {{-0.5248728421972156, 5.281851962766742*^-6, 
    0, -5.2818519620234825*^-6}, {5.281851962550268*^-6, 
    -9.888813636005356*^-9, 1.4591932222376797*^-6, 0.00020468298865151767}, 
   {0, 1.4591932238798326*^-6, 0.9999654731567946, 1.459193223284797*^-6}, 
   {-5.281851962634328*^-6, 0.0002046829886484066, 1.4591932223758384*^-6, 
    -9.888813989888945*^-9}}, {{-0.524872842197216, -5.2818519631293924*^-6, 
    5.28185196245601*^-6, 0}, {-5.281851962014076*^-6, 
    -9.888815981351495*^-9, 0.00020468298865230448, 1.4591932235629237*^-6}, 
   {5.2818519627083375*^-6, 0.0002046829886464261, -9.888815821756936*^-9, 
    1.4591932236821461*^-6}, {0, 1.459193222410759*^-6, 
    1.4591932222595926*^-6, 0.9999654731567947}}}, 
 {{{0., 0.00345281649913891, 0.003452816499138869, 0.0034528164991389546}, 
   {-0.00345281649913891, 0., -0.0035622607689625497, 0.0035622607689613263}, 
   {-0.003452816499138869, 0.0035622607689625497, 0., -0.003562260768961402}, 
   {-0.0034528164991389546, -0.0035622607689613263, 0.003562260768961402, 
    0.}}, {{0., 0.0034528164991388705, 0.0034528164991388935, 
    0.003452816499138845}, {-0.0034528164991388705, 0., -0.00356226076896367, 
    0.0035622607689610617}, {-0.0034528164991388935, 0.00356226076896367, 0., 
    -0.0035622607689614902}, {-0.003452816499138845, -0.0035622607689610617, 
    0.0035622607689614902, 0.}}}, {0, 0}, 
 {{-1.5745879649027896, -1.574576003995578}, {-0.7873250716155645, 
   -0.39367797987619824, 0.00001544406841597068}, 
  {-1.574600115373037, -1.5745881544658253}, {{2, 0.00001177956538445709}}, 
  {{2, 0.00010944426982302624}}, {2.0434040427681556*^-15, 
   0.9997928568214858}}}
