{3, 40, {{{-0.000028574035524298754, 0, -7.937770332117456*^-6, 
    7.93777033211501*^-6}, {0, 0.00004340861902047843, 5.204786114800622*^-7, 
    5.20478611483035*^-7}, {-7.937770332114776*^-6, 5.20478611477595*^-7, 
    -7.41729169179501*^-6, 0.000027533078219945422}, 
   {7.937770332115518*^-6, 5.20478611480699*^-7, 0.0000275330782199471, 
    -7.417291691796619*^-6}}, {{-0.0000285740355243009, 
    7.937770332117328*^-6, 0, -7.937770332116469*^-6}, 
   {7.937770332117262*^-6, -7.4172916917973525*^-6, 5.204786114771192*^-7, 
    0.000027533078219947835}, {0, 5.204786114787802*^-7, 
    0.00004340861902047898, 5.20478611478962*^-7}, 
   {-7.937770332117236*^-6, 0.000027533078219946856, 5.204786114807934*^-7, 
    -7.417291691795267*^-6}}, {{-0.000028574035524301943, 
    -7.937770332117118*^-6, 7.937770332115322*^-6, 0}, 
   {-7.937770332118605*^-6, -7.4172916917954424*^-6, 0.000027533078219947963, 
    5.204786114789717*^-7}, {7.937770332113718*^-6, 0.000027533078219943454, 
    -7.417291691793494*^-6, 5.204786114828517*^-7}, 
   {0, 5.204786114849153*^-7, 5.204786114806325*^-7, 
    0.00004340861902047492}}}, 
 {{{0., 0.5773502683734035, 0.5773502683734035, 0.5773502683734046}, 
   {-0.5773502683734035, 0., -0.5773502680226186, 0.5773502680226175}, 
   {-0.5773502683734035, 0.5773502680226186, 0., -0.5773502680226175}, 
   {-0.5773502683734046, -0.5773502680226175, 0.5773502680226175, 0.}}, 
  {{0., 0.577350268373403, 0.5773502683734032, 0.5773502683734054}, 
   {-0.577350268373403, 0., -0.5773502680226194, 0.5773502680226171}, 
   {-0.5773502683734032, 0.5773502680226194, 0., -0.577350268022617}, 
   {-0.5773502683734054, -0.5773502680226171, 0.577350268022617, 0.}}}, 
 {0, 0}, {{-0.220000001996318, 0.5599999969009667}, 
  {-5.5600000007646235, -1.0000000008936027, -1.779999999488709}, 
  {-1.0000000006566472, -0.2200000017593624}, {{2, 6.95259420320095*^-6}}, 
  {{2, 3.037896295996652*^-10}}, {0.037037036587855475, 
   6.690457523996291*^-27}}}
