{3, 28, {{{-0.5248753693096255, 0, 2.4280048163109398*^-8, 
    -2.4280048178605432*^-8}, {0, 0.9999998547110274, -5.538756062327567*^-8, 
    -5.5387560989365516*^-8}, {2.4280048166290248*^-8, 
    -5.538756097689636*^-8, 6.738707907655295*^-8, 1.24148604982345*^-7}, 
   {-2.4280048176014213*^-8, -5.5387560732375283*^-8, 1.2414860515951534*^-7, 
    6.738707881287498*^-8}}, {{-0.5248753693096253, -2.428004817047709*^-8, 
    0, 2.428004817993636*^-8}, {-2.428004817275961*^-8, 
    6.738707897940843*^-8, -5.538756097465628*^-8, 1.241486049644536*^-7}, 
   {0, -5.5387560626470496*^-8, 0.9999998547110274, -5.538756101035171*^-8}, 
   {2.4280048176355133*^-8, 1.2414860509435236*^-7, -5.5387560704309654*^-8, 
    6.738707883369166*^-8}}, {{-0.5248753693096255, 2.428004816868531*^-8, 
    -2.4280048160121654*^-8, 0}, {2.428004815388293*^-8, 
    6.738707894731605*^-8, 1.2414860487923563*^-7, -5.53875607317799*^-8}, 
   {-2.4280048155841018*^-8, 1.2414860503902355*^-7, 6.738707894471396*^-8, 
    -5.538756070322073*^-8}, {0, -5.5387560990917995*^-8, 
    -5.538756100792434*^-8, 0.9999998547110277}}}, 
 {{{0., 0.00019547121816684284, 0.0001954712181668446, 
    0.00019547121816684512}, {-0.00019547121816684284, 0., 
    0.000060154947628409384, -0.00006015494762833565}, 
   {-0.0001954712181668446, -0.000060154947628409384, 0., 
    0.00006015494762837162}, {-0.00019547121816684512, 
    0.00006015494762833565, -0.00006015494762837162, 0.}}, 
  {{0., 0.00019547121816685618, 0.00019547121816684476, 
    0.00019547121816684468}, {-0.00019547121816685618, 0., 
    0.000060154947628302726, -0.00006015494762836586}, 
   {-0.00019547121816684476, -0.000060154947628302726, 0., 
    0.00006015494762839555}, {-0.00019547121816684468, 
    0.00006015494762836586, -0.00006015494762839555, 0.}}}, {0, 0}, 
 {{-1.5746192224584337, -1.5746124511368067}, 
  {-6.298827964644013, -1.5746259937800582, -1.5747879885419482}, 
  {-1.5746215662049903, -1.5746147948833633}, {{2, 3.457752561725289*^-7}}, 
  {{2, 0.0010225046631808393}}, {4.738360706129924*^-26, 0.9999991282664815}}}
