{10, 32, {{{-0.5246573873223672, 0, -0.0001291219345996494, 
    0.0001291219345996578}, {0, 0.9993041316531097, 0.000028228523417920458, 
    0.00002822852341769356}, {-0.00012912193459961954, 
    0.00002822852341784527, -9.016385611009415*^-6, 0.0003139531475217759}, 
   {0.00012912193459961403, 0.000028228523417587066, 0.00031395314752161743, 
    -9.016385610983828*^-6}}, {{-0.5246573873223672, 0.00012912193459964886, 
    0, -0.00012912193459964916}, {0.00012912193459960875, 
    -9.016385610975588*^-6, 0.000028228523417851435, 0.0003139531475216423}, 
   {0, 0.000028228523417918994, 0.9993041316531097, 0.000028228523417811214}, 
   {-0.00012912193459961078, 0.0003139531475217476, 0.000028228523417467576, 
    -9.01638561101592*^-6}}, {{-0.5246573873223678, -0.00012912193459961788, 
    0.00012912193459960252, 0}, {-0.00012912193459955682, 
    -9.016385611155565*^-6, 0.0003139531475219546, 0.00002822852341760459}, 
   {0.0001291219345995432, 0.0003139531475216662, -9.016385611182454*^-6, 
    0.000028228523417478303}, {0, 0.000028228523417686094, 
    0.000028228523417823005, 0.9993041316531108}}}, 
 {{{0., 0.007793213676929913, 0.007793213676929914, 0.007793213676929927}, 
   {-0.007793213676929913, 0., -0.007992078154710112, 0.00799207815470998}, 
   {-0.007793213676929914, 0.007992078154710112, 0., -0.007992078154709968}, 
   {-0.007793213676929927, -0.00799207815470998, 0.007992078154709968, 0.}}, 
  {{0., 0.007793213676929908, 0.007793213676929913, 0.0077932136769299455}, 
   {-0.007793213676929908, 0., -0.00799207815471015, 0.00799207815471008}, 
   {-0.007793213676929913, 0.00799207815471015, 0., -0.00799207815470997}, 
   {-0.0077932136769299455, -0.00799207815471008, 0.00799207815470997, 0.}}}, 
 {0, 0}, {{-1.5717092628946787, -1.5703594386904085}, 
  {-6.2984444655343275, -1.5730590870989465, -1.5761631456682172}, 
  {-1.5730763092679139, -1.5717264850636437}, {{2, 0.0037161022442708906}, 
   {3, 0.0014563217864295031}, {4, 0.0005708696877023481}, 
   {5, 0.00022380217909386685}, {6, 0.00008774270976463251}, 
   {7, 0.000034400558282372123}, {8, 0.000013487236744418735}, 
   {9, 5.287880915465226*^-6}}, {{2, 0.10549250951550065}, 
   {3, 0.045416547262367137}, {4, 0.02501094496939755}, 
   {5, 0.017423923004149904}, {6, 0.014509229193823034}, 
   {7, 0.013375482078574728}, {8, 0.012932350393924971}, 
   {9, 0.012758823639650571}}, {2.6059035246037275*^-13, 0.9958320466742749}}}
