{11, 40, {{{-0.5242751529302412, 0, -0.0003561599315854854, 
    0.0003561599315855244}, {0, 0.9981074236803034, 0.00006724474542423132, 
    0.00006724474542402952}, {-0.0003561599315854956, 0.00006724474542406234, 
    -0.000013033018162773337, 0.0008648477691124857}, 
   {0.00035615993158549114, 0.00006724474542404968, 0.0008648477691125427, 
    -0.000013033018162734306}}, 
  {{-0.5242751529302411, 0.00035615993158551954, 0, -0.0003561599315855327}, 
   {0.0003561599315855165, -0.000013033018162827113, 0.00006724474542406535, 
    0.0008648477691125425}, {0, 0.00006724474542422549, 0.9981074236803033, 
    0.00006724474542402772}, {-0.0003561599315855006, 0.0008648477691125641, 
    0.00006724474542406095, -0.000013033018162744714}}, 
  {{-0.5242751529302414, -0.00035615993158547797, 0.0003561599315854545, 0}, 
   {-0.0003561599315854648, -0.000013033018162997116, 0.0008648477691126644, 
    0.00006724474542404434}, {0.0003561599315854519, 0.0008648477691126203, 
    -0.00001303301816302227, 0.00006724474542406242}, 
   {0, 0.00006724474542401927, 0.0000672447454240328, 0.9981074236803038}}}, 
 {{{0., 0.026018330270304188, 0.026018330270304202, 0.02601833027030435}, 
   {-0.026018330270304188, 0., -0.02624645517043813, 0.02624645517043795}, 
   {-0.026018330270304202, 0.02624645517043813, 0., -0.026246455170438}, 
   {-0.02601833027030435, -0.02624645517043795, 0.026246455170438, 0.}}, 
  {{0., 0.026018330270304223, 0.026018330270304185, 0.026018330270304348}, 
   {-0.026018330270304223, 0., -0.02624645517043796, 0.02624645517043811}, 
   {-0.026018330270304185, 0.02624645517043796, 0., -0.02624645517043817}, 
   {-0.026018330270304348, -0.02624645517043811, 0.02624645517043817, 0.}}}, 
 {0, 0}, {{-1.5664718187078108, -1.5610640103130597}, 
  {-6.2984093580108995, -1.5718796271025641, -1.5773250519028856}, 
  {-1.5719033345376139, -1.5664955261428628}, {{2, 0.00005811377365731035}, 
   {3, 0.00004561068301831353}, {4, 0.00003579772975718931}, 
   {5, 0.00002809606822164884}, {6, 0.000022051417890342484}, 
   {7, 0.000017307255425598467}, {8, 0.000013583773984200687}, 
   {9, 0.000010661372818597525}, {10, 8.367701121152898*^-6}}, 
  {{2, 0.007908991746112048}, {3, 0.007018366349912406}, 
   {4, 0.006321557587424799}, {5, 0.005776013650000787}, 
   {6, 0.0053486685238970134}, {7, 0.005013772337460885}, 
   {8, 0.004751238911461798}, {9, 0.004545379334949262}, 
   {10, 0.0043839265964382805}}, {3.26906786861324*^-10, 0.988698134372702}}}
