{8, 20, {{{-0.5248724383662053, -4.3969962085922477*^-10, 
    -5.4902180483610146*^-6, 5.490478613512853*^-6}, 
   {4.3970029537829514*^-10, 0.9999642092711462, 1.4633470740978445*^-6, 
    1.4633540267034297*^-6}, {-5.490789098052309*^-6, 1.4632999456548168*^-6, 
    -2.6767007048518476*^-7, 0.0003363357629981523}, 
   {5.490528531769909*^-6, 1.4632929935168277*^-6, 0.0003363357628190175, 
    -2.6767007188163716*^-7}}, {{-0.5248724383662051, 5.490969055744811*^-6, 
    -2.6345037689768433*^-10, -5.490528476830914*^-6}, 
   {5.490038090874761*^-6, -2.6767007063263626*^-7, 1.4633467355827805*^-6, 
    0.00033633576290011813}, {2.634502051666247*^-10, 1.4633002841970197*^-6, 
    0.9999642092711472, 1.4643501076009833*^-6}, 
   {-5.490478668457649*^-6, 0.0003363357629196141, 1.4622969124815617*^-6, 
    -2.6767006910954905*^-7}}, 
  {{-0.5248724383662056, -5.4900382207103524*^-6, 5.490789021594358*^-6, 0}, 
   {-5.490968925460922*^-6, -2.676700670313503*^-7, 0.00033633576290113105, 
    1.4633543459256377*^-6}, {5.490218124663149*^-6, 0.00033633576292188696, 
    -2.676700686099487*^-7, 1.46435013080759*^-6}, 
   {0, 1.4632926747796713*^-6, 1.462296890017984*^-6, 0.9999642092711443}}}, 
 {{{0., 0.003519083903089788, 0.003519083908974386, 0.003519083901261772}, 
   {-0.003519083903089788, 0., -0.0036162627442225875, 
    0.0036162627539153874}, {-0.003519083908974386, 0.0036162627442225875, 
    0., -0.0036162627470486403}, {-0.003519083901261772, 
    -0.0036162627539153874, 0.0036162627470486403, 0.}}, 
  {{0., 0.003519083905793919, 0.0035190838999082114, 0.0035190839076238148}, 
   {-0.003519083905793919, 0., -0.0036162627525703475, 
    0.0036162627428743058}, {-0.0035190838999082114, 0.0036162627525703475, 
    0., -0.003616262749742595}, {-0.0035190839076238148, 
    -0.0036162627428743058, 0.003616262749742595, 0.}}}, {0, 0}, 
 {{-1.5745859197875842, -1.5745737293233475}, {-0.7873249621878634, 
   -0.39367850929535486, 0.000016028201423157196}, 
  {-1.5745982785705166, -1.5745860881062799}, {{2, 1.868202598360319*^-6}, 
   {3, 1.6239130660776827*^-6}, {4, 1.4104337921145085*^-6}, 
   {5, 1.2258206140798242*^-6}, {6, 1.0651351741936335*^-6}, 
   {7, 9.260136007989243*^-7}}, {{2, 0.00009606650452397155}, 
   {3, 0.000096356177631144}, {4, 0.00009660681805409742}, 
   {5, 0.00009682495715213386}, {6, 0.00009701411541785526}, 
   {7, 0.00009717884395366208}}, {2.2364534651545785*^-15, 
   0.9997852748406024}}}
{8, 20, {{{-0.5248724395426253, 0, -5.4898182272076456*^-6, 
    5.489834094826325*^-6}, {0, 0.9999642203960124, 1.4630646283544287*^-6, 
    1.463102809367359*^-6}, {-5.489852145664983*^-6, 1.4630486519812163*^-6, 
    -2.3728854325541504*^-7, 0.00033121921452995283}, 
   {5.489836278014409*^-6, 1.4630104713196082*^-6, 0.0003312192145340136, 
    -2.372885461645463*^-7}}, {{-0.5248724395426245, 5.489814994075337*^-6, 
    0, -5.489836260461509*^-6}, {5.489855378757516*^-6, 
    -2.372885432450067*^-7, 1.4630645994623924*^-6, 0.0003312192145346196}, 
   {0, 1.4630486808737405*^-6, 0.9999642203960137, 1.4630916546547442*^-6}, 
   {-5.489834112371495*^-6, 0.0003312192145303706, 1.4630216261099128*^-6, 
    -2.3728854420257406*^-7}}, {{-0.5248724395426245, -5.489855387510993*^-6, 
    5.489852154192035*^-6, 0}, {-5.489814985210631*^-6, 
    -2.3728854646985764*^-7, 0.0003312192145322879, 1.4631028179592004*^-6}, 
   {5.489818218569305*^-6, 0.0003312192145424253, -2.372885459789309*^-7, 
    1.463091672163143*^-6}, {0, 1.4630104629936267*^-6, 
    1.4630216089104391*^-6, 0.999964220396014}}}, 
 {{{0., 0.003518882467718828, 0.0035188824676316514, 0.003518882467611937}, 
   {-0.003518882467718828, 0., -0.003616026397643801, 0.003616026397624323}, 
   {-0.0035188824676316514, 0.003616026397643801, 0., 
    -0.0036160263977026326}, {-0.003518882467611937, -0.003616026397624323, 
    0.0036160263977026326, 0.}}, {{0., 0.0035188824675875217, 
    0.003518882467674662, 0.0035188824677004453}, 
   {-0.0035188824675875217, 0., -0.003616026397674143, 
    0.0036160263976879577}, {-0.003518882467674662, 0.003616026397674143, 0., 
    -0.0036160263976085863}, {-0.0035188824677004453, -0.0036160263976879577, 
    0.0036160263976085863, 0.}}}, {0, 0}, 
 {{-1.5745859372788074, -1.5745737475123673}, {-0.7873249625416232, 
   -0.39367850730982107, 0.000016026039009464643}, 
  {-1.5745982953034694, -1.5745861055370294}, {{2, 1.8802336664812402*^-6}, 
   {3, 1.6351486337045675*^-6}, {4, 1.4218798745674506*^-6}, 
   {5, 1.2364805762289308*^-6}, {6, 1.0759300724970042*^-6}, 
   {7, 9.360449454006922*^-7}}, {{2, 0.00009602428359877145}, 
   {3, 0.00009631509544970538}, {4, 0.00009656778425982428}, 
   {5, 0.0000967870379850378}, {6, 0.00009697812708415999}, 
   {7, 0.00009714393000273293}}, {2.2355765912578318*^-15, 
   0.999785341577865}}}
