{6, 20, {{{-0.5248806083861719, 0, -1.3628355484391363*^-6, 
    1.3628355528952657*^-6}, {0, 0.9999911615831082, 3.619012120866045*^-7, 
    3.6190121972422943*^-7}, {-1.3628355573672443*^-6, 
    3.6190120613228305*^-7, -7.887837175091228*^-8, 0.00007838970845567346}, 
   {1.3628355534525816*^-6, 3.619012001017473*^-7, 0.00007838970845075905, 
    -7.887838341345821*^-8}}, {{-0.5248806083861712, 1.3628355464353934*^-6, 
    0, -1.3628355538580846*^-6}, {1.3628355594645182*^-6, 
    -7.887837527413566*^-8, 3.619012094402313*^-7, 0.00007838970845052696}, 
   {0, 3.619012087498249*^-7, 0.9999911615831099, 3.6190121925179246*^-7}, 
   {-1.3628355525146408*^-6, 0.00007838970845657438, 3.6190120054092317*^-7, 
    -7.887837330522451*^-8}}, {{-0.5248806083861691, -1.3628355597524338*^-6, 
    1.3628355568681864*^-6, 0}, {-1.362835545942364*^-6, 
    -7.887837777734164*^-8, 0.00007838970846301301, 3.619012172104135*^-7}, 
   {1.362835548778799*^-6, 0.00007838970845074104, -7.887838213149756*^-8, 
    3.6190121887190517*^-7}, {0, 3.6190120292101005*^-7, 
    3.619012012469872*^-7, 0.9999911615831096}}}, 
 {{{0., 0.0017534983057918706, 0.0017534983057915336, 0.0017534983057935515}, 
   {-0.0017534983057918706, 0., -0.0018010138867678251, 
    0.0018010138867592454}, {-0.0017534983057915336, 0.0018010138867678251, 
    0., -0.0018010138867601694}, {-0.0017534983057935515, 
    -0.0018010138867592454, 0.0018010138867601694, 0.}}, 
  {{0., 0.0017534983057918333, 0.0017534983057912784, 0.0017534983057935867}, 
   {-0.0017534983057918333, 0., -0.0018010138867698498, 
    0.0018010138867595616}, {-0.0017534983057912784, 0.0018010138867698498, 
    0., -0.0018010138867603565}, {-0.0017534983057935867, 
    -0.0018010138867595616, 0.0018010138867603565, 0.}}}, {0, 0}, 
 {{-1.5746340949383772, -1.5746310577902198}, 
  {-0.787324965742978, -0.39366645747932283, 3.974607833856503*^-6}, 
  {-1.574637173236234, -1.5746341360880767}, {{2, 1.3334061590079653*^-6}, 
   {3, 1.157971611329264*^-6}, {4, 1.0053547916646834*^-6}, 
   {5, 8.731553563041863*^-7}}, {{2, 0.00004697489558545888}, 
   {3, 0.00004718122581915379}, {4, 0.000047360079314952874}, 
   {5, 0.00004751558097055895}}, {3.412733446827512*^-17, 
   0.9999469706704058}}}
{5, 20, {{{-0.5248806097060665, 0, -1.3622050341391568*^-6, 
    1.3622050604254473*^-6}, {0, 0.9999911681530588, 3.6158592843203323*^-7, 
    3.615859624338009*^-7}, {-1.3622050970361145*^-6, 3.615859204703572*^-7, 
    -7.077529521823389*^-8, 0.00007280371327496963}, 
   {1.362205072936172*^-6, 3.6158588899693545*^-7, 0.00007280371327806999, 
    -7.077530264805454*^-8}}, {{-0.524880609706065, 1.3622050411976933*^-6, 
    0, -1.3622050715183767*^-6}, {1.3622050900124614*^-6, 
    -7.0775301980186*^-8, 3.615859250303235*^-7, 0.00007280371327021787}, 
   {0, 3.6158592386991377*^-7, 0.9999911681530564, 3.6158596838103987*^-7}, 
   {-1.362205061858923*^-6, 0.00007280371327963834, 3.6158588299584455*^-7, 
    -7.077531030685869*^-8}}, {{-0.5248806097060655, -1.362205089663589*^-6, 
    1.3622050973595304*^-6, 0}, {-1.3622050413983632*^-6, 
    -7.077530744976912*^-8, 0.00007280371328811186, 3.615859619819935*^-7}, 
   {1.3622050336452195*^-6, 0.00007280371327126909, -7.077530544963295*^-8, 
    3.615859697749393*^-7}, {0, 3.615858897266594*^-7, 3.61585881961903*^-7, 
    0.9999911681530606}}}, 
 {{{0., 0.0017530635882943002, 0.0017530635882937744, 0.0017530635882968353}, 
   {-0.0017530635882943002, 0., -0.0018004897849565535, 
    0.0018004897849552947}, {-0.0017530635882937744, 0.0018004897849565535, 
    0., -0.0018004897849555812}, {-0.0017530635882968353, 
    -0.0018004897849552947, 0.0018004897849555812, 0.}}, 
  {{0., 0.0017530635882943243, 0.0017530635882936612, 0.0017530635882970391}, 
   {-0.0017530635882943243, 0., -0.0018004897849584083, 
    0.0018004897849541344}, {-0.0017530635882936612, 0.0018004897849584083, 
    0., -0.0018004897849557544}, {-0.0017530635882970391, 
    -0.0018004897849541344, 0.0018004897849557544, 0.}}}, {0, 0}, 
 {{-1.5746341054232045, -1.5746310690280008}, {-0.7873249661256336, 
   -0.3936664553106301, 3.972247813288643*^-6}, 
  {-1.5746371828906993, -1.5746341464954956}, {{2, 1.243897924046479*^-6}, 
   {3, 1.080710022848333*^-6}, {4, 9.390458464515663*^-7}}, 
  {{2, 0.00004706699596101127}, {3, 0.000047259197137020266}, 
   {4, 0.000047426196660965334}}, {3.4067790706415716*^-17, 
   0.9999470100883605}}}
