{3, 20, {{{-0.5248832018160968, 0, -5.3676930279632015*^-8, 
    5.367693053918268*^-8}, {0, 0.9999996536461202, 1.4038737778905144*^-8, 
    1.4038738188091567*^-8}, {-5.3676930968617336*^-8, 
    1.4038738026491763*^-8, -1.1599336352530187*^-9, 2.2721863631134916*^-6}, 
   {5.367693066108695*^-8, 1.4038737351437209*^-8, 2.2721863638247515*^-6, 
    -1.1599356874308908*^-9}}, {{-0.5248832018160967, 5.367693043484569*^-8, 
    0, -5.3676930687800874*^-8}, {5.367693084394266*^-8, 
    -1.1599319300198419*^-9, 1.4038738070301101*^-8, 2.2721863628427214*^-6}, 
   {0, 1.4038737732205518*^-8, 0.9999996536461202, 1.4038738286244326*^-8}, 
   {-5.3676930514362546*^-8, 2.272186363880622*^-6, 1.4038737242123395*^-8, 
    -1.1599351201763142*^-9}}, {{-0.5248832018160974, -5.367693100538873*^-8, 
    5.3676931035075065*^-8, 0}, {-5.367693010685761*^-8, 
    -1.1599335728029736*^-9, 2.2721863637820005*^-6, 1.4038738448562722*^-8}, 
   {5.367693003945954*^-8, 2.2721863639264734*^-6, -1.1599334825973528*^-9, 
    1.403873852949996*^-8}, {0, 1.403873738861232*^-8, 
    1.4038737329197063*^-8, 0.9999996536461206}}}, 
 {{{0., 0.00034773344024807587, 0.0003477334402478907, 0.000347733440247825}, 
   {-0.00034773344024807587, 0., -0.00035660723727509627, 
    0.0003566072372752769}, {-0.0003477334402478907, 0.00035660723727509627, 
    0., -0.0003566072372755242}, {-0.000347733440247825, 
    -0.0003566072372752769, 0.0003566072372755242, 0.}}, 
  {{0., 0.0003477334402480647, 0.00034773344024791367, 
    0.0003477334402477957}, {-0.0003477334402480647, 0., 
    -0.00035660723727462854, 0.0003566072372754654}, 
   {-0.00034773344024791367, 0.00035660723727462854, 0., 
    -0.0003566072372759056}, {-0.0003477334402477957, -0.0003566072372754654, 
    0.0003566072372759056, 0.}}}, {0, 0}, 
 {{-1.5746493023595312, -1.5746491819011335}, {-0.7873249626439869, 
   -0.3936626370912852, 1.5576929174310195*^-7}, 
  {-1.5746494243549152, -1.5746493038965175}, {{2, 6.830885356706772*^-7}}, 
  {{2, 8.87379702738855*^-6}}, {2.0565577865231172*^-21, 0.9999979218785217}}}
