{12, 32, {{{-0.5233557802259331, 0, -0.0009616713947111324, 
    0.0009616713947111393}, {0, 0.9948644388468013, 0.0002495906317870167, 
    0.00024959063178699213}, {-0.0009616713947111082, 0.0002495906317870574, 
    -0.00010646812166307433, 0.0022972370693008387}, 
   {0.000961671394711123, 0.0002495906317869031, 0.0022972370693007667, 
    -0.00010646812166284665}}, {{-0.5233557802259332, 0.0009616713947111265, 
    0, -0.0009616713947111378}, {0.0009616713947111058, 
    -0.00010646812166304788, 0.0002495906317870454, 0.002297237069300863}, 
   {0, 0.00024959063178702504, 0.9948644388468013, 0.00024959063178697696}, 
   {-0.0009616713947111208, 0.0022972370693007515, 0.00024959063178691223, 
    -0.00010646812166284492}}, {{-0.5233557802259334, -0.000961671394711102, 
    0.0009616713947111022, 0}, {-0.0009616713947110517, 
    -0.00010646812166309472, 0.0022972370693008165, 0.00024959063178691304}, 
   {0.0009616713947110578, 0.0022972370693008504, -0.00010646812166312247, 
    0.00024959063178692573}, {0, 0.0002495906317869755, 
    0.0002495906317869665, 0.9948644388468016}}}, 
 {{{0., 0.041571006132537044, 0.041571006132537044, 0.04157100613253717}, 
   {-0.041571006132537044, 0., -0.04373170691145567, 0.04373170691145547}, 
   {-0.041571006132537044, 0.04373170691145567, 0., -0.04373170691145549}, 
   {-0.04157100613253717, -0.04373170691145547, 0.04373170691145549, 0.}}, 
  {{0., 0.041571006132537024, 0.041571006132537044, 0.04157100613253725}, 
   {-0.041571006132537024, 0., -0.043731706911455476, 0.04373170691145573}, 
   {-0.041571006132537044, 0.043731706911455476, 0., -0.043731706911455726}, 
   {-0.04157100613253725, -0.04373170691145573, 0.043731706911455726, 0.}}}, 
 {0, 0}, {{-1.5527879905390596, -1.5383873715903982}, 
  {-6.298741924432492, -1.5671886094877236, -1.5821823527285224}, 
  {-1.5675628538406259, -1.5531622348919645}, {{2, 0.007509282286971829}, 
   {3, 0.005907734019539455}, {4, 0.0046488898556375086}, 
   {5, 0.0036593432726790866}, {6, 0.002881256849998272}, 
   {7, 0.0022692129311737003}, {8, 0.0017875927901767827}, 
   {9, 0.0014084677574633872}, {10, 0.0011099309805415597}, 
   {11, 0.0008747886589652587}}, {{2, 0.778149604087537}, 
   {3, 0.44953294872274174}, {4, 0.2900853358925258}, 
   {5, 0.19804837615738857}, {6, 0.13952506086705402}, 
   {7, 0.09998782168735146}, {8, 0.07216993140128353}, 
   {9, 0.05203247317594056}, {10, 0.03715203760047575}, 
   {11, 0.025988074140300205}}, {6.9948526916795665*^-9, 0.9695795444139748}}}
