{31, 40, {{{-0.4906347850122515, 0, -0.020293898379165398, 
    0.0202938983791653}, {0, 0.9159013788228036, -0.0026303257888181594, 
    -0.0026303257888181655}, {-0.020293898379165343, -0.0026303257888182375, 
    0.007033290281584377, 0.04533854731657222}, {0.02029389837916532, 
    -0.0026303257888182774, 0.04533854731657214, 0.007033290281584522}}, 
  {{-0.49063478501225166, 0.0202938983791654, 0, -0.020293898379165294}, 
   {0.02029389837916535, 0.007033290281584408, -0.0026303257888182427, 
    0.04533854731657222}, {0, -0.0026303257888181603, 0.9159013788228039, 
    -0.0026303257888181447}, {-0.020293898379165322, 0.04533854731657215, 
    -0.0026303257888182704, 0.007033290281584559}}, 
  {{-0.49063478501225166, -0.02029389837916528, 0.02029389837916528, 0}, 
   {-0.02029389837916528, 0.007033290281584385, 0.045338547316572185, 
    -0.0026303257888181924}, {0.020293898379165266, 0.04533854731657216, 
    0.007033290281584392, -0.002630325788818201}, 
   {0, -0.0026303257888183095, -0.0026303257888183125, 0.9159013788228036}}}, 
 {{{0., 0.19940427069754676, 0.19940427069754674, 0.19940427069754732}, 
   {-0.19940427069754676, 0., -0.1657160200206534, 0.16571602002065272}, 
   {-0.19940427069754674, 0.1657160200206534, 0., -0.16571602002065272}, 
   {-0.19940427069754732, -0.16571602002065272, 0.16571602002065272, 0.}}, 
  {{0., 0.19940427069754668, 0.19940427069754668, 0.1994042706975476}, 
   {-0.19940427069754668, 0., -0.1657160200206529, 0.16571602002065344}, 
   {-0.19940427069754668, 0.1657160200206529, 0., -0.16571602002065344}, 
   {-0.1994042706975476, -0.16571602002065344, 0.16571602002065344, 0.}}}, 
 {0, 0}, {{-1.2463632878103186, -1.0253211578299222}, 
  {-6.251507124852215, -1.467405417790715, -1.6583481446353925}, 
  {-1.4487334940177559, -1.2276913640373595}, {{2, 0.00024134223080574113}, 
   {3, 0.00021563835997520653}, {4, 0.00019185430842283413}, 
   {5, 0.0001707567699565371}, {6, 0.00015199221947700958}, 
   {7, 0.00013530138126524593}, {8, 0.00012045261471638202}, 
   {9, 0.00010724072375667415}, {10, 0.00009548375899548489}, 
   {11, 0.00008502030674911731}, {12, 0.00007570710732879293}, 
   {13, 0.00006741696267048569}, {14, 0.00006003689542982693}, 
   {15, 0.000053466527262679975}, {16, 0.0000476166485496865}, 
   {17, 0.000042407955654327756}, {18, 0.0000377699350497529}, 
   {19, 0.00003363987640039867}, {20, 0.00002996199903737562}, 
   {21, 0.000026686678272991315}, {22, 0.000023769759725122963}, 
   {23, 0.000021171951309822967}, {24, 0.000018858283837741574}, 
   {25, 0.000016797632266224438}, {26, 0.000014962290617703822}, 
   {27, 0.000013327594417522626}, {28, 0.000011871585232636761}, 
   {29, 0.000010574712533850672}, {30, 9.419568661933608*^-6}}, 
  {{2, 0.08173540543096577}, {3, 0.0820525218511951}, 
   {4, 0.0823325971986906}, {5, 0.08258132331381998}, 
   {6, 0.08280224199904242}, {7, 0.08299852703552767}, 
   {8, 0.08317297491906353}, {9, 0.08332805446150672}, 
   {10, 0.08346594721609636}, {11, 0.08358858257601783}, 
   {12, 0.08369766824347853}, {13, 0.08379471674963346}, 
   {14, 0.08388106858974421}, {15, 0.08395791244752883}, 
   {16, 0.08402630290833824}, {17, 0.08408717599956261}, 
   {18, 0.08414136284596159}, {19, 0.08418960168543921}, 
   {20, 0.08423254845552999}, {21, 0.08427078613128638}, 
   {22, 0.0843048329703185}, {23, 0.08433514979963819}, 
   {24, 0.08436214646103342}, {25, 0.08438618751641125}, 
   {26, 0.08440759730147152}, {27, 0.08442666440484038}, 
   {28, 0.08444364564012588}, {29, 0.08445876957000299}, 
   {30, 0.0844722396342043}}, {0.000020710327478577465, 0.5903264967213772}}}
