{3, 32, {{{-0.5191217056996189, 0, -0.0036893451293518818, 
    0.003689345129351881}, {0, 0.9818117783921054, 0.0006277496596001995, 
    0.0006277496596002441}, {-0.0036893451293518557, 0.0006277496596002478, 
    -0.000016890801941183038, 0.008551219605732059}, 
   {0.0036893451293518653, 0.0006277496596002012, 0.008551219605732012, 
    -0.000016890801941138803}}, {{-0.5191217056996188, 0.0036893451293518896, 
    0, -0.0036893451293518813}, {0.003689345129351858, 
    -0.000016890801941180002, 0.0006277496596002357, 0.008551219605732057}, 
   {0, 0.0006277496596002014, 0.9818117783921056, 0.0006277496596002385}, 
   {-0.0036893451293518757, 0.008551219605731993, 0.0006277496596002051, 
    -0.000016890801941171762}}, 
  {{-0.5191217056996189, -0.0036893451293518423, 0.0036893451293518458, 0}, 
   {-0.0036893451293517985, -0.000016890801941242886, 0.008551219605732048, 
    0.0006277496596002285}, {0.0036893451293518054, 0.008551219605732074, 
    -0.000016890801941282785, 0.0006277496596002363}, 
   {0, 0.0006277496596001936, 0.0006277496596002101, 0.9818117783921056}}}, 
 {{{0., 0.04056585459162988, 0.04056585459162988, 0.04056585459162991}, 
   {-0.04056585459162988, 0., -0.04067912200669825, 0.040679122006698085}, 
   {-0.04056585459162988, 0.04067912200669825, 0., -0.04067912200669809}, 
   {-0.04056585459162991, -0.040679122006698085, 0.04067912200669809, 0.}}, 
  {{0., 0.040565854591629896, 0.04056585459162988, 0.04056585459162999}, 
   {-0.040565854591629896, 0., -0.040679122006698126, 0.04067912200669831}, 
   {-0.04056585459162988, 0.040679122006698126, 0., -0.04067912200669832}, 
   {-0.04056585459162999, -0.04067912200669831, 0.04067912200669832, 0.}}}, 
 {0, 0}, {{-1.4988451202983275, -1.4637140596957532}, 
  {-6.296402355904824, -1.5339761809009058, -1.6142249970515063}, 
  {-1.5340252271303396, -1.4988941665277653}, {{2, 0.00005156351645449475}}, 
  {{2, 0.0013960930468313103}}, {4.531368954034455*^-9, 0.8957141336448096}}}
{9, 32, {{{-0.5191357166244945, 0, -0.0036838882788313857, 
    0.0036838882788313714}, {0, 0.981826548075571, 0.0006337377834693357, 
    0.0006337377834693711}, {-0.003683888278831338, 0.0006337377834692785, 
    -0.000024318736138468928, 0.008538187397828897}, 
   {0.0036838882788313484, 0.0006337377834693084, 0.008538187397828892, 
    -0.00002431873613840778}}, {{-0.5191357166244945, 0.0036838882788313727, 
    0, -0.0036838882788313683}, {0.0036838882788313375, 
    -0.000024318736138471964, 0.0006337377834692891, 0.008538187397828884}, 
   {0, 0.000633737783469331, 0.9818265480755712, 0.000633737783469377}, 
   {-0.0036838882788313545, 0.008538187397828903, 0.0006337377834693016, 
    -0.00002431873613836788}}, {{-0.5191357166244946, -0.0036838882788313397, 
    0.0036838882788313423, 0}, {-0.0036838882788313, 
    -0.000024318736138429463, 0.008538187397828932, 0.0006337377834693618}, 
   {0.003683888278831293, 0.008538187397828917, -0.000024318736138478902, 
    0.0006337377834693446}, {0, 0.0006337377834692974, 0.0006337377834693426, 
    0.9818265480755711}}}, 
 {{{0., 0.04051629666031743, 0.04051629666031745, 0.04051629666031746}, 
   {-0.04051629666031743, 0., -0.04067527632081315, 0.04067527632081296}, 
   {-0.04051629666031745, 0.04067527632081315, 0., -0.04067527632081297}, 
   {-0.04051629666031746, -0.04067527632081296, 0.04067527632081297, 0.}}, 
  {{0., 0.040516296660317426, 0.04051629666031745, 0.04051629666031753}, 
   {-0.040516296660317426, 0., -0.040675276320813004, 0.04067527632081319}, 
   {-0.04051629666031745, 0.040675276320813004, 0., -0.04067527632081318}, 
   {-0.04051629666031753, -0.04067527632081319, 0.04067527632081318, 0.}}}, 
 {0, 0}, {{-1.4989402546185941, -1.4638521124434938}, 
  {-6.296482673106733, -1.5340283967936967, -1.6142129397596698}, 
  {-1.5340972370060328, -1.4990090948309325}, {{2, 0.019593797238541974}, 
   {3, 0.00791649533012874}, {4, 0.003225971976612743}, 
   {5, 0.001319661098393654}, {6, 0.000540724931144515}, 
   {7, 0.00022171072127964708}, {8, 0.00009093252550954056}}, 
  {{2, 0.094343084433074}, {3, 0.03521805123223842}, 
   {4, 0.014755356610756724}, {5, 0.006896354415041141}, 
   {6, 0.003756570355938269}, {7, 0.0024823437517553755}, 
   {8, 0.0019619224065377996}}, {4.528799266775875*^-9, 0.8957949836329577}}}
