{11, 32, {{{-0.5223074676334045, 0, -0.0015861676480666345, 
    0.0015861676480666315}, {0, 0.9918237478146775, 0.000294420651797862, 
    0.00029442065179781883}, {-0.0015861676480666026, 0.0002944206517978208, 
    -0.00004564450770334254, 0.0037742073147092117}, 
   {0.0015861676480666473, 0.00029442065179780094, 0.0037742073147092586, 
    -0.00004564450770319119}}, {{-0.5223074676334046, 0.001586167648066644, 
    0, -0.0015861676480666354}, {0.0015861676480666046, 
    -0.00004564450770328833, 0.00029442065179781883, 0.0037742073147092325}, 
   {0, 0.00029442065179786394, 0.9918237478146775, 0.0002944206517978027}, 
   {-0.0015861676480666467, 0.0037742073147092395, 0.0002944206517978225, 
    -0.00004564450770327966}}, {{-0.5223074676334046, -0.0015861676480665977, 
    0.0015861676480665979, 0}, {-0.001586167648066562, 
    -0.00004564450770340282, 0.0037742073147092846, 0.0002944206517978277}, 
   {0.001586167648066559, 0.003774207314709283, -0.000045644507703362924, 
    0.00029442065179784583}, {0, 0.00029442065179780355, 
    0.000294420651797781, 0.9918237478146777}}}, 
 {{{0., 0.027048264882093727, 0.02704826488209372, 0.027048264882093744}, 
   {-0.027048264882093727, 0., -0.027295673825096414, 0.02729567382509631}, 
   {-0.02704826488209372, 0.027295673825096414, 0., -0.027295673825096317}, 
   {-0.027048264882093744, -0.02729567382509631, 0.027295673825096317, 0.}}, 
  {{0., 0.027048264882093713, 0.02704826488209372, 0.02704826488209379}, 
   {-0.027048264882093713, 0., -0.027295673825096296, 0.02729567382509647}, 
   {-0.02704826488209372, 0.027295673825096296, 0., -0.027295673825096473}, 
   {-0.02704826488209379, -0.02729567382509647, 0.027295673825096473, 0.}}}, 
 {0, 0}, {{-1.5403770266076626, -1.5244483771366544}, 
  {-6.298053120875376, -1.5563056760786664, -1.5927208843590215}, 
  {-1.5563785253047873, -1.540449875833779}, {{2, 0.012977143281995035}, 
   {3, 0.005149774091948514}, {4, 0.002050552616576634}, 
   {5, 0.0008177178856266093}, {6, 0.0003262911648415079}, 
   {7, 0.0001302315371489865}, {8, 0.00005198413152643355}, 
   {9, 0.000020751186456120785}, {10, 8.28365628234573*^-6}}, 
  {{2, 0.09665791295652267}, {3, 0.037389205259181345}, 
   {4, 0.017106121166988272}, {5, 0.009465666372534548}, 
   {6, 0.006483997711243691}, {7, 0.0053043653299634855}, 
   {8, 0.004835141342697996}, {9, 0.0046480964053356765}, 
   {10, 0.004573471608643411}}, {4.135832284347234*^-10, 0.9519343883731196}}}
