{8, 32, {{{-0.5248620495228069, 0, -5.133095152920917*^-6, 
    5.133095152917848*^-6}, {0, 0.9999722512336738, 1.1167925813735235*^-6, 
    1.1167925807933182*^-6}, {-5.133095152895074*^-6, 1.1167925802291557*^-6, 
    -3.549922151721563*^-7, 0.000012511689406774238}, 
   {5.13309515291364*^-6, 1.1167925821287795*^-6, 0.000012511689405732794, 
    -3.549922166475386*^-7}}, {{-0.5248620495228071, 5.133095152941568*^-6, 
    0, -5.1330951529175715*^-6}, {5.133095152904727*^-6, 
    -3.5499221550609056*^-7, 1.1167925802243092*^-6, 
    0.000012511689405593023}, {0, 1.116792581372795*^-6, 0.9999722512336733, 
    1.116792581872948*^-6}, {-5.1330951529125715*^-6, 0.00001251168940670495, 
    1.1167925810425695*^-6, -3.549922150403173*^-7}}, 
  {{-0.524862049522808, -5.1330951529028755*^-6, 5.13309515288472*^-6, 0}, 
   {-5.1330951528482554*^-6, -3.54992214970061*^-7, 0.000012511689406945533, 
    1.1167925821283406*^-6}, {5.133095152846556*^-6, 0.000012511689405041483, 
    -3.5499221587298457*^-7, 1.1167925810437862*^-6}, 
   {0, 1.1167925808005387*^-6, 1.11679258187709*^-6, 0.9999722512336727}}}, 
 {{{0., 0.0015571633639313558, 0.0015571633639313532, 0.001557163363931373}, 
   {-0.0015571633639313558, 0., -0.0015954638921028392, 
    0.0015954638921025282}, {-0.0015571633639313532, 0.0015954638921028392, 
    0., -0.001595463892102449}, {-0.001557163363931373, 
    -0.0015954638921025282, 0.001595463892102449, 0.}}, 
  {{0., 0.001557163363931378, 0.0015571633639313727, 0.001557163363931369}, 
   {-0.001557163363931378, 0., -0.0015954638921028262, 
    0.0015954638921025174}, {-0.0015571633639313727, 0.0015954638921028262, 
    0., -0.0015954638921025673}, {-0.001557163363931369, 
    -0.0015954638921025174, 0.0015954638921025673, 0.}}}, {0, 0}, 
 {{-1.5744957882973094, -1.5744418465760686}, 
  {-6.298446863034377, -1.57454973001855, -1.5746737014986383}, 
  {-1.5745503934031573, -1.5744964516819164}, {{2, 0.0007429543083140478}, 
   {3, 0.00029084981080705705}, {4, 0.00011386226511754917}, 
   {5, 0.000044575142318853574}, {6, 0.000017450441686150345}, 
   {7, 6.831568279663455*^-6}}, {{2, 0.10416036845194424}, 
   {3, 0.04422500824236556}, {4, 0.02387980693502498}, 
   {5, 0.01632343490437413}, {6, 0.013424290921185848}, 
   {7, 0.012298172773136976}}, {1.6493843867785138*^-17, 0.999833518951523}}}
