{8, 20, {{{-0.5248723694990974, 0, -5.588197919410034*^-6, 
    5.588197995868743*^-6}, {0, 0.9999650663043939, 1.2037055700094907*^-6, 
    1.2037056879121266*^-6}, {-5.588198099347471*^-6, 1.203705556815028*^-6, 
    -1.2127955995207274*^-7, 0.00033112852353768215}, 
   {5.58819802465275*^-6, 1.2037054389939513*^-6, 0.00033112852353527257, 
    -1.2127956673831097*^-7}}, {{-0.5248723694990982, 5.588197911102003*^-6, 
    0, -5.58819802560094*^-6}, {5.588198107676439*^-6, 
    -1.212795609616818*^-7, 1.2037055702152248*^-6, 0.0003311285235365315}, 
   {0, 1.2037055565565543*^-6, 0.9999650663043951, 1.2037057259685927*^-6}, 
   {-5.58819799491644*^-6, 0.00033112852353685144, 1.203705400875166*^-6, 
    -1.2127956705576537*^-7}}, {{-0.5248723694990979, -5.588198107658892*^-6, 
    5.588198098476233*^-6, 0}, {-5.588197910974772*^-6, 
    -1.2127956342672386*^-7, 0.0003311285235411886, 1.203705687814921*^-6}, 
   {5.588197920107011*^-6, 0.0003311285235361003, -1.212795635030517*^-7, 
    1.2037057257346595*^-6}, {0, 1.2037054393598627*^-6, 
    1.2037054013601195*^-6, 0.999965066304394}}}, 
 {{{0., 0.0035302025856070373, 0.003530202585607468, 0.003530202585607366}, 
   {-0.0035302025856070373, 0., -0.0035527811569774064, 
    0.0035527811569769185}, {-0.003530202585607468, 0.0035527811569774064, 
    0., -0.0035527811569767078}, {-0.003530202585607366, 
    -0.0035527811569769185, 0.0035527811569767078, 0.}}, 
  {{0., 0.003530202585607306, 0.003530202585607354, 0.003530202585607222}, 
   {-0.003530202585607306, 0., -0.003552781156975335, 0.0035527811569764194}, 
   {-0.003530202585607354, 0.003552781156975335, 0., -0.0035527811569768582}, 
   {-0.003530202585607222, -0.0035527811569764194, 0.0035527811569768582, 
    0.}}}, {0, 0}, {{-1.574587259312937, -1.5745750303324584}, 
  {-0.7873249624202455, -0.39367823403403934, 0.000015752823916581615}, 
  {-1.5745995274006483, -1.5745872984201696}, {{2, 1.8721826856430736*^-6}, 
   {3, 1.627563968023462*^-6}, {4, 1.4141282799560312*^-6}, 
   {5, 1.229218605125048*^-6}, {6, 1.0685579671879802*^-6}, 
   {7, 9.29158186305408*^-7}}, {{2, 0.000021464004659712188}, 
   {3, 0.00002175401430861786}, {4, 0.000022005306969827375}, 
   {5, 0.00002222377398492407}, {6, 0.000022413535389999177}, 
   {7, 0.000022578571369315308}}, {2.01099384203234*^-15, 
   0.9997904161309596}}}
{8, 20, {{{-0.5248723694990974, 0, -5.588197919410034*^-6, 
    5.588197995868743*^-6}, {0, 0.9999650663043939, 1.2037055700094907*^-6, 
    1.2037056879121266*^-6}, {-5.588198099347471*^-6, 1.203705556815028*^-6, 
    -1.2127955995207274*^-7, 0.00033112852353768215}, 
   {5.58819802465275*^-6, 1.2037054389939513*^-6, 0.00033112852353527257, 
    -1.2127956673831097*^-7}}, {{-0.5248723694990982, 5.588197911102003*^-6, 
    0, -5.58819802560094*^-6}, {5.588198107676439*^-6, 
    -1.212795609616818*^-7, 1.2037055702152248*^-6, 0.0003311285235365315}, 
   {0, 1.2037055565565543*^-6, 0.9999650663043951, 1.2037057259685927*^-6}, 
   {-5.58819799491644*^-6, 0.00033112852353685144, 1.203705400875166*^-6, 
    -1.2127956705576537*^-7}}, {{-0.5248723694990979, -5.588198107658892*^-6, 
    5.588198098476233*^-6, 0}, {-5.588197910974772*^-6, 
    -1.2127956342672386*^-7, 0.0003311285235411886, 1.203705687814921*^-6}, 
   {5.588197920107011*^-6, 0.0003311285235361003, -1.212795635030517*^-7, 
    1.2037057257346595*^-6}, {0, 1.2037054393598627*^-6, 
    1.2037054013601195*^-6, 0.999965066304394}}}, 
 {{{0., 0.0035302025856070373, 0.003530202585607468, 0.003530202585607366}, 
   {-0.0035302025856070373, 0., -0.0035527811569774064, 
    0.0035527811569769185}, {-0.003530202585607468, 0.0035527811569774064, 
    0., -0.0035527811569767078}, {-0.003530202585607366, 
    -0.0035527811569769185, 0.0035527811569767078, 0.}}, 
  {{0., 0.003530202585607306, 0.003530202585607354, 0.003530202585607222}, 
   {-0.003530202585607306, 0., -0.003552781156975335, 0.0035527811569764194}, 
   {-0.003530202585607354, 0.003552781156975335, 0., -0.0035527811569768582}, 
   {-0.003530202585607222, -0.0035527811569764194, 0.0035527811569768582, 
    0.}}}, {0, 0}, {{-1.574587259312937, -1.5745750303324584}, 
  {-0.7873249624202455, -0.39367823403403934, 0.000015752823916581615}, 
  {-1.5745995274006483, -1.5745872984201696}, {{2, 1.8721826856430736*^-6}, 
   {3, 1.627563968023462*^-6}, {4, 1.4141282799560312*^-6}, 
   {5, 1.229218605125048*^-6}, {6, 1.0685579671879802*^-6}, 
   {7, 9.29158186305408*^-7}}, {{2, 0.000021464004659712188}, 
   {3, 0.00002175401430861786}, {4, 0.000022005306969827375}, 
   {5, 0.00002222377398492407}, {6, 0.000022413535389999177}, 
   {7, 0.000022578571369315308}}, {2.01099384203234*^-15, 
   0.9997904161309596}}}
