{9, 20, {{{-0.5248363218600032, 0, 0.00014972074863015095, 
    -0.00014972074863027536}, {0, 0.9985093545995879, 0.0003376118565044534, 
    0.0003376118565043006}, {0.00014972074863007817, 0.0003376118565043077, 
    -0.00010210627764440424, 0.0026751171241406963}, 
   {-0.00014972074863014184, 0.00033761185650398224, 0.0026751171241404257, 
    -0.00010210627764340721}}, {{-0.524836321860003, -0.00014972074863017567, 
    0, 0.00014972074863029756}, {-0.0001497207486300855, 
    -0.00010210627764367913, 0.00033761185650429, 0.0026751171241407774}, 
   {0, 0.00033761185650443685, 0.9985093545995882, 0.000337611856504304}, 
   {0.0001497207486301371, 0.0026751171241404022, 0.0003376118565039443, 
    -0.00010210627764293276}}, {{-0.5248363218600041, 0.00014972074863027103, 
    -0.00014972074863021492, 0}, {0.00014972074863041387, 
    -0.0001021062776438205, 0.0026751171241417428, 0.00033761185650474704}, 
   {-0.00014972074863046507, 0.002675117124140273, -0.00010210627764303815, 
    0.00033761185650476124}, {0, 0.00033761185650444883, 
    0.0003376118565044481, 0.9985093545995891}}}, 
 {{{0, 0.0073221590332486885, 0.007322159033248673, 0.00732215903324877}, 
   {-0.0073221590332486885, 0, -0.026827066229655264, 0.026827066229655805}, 
   {-0.007322159033248673, 0.026827066229655264, 0, -0.0268270662296557}, 
   {-0.00732215903324877, -0.026827066229655805, 0.0268270662296557, 0}}, 
  {{0, 0.00732215903324872, 0.007322159033248723, 0.007322159033248795}, 
   {-0.00732215903324872, 0, -0.026827066229655267, 0.02682706622965594}, 
   {-0.007322159033248723, 0.026827066229655267, 0, -0.026827066229655895}, 
   {-0.007322159033248795, -0.02682706622965594, 0.026827066229655895, 0}}}, 
 {0, 0}, {{-1.5697863027779493, -1.567249832484612}, 
  {-6.298596576484601, -1.575682483838538, -1.5736158044037627}, 
  {-1.5757011220973958, -1.5731646518040585}, {{2, 0.0031741062874190012}, 
   {3, 0.0007119188391895154}, {4, 0.0003598604561864582}, 
   {5, 0.0003475445377873979}, {6, 0.000335008965545093}, 
   {7, 0.00032310456866751916}, {8, 0.00031180462430782175}}, 
  {{2, 0.019296961617933612}, {3, 0.019440096736432932}, 
   {4, 0.019470583460732396}, {5, 0.01948889491800372}, 
   {6, 0.019491843906741326}, {7, 0.019503215743827476}, 
   {8, 0.019504907196406917}}, {3.727683991349922*^-10, 0.9910893917822053}}}
