{7, 28, {{{-0.5085335695526255, 0, -0.005963160114590276, 
    0.005963160114590258}, {0, 0.9755401387726842, -0.005259179955338703, 
    -0.005259179955338842}, {-0.005963160114590226, -0.005259179955338966, 
    0.00680862929066516, 0.016824348368757944}, {0.00596316011459021, 
    -0.005259179955338943, 0.016824348368758037, 0.006808629290665306}}, 
  {{-0.5085335695526255, 0.005963160114590256, 0, -0.005963160114590252}, 
   {0.00596316011459022, 0.006808629290665189, -0.005259179955338975, 
    0.016824348368757985}, {0, -0.005259179955338691, 0.9755401387726843, 
    -0.0052591799553388914}, {-0.0059631601145902205, 0.016824348368757985, 
    -0.005259179955338883, 0.006808629290665225}}, 
  {{-0.5085335695526256, -0.005963160114590197, 0.005963160114590218, 0}, 
   {-0.005963160114590199, 0.00680862929066507, 0.016824348368757992, 
    -0.005259179955338892}, {0.005963160114590199, 0.01682434836875805, 
    0.006808629290665141, -0.005259179955338816}, 
   {0, -0.005259179955338926, -0.005259179955338981, 0.9755401387726844}}}, 
 {{{0., 0.06839322685680128, 0.0683932268568013, 0.06839322685680135}, 
   {-0.06839322685680128, 0., -0.03531621442525508, 0.03531621442525498}, 
   {-0.0683932268568013, 0.03531621442525508, 0., -0.03531621442525498}, 
   {-0.06839322685680135, -0.03531621442525498, 0.03531621442525498, 0.}}, 
  {{0., 0.06839322685680124, 0.06839322685680127, 0.06839322685680145}, 
   {-0.06839322685680124, 0., -0.03531621442525498, 0.03531621442525516}, 
   {-0.06839322685680127, 0.03531621442525498, 0., -0.035316214425255184}, 
   {-0.06839322685680145, -0.03531621442525516, 0.035316214425255184, 0.}}}, 
 {0, 0}, {{-1.4312413011897294, -1.3601649749039912}, 
  {-6.294708476322851, -1.5023176274754682, -1.6450366106859575}, 
  {-1.4851303076472602, -1.414053981361522}, {{2, 0.018153449900598584}, 
   {3, 0.007572798920722268}, {4, 0.0032013712108947545}, 
   {5, 0.001361410775798988}, {6, 0.0005804431164600221}}, 
  {{2, 0.2207763383340025}, {3, 0.2339271453090172}, 
   {4, 0.23892818576670638}, {5, 0.24096329629870397}, 
   {6, 0.24181497168426797}}, {1.9401927171642985*^-9, 0.8619277423890579}}}
