{6, 28, {{{-0.5178698717526132, 0, -0.00229765100986547, 
    0.0022976510098654643}, {0, 0.9897723208868185, -0.0022671634959832527, 
    -0.002267163495983144}, {-0.002297651009865458, -0.0022671634959830727, 
    0.0029110937328107028, 0.007148930242298717}, 
   {0.002297651009865474, -0.0022671634959832024, 0.00714893024229864, 
    0.0029110937328108762}}, {{-0.5178698717526131, 0.0022976510098654855, 0, 
    -0.0022976510098654604}, {0.0022976510098654526, 0.0029110937328107756, 
    -0.0022671634959830723, 0.007148930242298706}, 
   {0, -0.002267163495983251, 0.9897723208868184, -0.0022671634959831543}, 
   {-0.0022976510098654673, 0.007148930242298646, -0.0022671634959831933, 
    0.0029110937328108433}}, {{-0.5178698717526131, -0.0022976510098654604, 
    0.002297651009865443, 0}, {-0.002297651009865438, 0.0029110937328106472, 
    0.007148930242298734, -0.0022671634959831617}, 
   {0.0022976510098654435, 0.007148930242298796, 0.0029110937328107322, 
    -0.0022671634959831625}, {0, -0.0022671634959831695, 
    -0.0022671634959832007, 0.9897723208868187}}}, 
 {{{0., 0.044715947868265216, 0.0447159478682652, 0.04471594786826524}, 
   {-0.044715947868265216, 0., -0.022615268786873796, 0.022615268786873727}, 
   {-0.0447159478682652, 0.022615268786873796, 0., -0.022615268786873692}, 
   {-0.04471594786826524, -0.022615268786873727, 0.022615268786873692, 0.}}, 
  {{0., 0.0447159478682652, 0.04471594786826518, 0.04471594786826532}, 
   {-0.0447159478682652, 0., -0.022615268786873675, 0.022615268786873845}, 
   {-0.04471594786826518, 0.022615268786873675, 0., -0.02261526878687386}, 
   {-0.04471594786826532, -0.022615268786873845, 0.02261526878687386, 0.}}}, 
 {0, 0}, {{-1.512738225180525, -1.4817581077339521}, 
  {-6.298290277942445, -1.543718342627101, -1.6054267963441213}, 
  {-1.5360624428169507, -1.5050823253703778}, {{2, 0.014327796604458973}, 
   {3, 0.005749934352242886}, {4, 0.0023221634256199997}, 
   {5, 0.0009403840479965259}}, {{2, 0.22118539001013562}, 
   {3, 0.2384226223965985}, {4, 0.24468815954446277}, 
   {5, 0.24712300795345815}}, {1.337859548832143*^-10, 0.9401817726722181}}}
