{5, 20, {{{-0.5247076555047798, 0, -0.00007409041944579067, 
    0.00007409041944575407}, {0, 0.9992055101698961, 0.00007806398334685258, 
    0.00007806398334672058}, {-0.0000740904194457004, 0.00007806398334688023, 
    -0.00002108654423637951, 0.0010383625798193379}, 
   {0.0000740904194456167, 0.00007806398334627775, 0.001038362579819488, 
    -0.000021086544235584138}}, 
  {{-0.5247076555047799, 0.00007409041944565019, 0, -0.00007409041944575217}, 
   {0.00007409041944587176, -0.000021086544235806616, 0.00007806398334688528, 
    0.0010383625798189497}, {0, 0.00007806398334685215, 0.9992055101698969, 
    0.00007806398334662756}, {-0.00007409041944561645, 0.0010383625798197973, 
    0.00007806398334641393, -0.000021086544235968813}}, 
  {{-0.5247076555047802, -0.00007409041944554097, 0.00007409041944576041, 0}, 
   {-0.00007409041944579452, -0.00002108654423575891, 0.0010383625798201601, 
    0.00007806398334639505}, {0.000074090419445597, 0.0010383625798193582, 
    -0.000021086544235077165, 0.00007806398334647392}, 
   {0, 0.00007806398334675294, 0.00007806398334673264, 0.9992055101698977}}}, 
 {{{0, 0.014151815455838726, 0.014151815455838736, 0.014151815455838861}, 
   {-0.014151815455838726, 0, -0.017900467151835915, 0.017900467151836276}, 
   {-0.014151815455838736, 0.017900467151835915, 0, -0.017900467151836286}, 
   {-0.014151815455838861, -0.017900467151836276, 0.017900467151836286, 0}}, 
  {{0, 0.014151815455838747, 0.014151815455838756, 0.014151815455838882}, 
   {-0.014151815455838747, 0, -0.017900467151835783, 0.017900467151836397}, 
   {-0.014151815455838756, 0.017900467151835783, 0, -0.01790046715183634}, 
   {-0.014151815455838882, -0.017900467151836397, 0.01790046715183634, 0}}}, 
 {0, 0}, {{-1.5685708307904307, -1.5636684981126603}, 
  {-6.2986113688285865, -1.575957552138295, -1.5733481322759983}, 
  {-1.5741224489879355, -1.5692201163101651}, {{2, 0.0029961276285152133}, 
   {3, 0.0006581845475662068}, {4, 0.00028086966128873774}}, 
  {{2, 0.0036076100542919882}, {3, 0.0037235477130350314}, 
   {4, 0.003748651695997381}}, {3.2899264578367346*^-11, 0.9952425192068444}}}
