{3, 32, {{{-0.4944058906720297, 0, 0.00004621625442658956, 
    -0.000046216254426581975}, {0, 0.971969985015126, -0.014623545307587062, 
    -0.01462354530758646}, {0.00004621625442657904, -0.014623545307587051, 
    0.01710324095686367, 0.026035238467035732}, {-0.00004621625442659353, 
    -0.014623545307586534, 0.026035238467035753, 0.017103240956863032}}, 
  {{-0.49440589067202956, -0.00004621625442661025, 0, 
    0.000046216254426585715}, {-0.000046216254426565386, 0.01710324095686343, 
    -0.014623545307587062, 0.02603523846703599}, {0, -0.014623545307587072, 
    0.971969985015126, -0.014623545307586588}, {0.00004621625442658202, 
    0.026035238467036058, -0.014623545307586696, 0.01710324095686297}}, 
  {{-0.49440589067202945, 0.000046216254426562005, -0.00004621625442655535, 
    0}, {0.00004621625442660108, 0.017103240956863414, 0.02603523846703549, 
    -0.014623545307586494}, {-0.00004621625442660544, 0.02603523846703546, 
    0.017103240956863497, -0.014623545307586644}, 
   {0, -0.014623545307586663, -0.014623545307586848, 0.9719699850151253}}}, 
 {{{0., 0.09318199241454977, 0.09318199241454977, 0.09318199241454983}, 
   {-0.09318199241454977, 0., 0.00018048232254384375, 
    -0.00018048232254375186}, {-0.09318199241454977, -0.00018048232254384375, 
    0., 0.0001804823225437613}, {-0.09318199241454983, 
    0.00018048232254375186, -0.0001804823225437613, 0.}}, 
  {{0., 0.09318199241454975, 0.09318199241454975, 0.09318199241455001}, 
   {-0.09318199241454975, 0., 0.0001804823225436262, 
    -0.00018048232254373018}, {-0.09318199241454975, -0.0001804823225436262, 
    0., 0.0001804823225437167}, {-0.09318199241455001, 
    0.00018048232254373018, -0.0001804823225437167, 0.}}}, {0, 0}, 
 {{-1.3869937369684349, -1.3062957643621846}, 
  {-6.298498250155933, -1.467691709574683, -1.6815574155032833}, 
  {-1.427264572133431, -1.3465665995271807}, {{2, 0.00006478043558641455}}, 
  {{2, 0.5009684399199192}}, {3.456272902486547*^-23, 0.8431738388776838}}}
