{9, 28, {{{-0.5194674879578683, 0, -0.0036277109378691796, 
    0.003627710937869175}, {0, 0.9815630111201852, 0.000929379229475261, 
    0.0009293792294753046}, {-0.0036277109378691453, 0.000929379229475321, 
    -0.00034663685269798947, 0.008407159175830974}, 
   {0.0036277109378691566, 0.0009293792294752441, 0.008407159175830887, 
    -0.0003466368526979695}}, {{-0.5194674879578682, 0.0036277109378691874, 
    0, -0.003627710937869172}, {0.0036277109378691427, 
    -0.0003466368526979886, 0.0009293792294753336, 0.008407159175830955}, 
   {0, 0.0009293792294752564, 0.9815630111201851, 0.0009293792294753135}, 
   {-0.0036277109378691475, 0.008407159175830927, 0.0009293792294752054, 
    -0.0003466368526980068}}, {{-0.5194674879578682, -0.003627710937869115, 
    0.0036277109378691046, 0}, {-0.0036277109378690903, 
    -0.0003466368526980519, 0.008407159175830917, 0.000929379229475284}, 
   {0.003627710937869089, 0.0084071591758309, -0.0003466368526980623, 
    0.0009293792294752589}, {0, 0.0009293792294752243, 0.0009293792294752634, 
    0.9815630111201852}}}, 
 {{{0., 0.03934260103056941, 0.03934260103056941, 0.03934260103056946}, 
   {-0.03934260103056941, 0., -0.04152225344409928, 0.04152225344409905}, 
   {-0.03934260103056941, 0.04152225344409928, 0., -0.04152225344409906}, 
   {-0.03934260103056946, -0.04152225344409905, 0.04152225344409906, 0.}}, 
  {{0., 0.03934260103056941, 0.0393426010305694, 0.03934260103056951}, 
   {-0.03934260103056941, 0., -0.04152225344409911, 0.04152225344409931}, 
   {-0.0393426010305694, 0.04152225344409911, 0., -0.04152225344409931}, 
   {-0.03934260103056951, -0.04152225344409931, 0.04152225344409931, 0.}}}, 
 {0, 0}, {{-1.5002420438010124, -1.4661703518575846}, 
  {-6.29656684557416, -1.5343137357444427, -1.6139696870426374}, 
  {-1.5352575529252097, -1.5011858609817819}, {{2, 0.019046188046595247}, 
   {3, 0.007695166392464897}, {4, 0.0031344846467497717}, 
   {5, 0.001281471658005004}, {6, 0.0005247227650570507}, 
   {7, 0.0002149971758313024}, {8, 0.00008811540667139073}}, 
  {{2, 0.1252968256352106}, {3, 0.06283157525761271}, 
   {4, 0.041210068816919646}, {5, 0.032908677270354014}, 
   {6, 0.02959395398116431}, {7, 0.028249600873506538}, 
   {8, 0.027700919060182974}}, {5.124901111768683*^-9, 0.894353282604036}}}
