{7, 28, {{{-0.5246725402989445, 0, -0.0001277847712734069, 
    0.00012778477127339344}, {0, 0.9992975603151829, 0.00003689736527931341, 
    0.00003689736527917824}, {-0.0001277847712733896, 0.00003689736527920372, 
    -0.000018603061879144886, 0.0003088938584132109}, 
   {0.0001277847712734169, 0.00003689736527894768, 0.00030889385841327967, 
    -0.000018603061879076364}}, 
  {{-0.5246725402989446, 0.00012778477127339436, 0, -0.00012778477127339276}, 
   {0.00012778477127338726, -0.00001860306187909805, 0.00003689736527920669, 
    0.00030889385841339405}, {0, 0.00003689736527931425, 0.999297560315183, 
    0.00003689736527895685}, {-0.00012778477127340965, 
    0.00030889385841300753, 0.00003689736527916412, 
    -0.000018603061879063354}}, 
  {{-0.5246725402989447, -0.00012778477127336436, 0.00012778477127336105, 0}, 
   {-0.0001277847712733226, -0.000018603061879382543, 0.0003088938584131761, 
    0.00003689736527894176}, {0.00012778477127333256, 0.00030889385841362005, 
    -0.000018603061879368665, 0.00003689736527915821}, 
   {0, 0.000036897365279181945, 0.00003689736527896966, 
    0.9992975603151839}}}, 
 {{{0., 0.007603544324320841, 0.007603544324320841, 0.007603544324320864}, 
   {-0.007603544324320841, 0., -0.008112519257833753, 0.00811251925783377}, 
   {-0.007603544324320841, 0.008112519257833753, 0., -0.008112519257833763}, 
   {-0.007603544324320864, -0.00811251925783377, 0.008112519257833763, 0.}}, 
  {{0., 0.007603544324320827, 0.007603544324320846, 0.007603544324320876}, 
   {-0.007603544324320827, 0., -0.008112519257833677, 0.008112519257833798}, 
   {-0.007603544324320846, 0.008112519257833677, 0., -0.008112519257833786}, 
   {-0.007603544324320876, -0.008112519257833798, 0.008112519257833786, 
    0.}}}, {0, 0}, {{-1.5717684376054586, -1.5704514650967263}, 
  {-6.298511180122752, -1.573085410114191, -1.576170179947185}, 
  {-1.5731294886364224, -1.5718125161276901}, {{2, 0.003638089343456063}, 
   {3, 0.0014256725212909264}, {4, 0.0005588196593701994}, 
   {5, 0.00021906314105802661}, {6, 0.00008587871800488402}}, 
  {{2, 0.1278055405159922}, {3, 0.0655145027506274}, 
   {4, 0.04435731392930109}, {5, 0.03649127525596436}, 
   {6, 0.033469584170430305}}, {2.850587947224891*^-13, 0.9957927562854356}}}
