{9, 28, {{{-0.5230039786158566, 0, -0.0012033448288384355, 
    0.0012033448288384235}, {0, 0.9935743390982394, 0.0003294253232918328, 
    0.00032942532329186534}, {-0.001203344828838397, 0.0003294253232918674, 
    -0.0001500976970068655, 0.0028652551383609847}, 
   {0.0012033448288384144, 0.0003294253232918058, 0.0028652551383609474, 
    -0.00015009769700679264}}, {{-0.5230039786158565, 0.001203344828838437, 
    0, -0.0012033448288384283}, {0.0012033448288383884, 
    -0.00015009769700686376, 0.0003294253232918569, 0.0028652551383610276}, 
   {0, 0.0003294253232918368, 0.9935743390982394, 0.00032942532329184376}, 
   {-0.0012033448288384183, 0.0028652551383609552, 0.00032942532329183097, 
    -0.00015009769700685682}}, {{-0.5230039786158567, -0.0012033448288383888, 
    0.0012033448288383932, 0}, {-0.0012033448288383225, 
    -0.00015009769700696958, 0.0028652551383610567, 0.00032942532329182663}, 
   {0.0012033448288383433, 0.00286525513836099, -0.0001500976970069956, 
    0.0003294253232918586}, {0, 0.0003294253232918348, 
    0.00032942532329183324, 0.9935743390982399}}}, 
 {{{0., 0.02310543616525171, 0.023105436165251708, 0.02310543616525175}, 
   {-0.02310543616525171, 0., -0.02451616270755874, 0.024516162707558638}, 
   {-0.023105436165251708, 0.02451616270755874, 0., -0.024516162707558617}, 
   {-0.02310543616525175, -0.024516162707558638, 0.024516162707558617, 0.}}, 
  {{0., 0.023105436165251708, 0.0231054361652517, 0.023105436165251785}, 
   {-0.023105436165251708, 0., -0.02451616270755863, 0.024516162707558797}, 
   {-0.0231054361652517, 0.02451616270755863, 0., -0.02451616270755877}, 
   {-0.023105436165251785, -0.024516162707558797, 0.02451616270755877, 0.}}}, 
 {0, 0}, {{-1.5485256439273827, -1.5365197071166048}, 
  {-6.2982849031767865, -1.5605315807381581, -1.5886108708502351}, 
  {-1.5608980982451885, -1.5488921614344107}, {{2, 0.011078616612251492}, 
   {3, 0.0043823215210847324}, {4, 0.0017377118533646804}, 
   {5, 0.0006897859896671243}, {6, 0.0002739314612777155}, 
   {7, 0.00010880438701826173}, {8, 0.000043219689120521654}}, 
  {{2, 0.12697175103618852}, {3, 0.06462899935692402}, 
   {4, 0.04333508067615377}, {5, 0.035341743083329435}, 
   {6, 0.03223555209735397}, {7, 0.031012289461907316}, 
   {8, 0.030528022328108296}}, {2.1712756900061663*^-10, 0.9620600906685894}}}
