{10, 28, {{{-0.5135162102900783, 0, -0.007982825549806394, 
    0.007982825549806375}, {0, 0.9617412073328386, 0.0018624179951110599, 
    0.0018624179951110416}, {-0.00798282554980635, 0.0018624179951109371, 
    -0.00042824937020459995, 0.01796847136969445}, 
   {0.007982825549806366, 0.0018624179951109575, 0.01796847136969439, 
    -0.00042824937020465633}}, {{-0.5135162102900785, 0.007982825549806404, 
    0, -0.00798282554980638}, {0.007982825549806356, -0.0004282493702046338, 
    0.0018624179951109354, 0.01796847136969447}, {0, 0.0018624179951110542, 
    0.9617412073328384, 0.0018624179951110499}, {-0.007982825549806356, 
    0.017968471369694393, 0.001862417995110972, -0.0004282493702046364}}, 
  {{-0.5135162102900785, -0.007982825549806324, 0.007982825549806326, 0}, 
   {-0.00798282554980628, -0.00042824937020466674, 0.017968471369694455, 
    0.0018624179951110386}, {0.00798282554980628, 0.017968471369694455, 
    -0.0004282493702046364, 0.001862417995111027}, 
   {0, 0.0018624179951109696, 0.001862417995110957, 0.9617412073328384}}}, 
 {{{0., 0.0571915524258742, 0.057191552425874204, 0.05719155242587422}, 
   {-0.0571915524258742, 0., -0.059799092336950764, 0.05979909233695051}, 
   {-0.057191552425874204, 0.059799092336950764, 0., -0.05979909233695051}, 
   {-0.05719155242587422, -0.05979909233695051, 0.05979909233695051, 0.}}, 
  {{0., 0.05719155242587419, 0.05719155242587419, 0.05719155242587432}, 
   {-0.05719155242587419, 0., -0.05979909233695058, 0.059799092336950854}, 
   {-0.05719155242587419, 0.05979909233695058, 0., -0.05979909233695084}, 
   {-0.05719155242587432, -0.059799092336950854, 0.05979909233695084, 0.}}}, 
 {0, 0}, {{-1.4220806490189883, -1.35273957682324}, 
  {-6.289756422204872, -1.491421721214736, -1.6534564898876998}, 
  {-1.4930024582777974, -1.423661386082049}, {{2, 0.02799883653123808}, 
   {3, 0.01173780778748329}, {4, 0.005020679521556423}, 
   {5, 0.002167849976968103}, {6, 0.0009400063679130266}, 
   {7, 0.0004083571718568324}, {8, 0.00017754269371207665}, 
   {9, 0.00007721815610632621}}, {{2, 0.12284780203701215}, 
   {3, 0.060211719987888726}, {4, 0.03800016657969761}, 
   {5, 0.029114863490423377}, {6, 0.025384759612308877}, 
   {7, 0.023786730685069618}, {8, 0.023096125736525787}, 
   {9, 0.022796547745893753}}, {4.5726457002502855*^-8, 0.7913149065253114}}}
