{3, 28, {{{-0.515069844517032, 0, -0.0057801443974645, 
    0.0057801443974645015}, {0, 0.9739058972441926, -0.0001883277449616313, 
    -0.00018832774496161091}, {-0.005780144397464467, 
    -0.00018832774496166773, 0.0012563126262321624, 0.013345624962806424}, 
   {0.005780144397464486, -0.0001883277449616083, 0.013345624962806396, 
    0.0012563126262321945}}, {{-0.5150698445170321, 0.005780144397464501, 0, 
    -0.005780144397464504}, {0.005780144397464468, 0.0012563126262322187, 
    -0.00018832774496167293, 0.013345624962806411}, 
   {0, -0.00018832774496164474, 0.973905897244193, -0.00018832774496160734}, 
   {-0.005780144397464485, 0.013345624962806429, -0.00018832774496163054, 
    0.0012563126262321034}}, {{-0.5150698445170321, -0.005780144397464451, 
    0.005780144397464444, 0}, {-0.00578014439746443, 0.001256312626232113, 
    0.013345624962806436, -0.00018832774496158012}, 
   {0.005780144397464427, 0.013345624962806408, 0.0012563126262321589, 
    -0.0001883277449615875}, {0, -0.000188327744961679, 
    -0.0001883277449616821, 0.9739058972441927}}}, 
 {{{0., 0.05303196187866555, 0.05303196187866555, 0.053031961878665615}, 
   {-0.05303196187866555, 0., -0.04693817686317432, 0.04693817686317413}, 
   {-0.05303196187866555, 0.04693817686317432, 0., -0.04693817686317413}, 
   {-0.053031961878665615, -0.04693817686317413, 0.04693817686317413, 0.}}, 
  {{0., 0.053031961878665546, 0.053031961878665566, 0.05303196187866571}, 
   {-0.053031961878665546, 0., -0.04693817686317418, 0.046938176863174384}, 
   {-0.053031961878665566, 0.04693817686317418, 0., -0.04693817686317439}, 
   {-0.05303196187866571, -0.046938176863174384, 0.04693817686317439, 0.}}}, 
 {0, 0}, {{-1.4582134127061188, -1.4031009812667767}, 
  {-6.293696292286311, -1.5133258441454616, -1.633522301997694}, 
  {-1.5101594205682918, -1.4550469891289497}, {{2, 0.0003074376099958809}}, 
  {{2, 0.05745389006570795}}, {1.0694421631789243*^-8, 0.8533004479508988}}}
