{3, 28, {{{-0.5207168142822896, 0, -0.002303663803136476, 
    0.002303663803136476}, {0, 0.9889534343505786, -0.00008099600597031437, 
    -0.00008099600597020465}, {-0.0023036638031364433, 
    -0.00008099600597015174, 0.0004880308950247648, 0.00556520940844569}, 
   {0.0023036638031364576, -0.00008099600597017082, 0.005565209408445572, 
    0.00048803089502474136}}, {{-0.5207168142822898, 0.0023036638031364806, 
    0, -0.0023036638031364845}, {0.002303663803136462, 
    0.00048803089502479254, -0.00008099600597014903, 0.00556520940844567}, 
   {0, -0.00008099600597033876, 0.9889534343505786, -0.00008099600597018569}, 
   {-0.002303663803136462, 0.005565209408445609, -0.0000809960059701851, 
    0.0004880308950247769}}, {{-0.5207168142822899, -0.0023036638031364402, 
    0.002303663803136446, 0}, {-0.0023036638031364194, 
    0.00048803089502469366, 0.005565209408445648, -0.00008099600597016236}, 
   {0.002303663803136406, 0.0055652094084456, 0.0004880308950247769, 
    -0.00008099600597015708}, {0, -0.00008099600597021115, 
    -0.00008099600597020717, 0.9889534343505786}}}, 
 {{{0., 0.03446284103549917, 0.03446284103549918, 0.03446284103549922}, 
   {-0.03446284103549917, 0., -0.030508615254913544, 0.030508615254913437}, 
   {-0.03446284103549918, 0.030508615254913544, 0., -0.030508615254913433}, 
   {-0.03446284103549922, -0.030508615254913437, 0.030508615254913433, 0.}}, 
  {{0., 0.034462841035499174, 0.03446284103549918, 0.03446284103549929}, 
   {-0.034462841035499174, 0., -0.03050861525491344, 0.030508615254913635}, 
   {-0.03446284103549918, 0.03050861525491344, 0., -0.030508615254913628}, 
   {-0.03446284103549929, -0.030508615254913635, 0.030508615254913628, 0.}}}, 
 {0, 0}, {{-1.5245805510037422, -1.5007039943450793}, 
  {-6.297614701301401, -1.548457107662403, -1.6003502429882976}, 
  {-1.5470873236710894, -1.5232107670124264}, {{2, 0.00020697045331834196}}, 
  {{2, 0.05736941096226725}}, {8.063711405294789*^-10, 0.9355242681657214}}}
