{3, 28, {{{-0.5238612422386383, 0, -0.0005367964571923417, 
    0.000536796457192328}, {0, 0.9973087013253803, -0.000020415207685840233, 
    -0.00002041520768595673}, {-0.000536796457192317, 
    -0.000020415207686078594, 0.00011321924779795871, 0.0013418961127362305}, 
   {0.0005367964571923381, -0.000020415207685990124, 0.0013418961127362326, 
    0.00011321924779810703}}, {{-0.5238612422386382, 0.0005367964571923406, 
    0, -0.0005367964571923287}, {0.000536796457192317, 
    0.00011321924779792401, -0.000020415207686084015, 0.0013418961127362374}, 
   {0, -0.000020415207685852782, 0.9973087013253804, 
    -0.000020415207685964513}, {-0.0005367964571923281, 
    0.0013418961127362717, -0.000020415207686006143, 
    0.00011321924779797432}}, {{-0.5238612422386386, -0.0005367964571922953, 
    0.0005367964571922928, 0}, {-0.0005367964571922668, 
    0.00011321924779782947, 0.0013418961127363948, -0.0000204152076859721}, 
   {0.0005367964571922676, 0.0013418961127363333, 0.00011321924779789105, 
    -0.000020415207685977303}, {0, -0.000020415207685976517, 
    -0.000020415207685979966, 0.9973087013253807}}}, 
 {{{0., 0.017001342789577486, 0.01700134278957749, 0.017001342789577524}, 
   {-0.017001342789577486, 0., -0.015050444072143065, 0.015050444072142935}, 
   {-0.01700134278957749, 0.015050444072143065, 0., -0.015050444072142944}, 
   {-0.017001342789577524, -0.015050444072142935, 0.015050444072142944, 0.}}, 
  {{0., 0.017001342789577486, 0.017001342789577482, 0.017001342789577545}, 
   {-0.017001342789577486, 0., -0.015050444072143024, 0.015050444072143013}, 
   {-0.017001342789577482, 0.015050444072143024, 0., -0.015050444072143034}, 
   {-0.017001342789577545, -0.015050444072143013, 0.015050444072143034, 
    0.}}}, {0, 0}, {{-1.5623318245834081, -1.5564423866817196}, 
  {-6.298438094059631, -1.568221262485097, -1.5809977845447185}, 
  {-1.567883356915195, -1.5619939190135066}, {{2, 0.00010420059304415419}}, 
  {{2, 0.057374842139836096}}, {1.162240179887538*^-11, 0.9839604652004187}}}
