{5, 32, {{{-0.5245576120149144, 0, -0.00019164846491336095, 
    0.00019164846491335558}, {0, 0.998964437376336, 0.00004496326579563978, 
    0.00004496326579583568}, {-0.00019164846491332593, 
    0.00004496326579597393, -0.00001666678833336715, 0.0004646788841375785}, 
   {0.00019164846491335222, 0.0000449632657956904, 0.00046467888413748566, 
    -0.000016666788333213195}}, 
  {{-0.5245576120149145, 0.00019164846491335932, 0, -0.00019164846491335938}, 
   {0.00019164846491332048, -0.00001666678833329039, 0.000044963265795980206, 
    0.0004646788841375604}, {0, 0.00004496326579564081, 0.998964437376336, 
    0.00004496326579586458}, {-0.0001916484649133564, 0.00046467888413754155, 
    0.00004496326579565838, -0.000016666788333397076}}, 
  {{-0.5245576120149147, -0.00019164846491332425, 0.00019164846491333636, 0}, 
   {-0.00019164846491325437, -0.0000166667883335957, 0.0004646788841375474, 
    0.0000449632657957057}, {0.00019164846491327418, 0.0004646788841375866, 
    -0.000016666788333452587, 0.000044963265795674095}, 
   {0, 0.0000449632657958353, 0.00004496326579587154, 0.9989644373763362}}}, 
 {{{0., 0.0188856839442458, 0.018885683944245786, 0.018885683944245814}, 
   {-0.0188856839442458, 0., -0.019547390488132636, 0.019547390488132088}, 
   {-0.018885683944245786, 0.019547390488132636, 0., -0.019547390488132022}, 
   {-0.018885683944245814, -0.019547390488132088, 0.019547390488132022, 0.}}, 
  {{0., 0.0188856839442458, 0.018885683944245765, 0.01888568394424585}, 
   {-0.0188856839442458, 0., -0.019547390488132553, 0.019547390488132154}, 
   {-0.018885683944245765, 0.019547390488132553, 0., -0.01954739048813221}, 
   {-0.01888568394424585, -0.019547390488132154, 0.01954739048813221, 0.}}}, 
 {0, 0}, {{-1.5698421100352746, -1.5665710136225623}, 
  {-6.299204700195149, -1.5731132064479862, -1.5764891436495885}, 
  {-1.5731705119156725, -1.5698994155029602}, {{2, 0.0051416594802176745}, 
   {3, 0.004029153855343142}, {4, 0.003157664090992978}}, 
  {{2, 0.33486880760588306}, {3, 0.12119880323624388}, 
   {4, 0.017518733921417957}}, {5.578696466608225*^-11, 0.9938026879139336}}}
{5, 32, {{{-0.5245576120149144, 0, -0.00019164846491336095, 
    0.00019164846491335558}, {0, 0.998964437376336, 0.00004496326579563978, 
    0.00004496326579583568}, {-0.00019164846491332593, 
    0.00004496326579597393, -0.00001666678833336715, 0.0004646788841375785}, 
   {0.00019164846491335222, 0.0000449632657956904, 0.00046467888413748566, 
    -0.000016666788333213195}}, 
  {{-0.5245576120149145, 0.00019164846491335932, 0, -0.00019164846491335938}, 
   {0.00019164846491332048, -0.00001666678833329039, 0.000044963265795980206, 
    0.0004646788841375604}, {0, 0.00004496326579564081, 0.998964437376336, 
    0.00004496326579586458}, {-0.0001916484649133564, 0.00046467888413754155, 
    0.00004496326579565838, -0.000016666788333397076}}, 
  {{-0.5245576120149147, -0.00019164846491332425, 0.00019164846491333636, 0}, 
   {-0.00019164846491325437, -0.0000166667883335957, 0.0004646788841375474, 
    0.0000449632657957057}, {0.00019164846491327418, 0.0004646788841375866, 
    -0.000016666788333452587, 0.000044963265795674095}, 
   {0, 0.0000449632657958353, 0.00004496326579587154, 0.9989644373763362}}}, 
 {{{0., 0.0188856839442458, 0.018885683944245786, 0.018885683944245814}, 
   {-0.0188856839442458, 0., -0.019547390488132636, 0.019547390488132088}, 
   {-0.018885683944245786, 0.019547390488132636, 0., -0.019547390488132022}, 
   {-0.018885683944245814, -0.019547390488132088, 0.019547390488132022, 0.}}, 
  {{0., 0.0188856839442458, 0.018885683944245765, 0.01888568394424585}, 
   {-0.0188856839442458, 0., -0.019547390488132553, 0.019547390488132154}, 
   {-0.018885683944245765, 0.019547390488132553, 0., -0.01954739048813221}, 
   {-0.01888568394424585, -0.019547390488132154, 0.01954739048813221, 0.}}}, 
 {0, 0}, {{-1.5698421100352746, -1.5665710136225623}, 
  {-6.299204700195149, -1.5731132064479862, -1.5764891436495885}, 
  {-1.5731705119156725, -1.5698994155029602}, {{2, 0.0051416594802176745}, 
   {3, 0.004029153855343142}, {4, 0.003157664090992978}}, 
  {{2, 0.33486880760588306}, {3, 0.12119880323624388}, 
   {4, 0.017518733921417957}}, {5.578696466608225*^-11, 0.9938026879139336}}}
