{20, 32, {{{-0.5240783733926255, 0, -0.0003078741177265911, 
    0.00030787411772657347}, {0, 0.9985450607672391, -0.00017822224389022826, 
    -0.00017822224389023493}, {-0.00030787411772657033, 
    -0.00017822224389020687, 0.0002496342019279443, 0.0008833305873338329}, 
   {0.00030787411772657824, -0.00017822224389022856, 0.0008833305873338444, 
    0.0002496342019279868}}, {{-0.5240783733926254, 0.00030787411772658556, 
    0, -0.0003078741177265776}, {0.00030787411772657325, 
    0.0002496342019279343, -0.00017822224389020116, 0.000883330587333901}, 
   {0, -0.00017822224389022306, 0.9985450607672391, -0.00017822224389027355}, 
   {-0.00030787411772657667, 0.0008833305873338394, -0.0001782222438901792, 
    0.0002496342019280562}}, {{-0.5240783733926256, -0.0003078741177265659, 
    0.00030787411772657456, 0}, {-0.000307874117726538, 0.000249634201927665, 
    0.0008833305873338722, -0.0001782222438902344}, 
   {0.00030787411772654246, 0.0008833305873340976, 0.0002496342019276121, 
    -0.00017822224389019728}, {0, -0.00017822224389023403, 
    -0.0001782222438902815, 0.9985450607672399}}}, 
 {{{0., 0.030048771976121887, 0.0300487719761219, 0.030048771976122057}, 
   {-0.030048771976121887, 0., -0.019585455565368778, 0.01958545556536877}, 
   {-0.0300487719761219, 0.019585455565368778, 0., -0.019585455565368802}, 
   {-0.030048771976122057, -0.01958545556536877, 0.019585455565368802, 0.}}, 
  {{0., 0.030048771976121914, 0.030048771976121883, 0.030048771976122088}, 
   {-0.030048771976121914, 0., -0.019585455565368684, 0.019585455565368937}, 
   {-0.030048771976121883, 0.019585455565368684, 0., -0.019585455565368965}, 
   {-0.030048771976122088, -0.019585455565368937, 0.019585455565368965, 
    0.}}}, {0, 0}, {{-1.567451799733456, -1.5622471997566865}, 
  {-6.298461365387425, -1.5726563997102248, -1.5765742829834877}, 
  {-1.571750249928271, -1.5665456499515014}, {{2, 0.0051416594802176745}, 
   {3, 0.004029153855343142}, {4, 0.003157664090992978}, 
   {5, 0.002474963071404178}, {6, 0.0019400923686853887}, 
   {7, 0.0015209775720953292}, {8, 0.001192515483893538}, 
   {9, 0.0009350607196635975}, {10, 0.0007332368529714035}, 
   {11, 0.0005750057913270837}, {12, 0.00045094040229216176}, 
   {13, 0.0003536562517366011}, {14, 0.00027736759855264553}, 
   {15, 0.00021754034642847142}, {16, 0.00017062065313527136}, 
   {17, 0.00013382260263863216}, {18, 0.00010496201287783433}, 
   {19, 0.0000823263041743634}}, {{2, 0.33486880760588306}, 
   {3, 0.12119880323624388}, {4, 0.017518733921417957}, 
   {5, 0.04228907631013601}, {6, 0.08027273075742505}, 
   {7, 0.10588966282852348}, {8, 0.12387419649829703}, 
   {9, 0.13685955971055103}, {10, 0.14642661089008005}, 
   {11, 0.15358062791158136}, {12, 0.15898987855981417}, 
   {13, 0.16311428917200343}, {14, 0.1662791789189847}, 
   {15, 0.16871969331958697}, {16, 0.17060874189116948}, 
   {17, 0.1720752119360469}, {18, 0.17321621732761008}, 
   {19, 0.17410555777566775}}, {5.644195747086835*^-11, 0.9913020557954692}}}
