{3, 28, {{{-0.5168184813799236, 0, -0.00553354608765967, 
    0.005533546087659673}, {0, 0.9727109388973435, 0.001348648524062627, 
    0.0013486485240626592}, {-0.005533546087659626, 0.0013486485240625447, 
    -0.00041176067025899127, 0.012628724047794845}, 
   {0.005533546087659655, 0.001348648524062621, 0.012628724047794821, 
    -0.0004117606702590893}}, {{-0.5168184813799237, 0.005533546087659682, 0, 
    -0.005533546087659682}, {0.00553354608765964, -0.00041176067025899647, 
    0.0013486485240625451, 0.012628724047794845}, 
   {0, 0.0013486485240626438, 0.9727109388973436, 0.0013486485240626713}, 
   {-0.005533546087659655, 0.012628724047794833, 0.0013486485240625837, 
    -0.0004117606702590537}}, {{-0.5168184813799237, -0.0055335460876596255, 
    0.005533546087659618, 0}, {-0.005533546087659592, 
    -0.00041176067025906673, 0.012628724047794825, 0.00134864852406266}, 
   {0.005533546087659576, 0.012628724047794797, -0.0004117606702590815, 
    0.001348648524062656}, {0, 0.00134864852406262, 0.0013486485240626236, 
    0.9727109388973435}}}, 
 {{{0., 0.048085171516426384, 0.048085171516426384, 0.04808517151642644}, 
   {-0.048085171516426384, 0., -0.050499586553487366, 0.050499586553487116}, 
   {-0.048085171516426384, 0.050499586553487366, 0., -0.05049958655348711}, 
   {-0.04808517151642644, -0.050499586553487116, 0.05049958655348711, 0.}}, 
  {{0., 0.048085171516426384, 0.0480851715164264, 0.04808517151642652}, 
   {-0.048085171516426384, 0., -0.05049958655348721, 0.05049958655348741}, 
   {-0.0480851715164264, 0.05049958655348721, 0., -0.05049958655348738}, 
   {-0.04808517151642652, -0.05049958655348741, 0.05049958655348738, 0.}}}, 
 {0, 0}, {{-1.465109945852719, -1.4151383697584494}, 
  {-6.29388028140148, -1.5150815219469869, -1.631858618753753}, 
  {-1.516336088801412, -1.4663645127071423}, {{2, 0.0003097989664056916}}, 
  {{2, 0.0251056090778012}}, {1.658543761399146*^-8, 0.8470378149680771}}}
