{3, 28, {{{-0.521480500373173, 0, -0.0022245248989701816, 
    0.002224524898970174}, {0, 0.988392595307636, 0.0005882904443726784, 
    0.0005882904443727413}, {-0.002224524898970129, 0.0005882904443726212, 
    -0.0002454432471400026, 0.005230886446331079}, 
   {0.002224524898970145, 0.0005882904443726357, 0.005230886446331111, 
    -0.00024544324713991674}}, {{-0.521480500373173, 0.002224524898970179, 0, 
    -0.0022245248989701703}, {0.0022245248989701417, -0.00024544324713998266, 
    0.0005882904443726208, 0.005230886446331117}, 
   {0, 0.0005882904443726914, 0.988392595307636, 0.0005882904443726955}, 
   {-0.0022245248989701443, 0.005230886446331059, 0.0005882904443726903, 
    -0.00024544324714001475}}, {{-0.521480500373173, -0.002224524898970114, 
    0.002224524898970123, 0}, {-0.002224524898970087, -0.0002454432471400373, 
    0.005230886446331124, 0.0005882904443726766}, 
   {0.0022245248989700766, 0.005230886446331128, -0.000245443247139987, 
    0.0005882904443727157}, {0, 0.0005882904443726984, 0.0005882904443726537, 
    0.988392595307636}}}, 
 {{{0., 0.031141499058615435, 0.03114149905861543, 0.031141499058615477}, 
   {-0.031141499058615435, 0., -0.03294208239575558, 0.03294208239575547}, 
   {-0.03114149905861543, 0.03294208239575558, 0., -0.03294208239575547}, 
   {-0.031141499058615477, -0.03294208239575547, 0.03294208239575547, 0.}}, 
  {{0., 0.03114149905861543, 0.03114149905861543, 0.03114149905861551}, 
   {-0.03114149905861543, 0., -0.032942082395755454, 0.032942082395755676}, 
   {-0.03114149905861543, 0.032942082395755454, 0., -0.032942082395755676}, 
   {-0.03114149905861551, -0.032942082395755676, 0.032942082395755676, 0.}}}, 
 {0, 0}, {{-1.5276163109519958, -1.5060408475146436}, 
  {-6.297650574615836, -1.5491917743893486, -1.5996335129185693}, 
  {-1.5498155147539856, -1.5282400513166334}, {{2, 0.00020752895284125578}}, 
  {{2, 0.028909708773989795}}, {1.277927731993919*^-9, 0.932345542788766}}}
