{15, 40, {{{-0.5203154085404413, 0, -0.00285248738394393, 
    0.0028524873839439126}, {0, 0.9858116409902644, 0.00044009615558671675, 
    0.0004400961555866916}, {-0.0028524873839439013, 0.00044009615558664194, 
    0.00002639695195161794, 0.006676976470136617}, 
   {0.002852487383943895, 0.00044009615558665994, 0.006676976470136613, 
    0.000026396951951651766}}, {{-0.5203154085404412, 0.0028524873839439217, 
    0, -0.002852487383943907}, {0.002852487383943901, 
    0.000026396951951628347, 0.00044009615558664216, 0.006676976470136636}, 
   {0, 0.00044009615558670786, 0.9858116409902643, 0.0004400961555866784}, 
   {-0.002852487383943894, 0.00667697647013662, 0.0004400961555866565, 
    0.000026396951951612735}}, {{-0.5203154085404411, -0.0028524873839438697, 
    0.002852487383943869, 0}, {-0.0028524873839438506, 
    0.000026396951951608398, 0.006676976470136618, 0.0004400961555866916}, 
   {0.0028524873839438445, 0.006676976470136644, 0.000026396951951612735, 
    0.0004400961555866888}, {0, 0.00044009615558662936, 
    0.00044009615558664227, 0.9858116409902642}}}, 
 {{{0., 0.07216688115014583, 0.07216688115014583, 0.07216688115014612}, 
   {-0.07216688115014583, 0., -0.07162124693598264, 0.07162124693598224}, 
   {-0.07216688115014583, 0.07162124693598264, 0., -0.07162124693598225}, 
   {-0.07216688115014612, -0.07162124693598224, 0.07162124693598225, 0.}}, 
  {{0., 0.07216688115014581, 0.0721668811501458, 0.07216688115014619}, 
   {-0.07216688115014581, 0., -0.07162124693598235, 0.07162124693598268}, 
   {-0.0721668811501458, 0.07162124693598235, 0., -0.07162124693598268}, 
   {-0.07216688115014619, -0.07162124693598268, 0.07162124693598268, 0.}}}, 
 {0, 0}, {{-1.5144241908538651, -1.4744252453255988}, 
  {-6.297207891923338, -1.5544231363821344, -1.5941808095795347}, 
  {-1.5542719257931286, -1.5142729802648622}, {{2, 0.00014498742951776777}, 
   {3, 0.0001158533619803892}, {4, 0.00009257452752280126}, 
   {5, 0.00007397498544678416}, {6, 0.000059113484704581554}, 
   {7, 0.000047238365855933884}, {8, 0.00003774926259156319}, 
   {9, 0.000030166596888231423}, {10, 0.00002410724368957784}, 
   {11, 0.000019265110604016478}, {12, 0.000015395635568307697}, 
   {13, 0.00001230340924432416}, {14, 9.832290517597375*^-6}}, 
  {{2, 0.00020432173335574883}, {3, 0.0009796601933826257}, 
   {4, 0.0015973499983712725}, {5, 0.002089764384609609}, 
   {6, 0.0024825066842287745}, {7, 0.0027958767154128246}, 
   {8, 0.003045994840650919}, {9, 0.0032456787000191886}, 
   {10, 0.003405130218389993}, {11, 0.0035324759962632236}, 
   {12, 0.003634193690077462}, {13, 0.00371544927890642}, 
   {14, 0.0037803643823005593}}, {1.349743569973941*^-7, 0.9178329683154798}}}
