{9, 32, {{{-0.5228895218164565, 0, -0.0012169819334599766, 
    0.0012169819334599801}, {0, 0.9936680197752014, 0.00023024563274907884, 
    0.0002302456327491029}, {-0.0012169819334599445, 0.00023024563274907852, 
    -0.000041355668782356615, 0.002911638632606287}, 
   {0.001216981933459965, 0.00023024563274910627, 0.002911638632606222, 
    -0.00004135566878229503}}, {{-0.5228895218164566, 0.0012169819334599697, 
    0, -0.0012169819334599853}, {0.0012169819334599521, 
    -0.000041355668782402585, 0.00023024563274907798, 0.002911638632606255}, 
   {0, 0.00023024563274908047, 0.9936680197752012, 0.00023024563274913435}, 
   {-0.0012169819334599697, 0.002911638632606256, 0.00023024563274908313, 
    -0.000041355668782383503}}, 
  {{-0.5228895218164566, -0.0012169819334599341, 0.001216981933459939, 0}, 
   {-0.0012169819334599207, -0.000041355668782481515, 0.0029116386326063243, 
    0.00023024563274912422}, {0.0012169819334599207, 0.002911638632606208, 
    -0.00004135566878246677, 0.0002302456327490926}, 
   {0, 0.00023024563274908372, 0.0002302456327491192, 0.9936680197752015}}}, 
 {{{0., 0.023773789062323483, 0.023773789062323487, 0.023773789062323525}, 
   {-0.023773789062323483, 0., -0.02402612261297874, 0.02402612261297866}, 
   {-0.023773789062323487, 0.02402612261297874, 0., -0.024026122612978644}, 
   {-0.023773789062323525, -0.02402612261297866, 0.024026122612978644, 0.}}, 
  {{0., 0.023773789062323483, 0.02377378906232348, 0.023773789062323546}, 
   {-0.023773789062323483, 0., -0.024026122612978623, 0.024026122612978797}, 
   {-0.02377378906232348, 0.024026122612978623, 0., -0.024026122612978793}, 
   {-0.023773789062323546, -0.024026122612978797, 0.024026122612978793, 
    0.}}}, {0, 0}, {{-1.548078143089509, -1.5357249199261989}, 
  {-6.298223555402203, -1.5604313662528204, -1.5886804114482809}, 
  {-1.560496924432348, -1.548143701269038}, {{2, 0.011395116007861417}, 
   {3, 0.004507658421524577}, {4, 0.0017877022792719827}, 
   {5, 0.0007097864655732644}, {6, 0.00028194319771975007}, 
   {7, 0.00011201513462804485}, {8, 0.0000445065803808542}}, 
  {{2, 0.09702768261821207}, {3, 0.037739981708691674}, 
   {4, 0.017489573741925578}, {5, 0.00988688520230141}, 
   {6, 0.006931887218928588}, {7, 0.005767890171442714}, 
   {8, 0.005306969578843983}}, {1.9235440421668598*^-10, 0.9626044748216536}}}
