{10, 32, {{{-0.5128875421570985, 0, -0.00811981981899509, 
    0.008119819818995073}, {0, 0.962192989429808, 0.0012970455955384867, 
    0.0012970455955385136}, {-0.008119819818995042, 0.0012970455955383662, 
    0.00018086551209434924, 0.018199947937554944}, 
   {0.00811981981899505, 0.0012970455955383727, 0.01819994793755495, 
    0.00018086551209430327}}, {{-0.5128875421570984, 0.008119819818995094, 0, 
    -0.008119819818995075}, {0.00811981981899506, 0.0001808655120943436, 
    0.0012970455955383696, 0.018199947937554972}, 
   {0, 0.0012970455955384815, 0.962192989429808, 0.0012970455955384772}, 
   {-0.008119819818995067, 0.018199947937554938, 0.001297045595538413, 
    0.00018086551209431367}}, {{-0.5128875421570985, -0.008119819818995042, 
    0.008119819818995042, 0}, {-0.008119819818995021, 0.00018086551209427204, 
    0.018199947937554965, 0.0012970455955384486}, 
   {0.008119819818995015, 0.01819994793755502, 0.00018086551209428592, 
    0.0012970455955384763}, {0, 0.0012970455955383857, 0.0012970455955383822, 
    0.9621929894298078}}}, 
 {{{0., 0.05874145155257251, 0.0587414515525725, 0.05874145155257254}, 
   {-0.05874145155257251, 0., -0.058715516759593626, 0.05871551675959333}, 
   {-0.0587414515525725, 0.058715516759593626, 0., -0.05871551675959332}, 
   {-0.05874145155257254, -0.05871551675959333, 0.05871551675959332, 0.}}, 
  {{0., 0.058741451552572495, 0.0587414515525725, 0.05874145155257264}, 
   {-0.058741451552572495, 0., -0.058715516759593446, 0.05871551675959363}, 
   {-0.0587414515525725, 0.058715516759593446, 0., -0.05871551675959364}, 
   {-0.05874145155257264, -0.05871551675959363, 0.05871551675959364, 0.}}}, 
 {0, 0}, {{-1.419621841660263, -1.3484016166406838}, 
  {-6.289583237251424, -1.4908420666798454, -1.6539495519458667}, 
  {-1.4908263445471508, -1.4196061195275715}, {{2, 0.028702922335786155}, 
   {3, 0.012031510780942972}, {4, 0.005149368967249712}, 
   {5, 0.0022254875727064916}, {6, 0.0009660462510469037}, 
   {7, 0.00042015420219712607}, {8, 0.00018288848407446712}, 
   {9, 0.00007963869688554226}}, {{2, 0.09446278679144124}, 
   {3, 0.03518203628163744}, {4, 0.014172714414803259}, 
   {5, 0.005765804815418216}, {6, 0.0022338174657436745}, 
   {7, 0.0007191505453028578}, {8, 0.00006384350913687118}, 
   {9, 0.00022075376325882422}}, {4.097484552457657*^-8, 0.7935478690728394}}}
{3, 32, {{{-0.5128639056419086, 0, -0.008130548347640114, 
    0.008130548347640109}, {0, 0.9621634726001604, 0.0012878949984981131, 
    0.0012878949984981452}, {-0.008130548347640078, 0.0012878949984980737, 
    0.0001927353910251518, 0.018223273299683488}, 
   {0.008130548347640088, 0.0012878949984980498, 0.01822327329968346, 
    0.00019273539102512144}}, {{-0.5128639056419088, 0.008130548347640128, 0, 
    -0.008130548347640116}, {0.00813054834764008, 0.00019273539102513922, 
    0.0012878949984980728, 0.01822327329968352}, {0, 0.0012878949984981127, 
    0.9621634726001603, 0.001287894998498137}, {-0.008130548347640092, 
    0.01822327329968346, 0.0012878949984980643, 0.00019273539102512838}}, 
  {{-0.5128639056419088, -0.008130548347640043, 0.008130548347640048, 0}, 
   {-0.008130548347640043, 0.00019273539102506506, 0.0182232732996835, 
    0.0012878949984981378}, {0.008130548347640043, 0.01822327329968353, 
    0.0001927353910250451, 0.001287894998498152}, 
   {0, 0.001287894998498046, 0.001287894998498036, 0.9621634726001603}}}, 
 {{{0., 0.058799596852663505, 0.058799596852663505, 0.05879959685266356}, 
   {-0.058799596852663505, 0., -0.0587248483251772, 0.058724848325176916}, 
   {-0.058799596852663505, 0.0587248483251772, 0., -0.05872484832517692}, 
   {-0.05879959685266356, -0.058724848325176916, 0.05872484832517692, 0.}}, 
  {{0., 0.058799596852663505, 0.0587995968526635, 0.05879959685266364}, 
   {-0.058799596852663505, 0., -0.05872484832517699, 0.05872484832517724}, 
   {-0.0587995968526635, 0.05872484832517699, 0., -0.05872484832517723}, 
   {-0.05879959685266364, -0.05872484832517724, 0.05872484832517723, 0.}}}, 
 {0, 0}, {{-1.4194582045918396, -1.3481674821424752}, 
  {-6.289437966166435, -1.4907489270412069, -1.6539700560420108}, 
  {-1.4907036131546167, -1.4194128907052523}, {{2, 0.00007094587298114852}}, 
  {{2, 0.0006356210883022831}}, {4.101393346225422*^-8, 0.7934018200707046}}}
