{7, 32, {{{-0.5246555791458232, 0, -0.00012895318468606935, 
    0.0001289531846860786}, {0, 0.9993082114904216, 0.00002597094681098333, 
    0.00002597094681095616}, {-0.00012895318468603349, 
    0.00002597094681092851, -6.5987343647782096*^-6, 0.0003141092219041046}, 
   {0.00012895318468604273, 0.00002597094681102254, 0.0003141092219042119, 
    -6.598734364904844*^-6}}, {{-0.5246555791458234, 0.0001289531846860739, 
    0, -0.00012895318468607344}, {0.00012895318468603107, 
    -6.598734364812037*^-6, 0.000025970946810934373, 0.0003141092219041548}, 
   {0, 0.000025970946810972815, 0.9993082114904217, 0.000025970946810955346}, 
   {-0.00012895318468604717, 0.00031410922190424153, 0.00002597094681101736, 
    -6.598734364871017*^-6}}, {{-0.5246555791458236, -0.00012895318468602037, 
    0.00012895318468601717, 0}, {-0.0001289531846859659, 
    -6.598734365148573*^-6, 0.0003141092219040889, 0.000025970946811017985}, 
   {0.00012895318468596263, 0.0003141092219044615, -6.59873436523184*^-6, 
    0.000025970946811026825}, {0, 0.000025970946810966364, 
    0.000025970946810968214, 0.9993082114904226}}}, 
 {{{0., 0.007826190438422517, 0.007826190438422522, 0.007826190438422535}, 
   {-0.007826190438422517, 0., -0.007947763220680845, 0.007947763220680597}, 
   {-0.007826190438422522, 0.007947763220680845, 0., -0.007947763220680606}, 
   {-0.007826190438422535, -0.007947763220680597, 0.007947763220680606, 0.}}, 
  {{0., 0.00782619043842252, 0.00782619043842252, 0.007826190438422542}, 
   {-0.00782619043842252, 0., -0.007947763220680797, 0.007947763220680651}, 
   {-0.00782619043842252, 0.007947763220680797, 0., -0.007947763220680634}, 
   {-0.007826190438422542, -0.007947763220680651, 0.007947763220680634, 
    0.}}}, {0, 0}, {{-1.5717060971574828, -1.570350561210578}, 
  {-6.298452318217757, -1.573061633104388, -1.5761645260044905}, 
  {-1.573072161616173, -1.571716625669268}, {{2, 0.0037445606383991886}, 
   {3, 0.0014674732701789317}, {4, 0.0005752427481972855}, 
   {5, 0.0002255176430941714}, {6, 0.00008841574201902055}}, 
  {{2, 0.0975537684738462}, {3, 0.038267897913583065}, 
   {4, 0.018130680781355647}, {5, 0.010643426485511094}, 
   {6, 0.007767047276367234}}, {2.520400290043007*^-13, 0.995856440894693}}}
{3, 32, {{{-0.5246538307659134, 0, -0.0001294815993945182, 
    0.00012948159939449072}, {0, 0.9993066823664514, 0.000025157382164419783, 
    0.000025157382164242516}, {-0.00012948159939447132, 
    0.00002515738216427729, -5.627856224948817*^-6, 0.000315637156229501}, 
   {0.0001294815993945273, 0.000025157382164190867, 0.00031563715622974465, 
    -5.627856224987848*^-6}}, {{-0.5246538307659133, 0.0001294815993945167, 
    0, -0.0001294815993944902}, {0.00012948159939447237, 
    -5.627856224979608*^-6, 0.000025157382164281655, 0.0003156371562296561}, 
   {0, 0.0000251573821644226, 0.9993066823664517, 0.000025157382164104554}, 
   {-0.00012948159939452845, 0.000315637156229623, 0.0000251573821643276, 
    -5.6278562250433595*^-6}}, 
  {{-0.5246538307659138, -0.00012948159939448752, 0.00012948159939448812, 0}, 
   {-0.00012948159939442936, -5.627856225246322*^-6, 0.00031563715622962994, 
    0.000025157382164196776}, {0.0001294815993944249, 0.00031563715622972047, 
    -5.627856225209893*^-6, 0.000025157382164338095}, 
   {0, 0.00002515738216423347, 0.000025157382164101386, 
    0.9993066823664523}}}, 
 {{{0., 0.007857951484143776, 0.007857951484143776, 0.007857951484143788}, 
   {-0.007857951484143776, 0., -0.007947855228223487, 0.007947855228223333}, 
   {-0.007857951484143776, 0.007947855228223487, 0., -0.007947855228223338}, 
   {-0.007857951484143788, -0.007947855228223333, 0.007947855228223338, 0.}}, 
  {{0., 0.007857951484143779, 0.007857951484143786, 0.00785795148414379}, 
   {-0.007857951484143779, 0., -0.007947855228223428, 0.007947855228223399}, 
   {-0.007857951484143786, 0.007947855228223428, 0., -0.007947855228223409}, 
   {-0.00785795148414379, -0.007947855228223399, 0.007947855228223409, 0.}}}, 
 {0, 0}, {{-1.571694442123791, -1.570333405002396}, 
  {-6.298443005228281, -1.5730554792451863, -1.576166023368954}, 
  {-1.5730632651378127, -1.5717022280164177}, {{2, 0.000010081198419092247}}, 
  {{2, 0.005720558612574129}}, {2.520575360091553*^-13, 0.9958472978768825}}}
