{9, 32, {{{-0.5191536444907066, 0, -0.003681454554696367, 
    0.003681454554696357}, {0, 0.9818125897285201, 0.0006497587323054045, 
    0.0006497587323053768}, {-0.0036814545546963217, 0.0006497587323053603, 
    -0.000041778760052175404, 0.008530900961269666}, 
   {0.0036814545546963572, 0.0006497587323053213, 0.008530900961269666, 
    -0.000041778760052124664}}, {{-0.5191536444907064, 0.0036814545546963832, 
    0, -0.0036814545546963603}, {0.003681454554696334, 
    -0.00004177876005216456, 0.0006497587323053527, 0.00853090096126968}, 
   {0, 0.0006497587323054126, 0.9818125897285201, 0.0006497587323053826}, 
   {-0.0036814545546963676, 0.008530900961269666, 0.0006497587323053416, 
    -0.00004177876005206915}}, {{-0.5191536444907064, -0.003681454554696326, 
    0.0036814545546963295, 0}, {-0.0036814545546962757, 
    -0.00004177876005226171, 0.0085309009612697, 0.0006497587323053789}, 
   {0.003681454554696281, 0.008530900961269697, -0.00004177876005226344, 
    0.000649758732305382}, {0, 0.0006497587323053425, 0.0006497587323053453, 
    0.9818125897285201}}}, 
 {{{0., 0.040453030920272734, 0.040453030920272734, 0.04045303092027279}, 
   {-0.040453030920272734, 0., -0.04072126102519662, 0.040721261025196485}, 
   {-0.040453030920272734, 0.04072126102519662, 0., -0.04072126102519649}, 
   {-0.04045303092027279, -0.040721261025196485, 0.04072126102519649, 0.}}, 
  {{0., 0.040453030920272734, 0.040453030920272734, 0.04045303092027285}, 
   {-0.040453030920272734, 0., -0.0407212610251965, 0.0407212610251967}, 
   {-0.040453030920272734, 0.0407212610251965, 0., -0.04072126102519672}, 
   {-0.04045303092027285, -0.0407212610251967, 0.04072126102519672, 0.}}}, 
 {0, 0}, {{-1.4990107431881354, -1.4639773907511038}, 
  {-6.296483774679439, -1.5340440956251695, -1.61419779171455}, 
  {-1.5341602426676308, -1.4991268902305992}, {{2, 0.01956433788120889}, 
   {3, 0.007904632232435607}, {4, 0.003221084118445794}, 
   {5, 0.0013176267676594244}, {6, 0.0005398748354539656}, 
   {7, 0.0002213549891161154}, {8, 0.00009078361711466199}}, 
  {{2, 0.09597139170223264}, {3, 0.036670439326907805}, 
   {4, 0.016146626543821676}, {5, 0.00826424859696839}, 
   {6, 0.005115201099130833}, {7, 0.003837252562261607}, 
   {8, 0.003315327662993497}}, {4.559605938715618*^-9, 0.8957185747831886}}}
