{10, 32, {{{-0.5128875421570985, 0, -0.00811981981899509, 
    0.008119819818995073}, {0, 0.962192989429808, 0.0012970455955384867, 
    0.0012970455955385136}, {-0.008119819818995042, 0.0012970455955383662, 
    0.00018086551209434924, 0.018199947937554944}, 
   {0.00811981981899505, 0.0012970455955383727, 0.01819994793755495, 
    0.00018086551209430327}}, {{-0.5128875421570984, 0.008119819818995094, 0, 
    -0.008119819818995075}, {0.00811981981899506, 0.0001808655120943436, 
    0.0012970455955383696, 0.018199947937554972}, 
   {0, 0.0012970455955384815, 0.962192989429808, 0.0012970455955384772}, 
   {-0.008119819818995067, 0.018199947937554938, 0.001297045595538413, 
    0.00018086551209431367}}, {{-0.5128875421570985, -0.008119819818995042, 
    0.008119819818995042, 0}, {-0.008119819818995021, 0.00018086551209427204, 
    0.018199947937554965, 0.0012970455955384486}, 
   {0.008119819818995015, 0.01819994793755502, 0.00018086551209428592, 
    0.0012970455955384763}, {0, 0.0012970455955383857, 0.0012970455955383822, 
    0.9621929894298078}}}, 
 {{{0., 0.05874145155257251, 0.0587414515525725, 0.05874145155257254}, 
   {-0.05874145155257251, 0., -0.058715516759593626, 0.05871551675959333}, 
   {-0.0587414515525725, 0.058715516759593626, 0., -0.05871551675959332}, 
   {-0.05874145155257254, -0.05871551675959333, 0.05871551675959332, 0.}}, 
  {{0., 0.058741451552572495, 0.0587414515525725, 0.05874145155257264}, 
   {-0.058741451552572495, 0., -0.058715516759593446, 0.05871551675959363}, 
   {-0.0587414515525725, 0.058715516759593446, 0., -0.05871551675959364}, 
   {-0.05874145155257264, -0.05871551675959363, 0.05871551675959364, 0.}}}, 
 {0, 0}, {{-1.419621841660263, -1.3484016166406838}, 
  {-6.289583237251424, -1.4908420666798454, -1.6539495519458667}, 
  {-1.4908263445471508, -1.4196061195275715}, {{2, 0.028702922335786155}, 
   {3, 0.012031510780942972}, {4, 0.005149368967249712}, 
   {5, 0.0022254875727064916}, {6, 0.0009660462510469037}, 
   {7, 0.00042015420219712607}, {8, 0.00018288848407446712}, 
   {9, 0.00007963869688554226}}, {{2, 0.09446278679144124}, 
   {3, 0.03518203628163744}, {4, 0.014172714414803259}, 
   {5, 0.005765804815418216}, {6, 0.0022338174657436745}, 
   {7, 0.0007191505453028578}, {8, 0.00006384350913687118}, 
   {9, 0.00022075376325882422}}, {4.097484552457657*^-8, 0.7935478690728394}}}
