{9, 32, {{{-0.5191536444907066, 0, -0.003681454554696367, 
    0.003681454554696357}, {0, 0.9818125897285201, 0.0006497587323054045, 
    0.0006497587323053768}, {-0.0036814545546963217, 0.0006497587323053603, 
    -0.000041778760052175404, 0.008530900961269666}, 
   {0.0036814545546963572, 0.0006497587323053213, 0.008530900961269666, 
    -0.000041778760052124664}}, {{-0.5191536444907064, 0.0036814545546963832, 
    0, -0.0036814545546963603}, {0.003681454554696334, 
    -0.00004177876005216456, 0.0006497587323053527, 0.00853090096126968}, 
   {0, 0.0006497587323054126, 0.9818125897285201, 0.0006497587323053826}, 
   {-0.0036814545546963676, 0.008530900961269666, 0.0006497587323053416, 
    -0.00004177876005206915}}, {{-0.5191536444907064, -0.003681454554696326, 
    0.0036814545546963295, 0}, {-0.0036814545546962757, 
    -0.00004177876005226171, 0.0085309009612697, 0.0006497587323053789}, 
   {0.003681454554696281, 0.008530900961269697, -0.00004177876005226344, 
    0.000649758732305382}, {0, 0.0006497587323053425, 0.0006497587323053453, 
    0.9818125897285201}}}, 
 {{{0., 0.040453030920272734, 0.040453030920272734, 0.04045303092027279}, 
   {-0.040453030920272734, 0., -0.04072126102519662, 0.040721261025196485}, 
   {-0.040453030920272734, 0.04072126102519662, 0., -0.04072126102519649}, 
   {-0.04045303092027279, -0.040721261025196485, 0.04072126102519649, 0.}}, 
  {{0., 0.040453030920272734, 0.040453030920272734, 0.04045303092027285}, 
   {-0.040453030920272734, 0., -0.0407212610251965, 0.0407212610251967}, 
   {-0.040453030920272734, 0.0407212610251965, 0., -0.04072126102519672}, 
   {-0.04045303092027285, -0.0407212610251967, 0.04072126102519672, 0.}}}, 
 {0, 0}, {{-1.4990107431881354, -1.4639773907511038}, 
  {-6.296483774679439, -1.5340440956251695, -1.61419779171455}, 
  {-1.5341602426676308, -1.4991268902305992}, {{2, 0.01956433788120889}, 
   {3, 0.007904632232435607}, {4, 0.003221084118445794}, 
   {5, 0.0013176267676594244}, {6, 0.0005398748354539656}, 
   {7, 0.0002213549891161154}, {8, 0.00009078361711466199}}, 
  {{2, 0.09597139170223264}, {3, 0.036670439326907805}, 
   {4, 0.016146626543821676}, {5, 0.00826424859696839}, 
   {6, 0.005115201099130833}, {7, 0.003837252562261607}, 
   {8, 0.003315327662993497}}, {4.559605938715618*^-9, 0.8957185747831886}}}
{3, 32, {{{-0.5191397283814481, 0, -0.003686885301307084, 
    0.003686885301307079}, {0, 0.9817979160278061, 0.0006438128716367284, 
    0.0006438128716367531}, {-0.0036868853013070513, 0.0006438128716366963, 
    -0.00003440239817682593, 0.00854384688597645}, 
   {0.0036868853013070696, 0.0006438128716366816, 0.008543846885976404, 
    -0.0000344023981767921}}, {{-0.5191397283814481, 0.003686885301307101, 0, 
    -0.003686885301307083}, {0.003686885301307057, -0.000034402398176828965, 
    0.0006438128716366998, 0.00854384688597647}, {0, 0.0006438128716367338, 
    0.9817979160278059, 0.0006438128716367503}, {-0.0036868853013070687, 
    0.008543846885976425, 0.000643812871636685, -0.000034402398176813787}}, 
  {{-0.5191397283814481, -0.003686885301307046, 0.003686885301307039, 0}, 
   {-0.0036868853013070127, -0.000034402398176886645, 0.008543846885976505, 
    0.0006438128716367024}, {0.0036868853013070084, 0.008543846885976506, 
    -0.0000344023981768693, 0.0006438128716367165}, 
   {0, 0.0006438128716367061, 0.0006438128716366967, 0.9817979160278059}}}, 
 {{{0., 0.04050233071219268, 0.04050233071219268, 0.040502330712192725}, 
   {-0.04050233071219268, 0., -0.040725084639819706, 0.04072508463981949}, 
   {-0.04050233071219268, 0.040725084639819706, 0., -0.0407250846398195}, 
   {-0.040502330712192725, -0.04072508463981949, 0.0407250846398195, 0.}}, 
  {{0., 0.04050233071219267, 0.04050233071219267, 0.04050233071219278}, 
   {-0.04050233071219267, 0., -0.04072508463981957, 0.04072508463981975}, 
   {-0.04050233071219267, 0.04072508463981957, 0., -0.040725084639819754}, 
   {-0.04050233071219278, -0.04072508463981975, 0.040725084639819754, 0.}}}, 
 {0, 0}, {{-1.4989161794265622, -1.4638401321173244}, 
  {-6.296403988425576, -1.5339922267358004, -1.6142097674769875}, 
  {-1.5340886820158586, -1.4990126347066208}, {{2, 0.000050978303457072105}}, 
  {{2, 0.002749890237302672}}, {4.5621753486851205*^-9, 0.8956382558994439}}}
