{9, 32, {{{-0.5228895218164565, 0, -0.0012169819334599766, 
    0.0012169819334599801}, {0, 0.9936680197752014, 0.00023024563274907884, 
    0.0002302456327491029}, {-0.0012169819334599445, 0.00023024563274907852, 
    -0.000041355668782356615, 0.002911638632606287}, 
   {0.001216981933459965, 0.00023024563274910627, 0.002911638632606222, 
    -0.00004135566878229503}}, {{-0.5228895218164566, 0.0012169819334599697, 
    0, -0.0012169819334599853}, {0.0012169819334599521, 
    -0.000041355668782402585, 0.00023024563274907798, 0.002911638632606255}, 
   {0, 0.00023024563274908047, 0.9936680197752012, 0.00023024563274913435}, 
   {-0.0012169819334599697, 0.002911638632606256, 0.00023024563274908313, 
    -0.000041355668782383503}}, 
  {{-0.5228895218164566, -0.0012169819334599341, 0.001216981933459939, 0}, 
   {-0.0012169819334599207, -0.000041355668782481515, 0.0029116386326063243, 
    0.00023024563274912422}, {0.0012169819334599207, 0.002911638632606208, 
    -0.00004135566878246677, 0.0002302456327490926}, 
   {0, 0.00023024563274908372, 0.0002302456327491192, 0.9936680197752015}}}, 
 {{{0., 0.023773789062323483, 0.023773789062323487, 0.023773789062323525}, 
   {-0.023773789062323483, 0., -0.02402612261297874, 0.02402612261297866}, 
   {-0.023773789062323487, 0.02402612261297874, 0., -0.024026122612978644}, 
   {-0.023773789062323525, -0.02402612261297866, 0.024026122612978644, 0.}}, 
  {{0., 0.023773789062323483, 0.02377378906232348, 0.023773789062323546}, 
   {-0.023773789062323483, 0., -0.024026122612978623, 0.024026122612978797}, 
   {-0.02377378906232348, 0.024026122612978623, 0., -0.024026122612978793}, 
   {-0.023773789062323546, -0.024026122612978797, 0.024026122612978793, 
    0.}}}, {0, 0}, {{-1.548078143089509, -1.5357249199261989}, 
  {-6.298223555402203, -1.5604313662528204, -1.5886804114482809}, 
  {-1.560496924432348, -1.548143701269038}, {{2, 0.011395116007861417}, 
   {3, 0.004507658421524577}, {4, 0.0017877022792719827}, 
   {5, 0.0007097864655732644}, {6, 0.00028194319771975007}, 
   {7, 0.00011201513462804485}, {8, 0.0000445065803808542}}, 
  {{2, 0.09702768261821207}, {3, 0.037739981708691674}, 
   {4, 0.017489573741925578}, {5, 0.00988688520230141}, 
   {6, 0.006931887218928588}, {7, 0.005767890171442714}, 
   {8, 0.005306969578843983}}, {1.9235440421668598*^-10, 0.9626044748216536}}}
{3, 32, {{{-0.522885385865504, 0, -0.0012183588398343, 
    0.0012183588398342934}, {0, 0.9936641636585041, 0.00022837311390026262, 
    0.000228373113900297}, {-0.0012183588398342843, 0.00022837311390045485, 
    -0.000039093813901945, 0.002915328374409531}, 
   {0.0012183588398342845, 0.00022837311390033743, 0.0029153283744094097, 
    -0.000039093813901879514}}, {{-0.5228853858655041, 0.0012183588398342962, 
    0, -0.0012183588398342947}, {0.0012183588398342713, 
    -0.000039093813901938494, 0.0002283731139004605, 0.0029153283744094965}, 
   {0, 0.0002283731139002752, 0.9936641636585043, 0.00022837311390034147}, 
   {-0.001218358839834285, 0.002915328374409459, 0.0002283731139002942, 
    -0.00003909381390193589}}, {{-0.5228853858655043, -0.0012183588398342743, 
    0.0012183588398342706, 0}, {-0.0012183588398342196, 
    -0.00003909381390201916, 0.002915328374409578, 0.00022837311390034242}, 
   {0.0012183588398342292, 0.002915328374409519, -0.0000390938139019914, 
    0.00022837311390030144}, {0, 0.00022837311390027553, 
    0.00022837311390031402, 0.9936641636585043}}}, 
 {{{0., 0.023798606758860003, 0.023798606758860003, 0.02379860675886003}, 
   {-0.023798606758860003, 0., -0.02402678676137162, 0.024026786761371526}, 
   {-0.023798606758860003, 0.02402678676137162, 0., -0.024026786761371512}, 
   {-0.02379860675886003, -0.024026786761371526, 0.024026786761371512, 0.}}, 
  {{0., 0.023798606758860003, 0.023798606758860006, 0.023798606758860072}, 
   {-0.023798606758860003, 0., -0.024026786761371523, 0.024026786761371672}, 
   {-0.023798606758860006, 0.024026786761371523, 0., -0.024026786761371658}, 
   {-0.023798606758860072, -0.024026786761371672, 0.024026786761371658, 
    0.}}}, {0, 0}, {{-1.54805041114018, -1.5356842923234715}, 
  {-6.298200967456884, -1.56041652995689, -1.588683953771552}, 
  {-1.5604758128605325, -1.548109694043824}, {{2, 0.00003077550638920512}}, 
  {{2, 0.004793978169050094}}, {1.9238630966377189*^-10, 0.9625820616266887}}}
