{3, 32, {{{-0.5228610429213696, 0, -0.0012207893671817988, 
    0.0012207893671818014}, {0, 0.9936838856125465, 0.00020668463937616773, 
    0.0002066846393761801}, {-0.0012207893671817714, 0.00020668463937622433, 
    -0.000015296589609130763, 0.002925861335223513}, 
   {0.0012207893671817827, 0.0002066846393761326, 0.0029258613352235565, 
    -0.00001529658960904446}}, {{-0.5228610429213698, 0.0012207893671818035, 
    0, -0.0012207893671818022}, {0.0012207893671817458, 
    -0.000015296589609130763, 0.00020668463937622363, 0.002925861335223536}, 
   {0, 0.00020668463937618367, 0.9936838856125461, 0.00020668463937615662}, 
   {-0.0012207893671817769, 0.002925861335223502, 0.00020668463937615085, 
    -0.000015296589609054}}, {{-0.5228610429213699, -0.0012207893671817684, 
    0.0012207893671817604, 0}, {-0.0012207893671817086, 
    -0.000015296589609246555, 0.0029258613352235972, 0.00020668463937614318}, 
   {0.0012207893671817194, 0.00292586133522361, -0.00001529658960919278, 
    0.00020668463937617245}, {0, 0.00020668463937616654, 
    0.00020668463937612025, 0.9936838856125465}}}, 
 {{{0., 0.023943991803020443, 0.023943991803020447, 0.02394399180302047}, 
   {-0.023943991803020443, 0., -0.023919779628371295, 0.023919779628371236}, 
   {-0.023943991803020447, 0.023919779628371295, 0., -0.02391977962837124}, 
   {-0.02394399180302047, -0.023919779628371236, 0.02391977962837124, 0.}}, 
  {{0., 0.023943991803020443, 0.023943991803020433, 0.02394399180302051}, 
   {-0.023943991803020443, 0., -0.02391977962837122, 0.023919779628371402}, 
   {-0.023943991803020433, 0.02391977962837122, 0., -0.023919779628371385}, 
   {-0.02394399180302051, -0.023919779628371402, 0.023919779628371385, 0.}}}, 
 {0, 0}, {{-1.5479540594253431, -1.5355123963236874}, 
  {-6.298200390204052, -1.5603957225269944, -1.5887044725750314}, 
  {-1.5603894320194982, -1.5479477689178425}, {{2, 0.00003077106667240259}}, 
  {{2, 0.000505600211701281}}, {1.873022718993301*^-10, 0.9626966975884504}}}
{9, 32, {{{-0.5228652195061088, 0, -0.0012194117872576012, 
    0.0012194117872576047}, {0, 0.9936877779495115, 0.00020857626731661711, 
    0.00020857626731678885}, {-0.0012194117872575687, 0.00020857626731688773, 
    -0.00001758122831981403, 0.0029221360912478076}, 
   {0.0012194117872575756, 0.00020857626731678918, 0.0029221360912476584, 
    -0.00001758122831979885}}, {{-0.5228652195061088, 0.0012194117872576114, 
    0, -0.0012194117872576114}, {0.0012194117872575743, 
    -0.000017581228319841352, 0.00020857626731686984, 0.0029221360912478293}, 
   {0, 0.00020857626731662416, 0.9936877779495116, 0.00020857626731680368}, 
   {-0.001219411787257576, 0.0029221360912477174, 0.000208576267316765, 
    -0.000017581228319740738}}, {{-0.522865219506109, -0.0012194117872575592, 
    0.0012194117872575418, 0}, {-0.0012194117872575154, 
    -0.000017581228319867373, 0.0029221360912477716, 0.00020857626731679}, 
   {0.0012194117872575045, 0.002922136091247736, -0.00001758122831990727, 
    0.00020857626731678736}, {0, 0.000208576267316774, 0.0002085762673167842, 
    0.9936877779495116}}}, 
 {{{0., 0.023919082533775636, 0.023919082533775633, 0.023919082533775657}, 
   {-0.023919082533775636, 0., -0.02391911184401635, 0.023919111844016246}, 
   {-0.023919082533775633, 0.02391911184401635, 0., -0.02391911184401625}, 
   {-0.023919082533775657, -0.023919111844016246, 0.02391911184401625, 0.}}, 
  {{0., 0.023919082533775622, 0.02391908253377563, 0.023919082533775705}, 
   {-0.023919082533775622, 0., -0.023919111844016256, 0.023919111844016412}, 
   {-0.02391908253377563, 0.023919111844016256, 0., -0.023919111844016412}, 
   {-0.023919082533775705, -0.023919111844016412, 0.023919111844016412, 
    0.}}}, {0, 0}, {{-1.5479819820764198, -1.535553262210739}, 
  {-6.298223194786113, -1.5604107019420994, -1.588700895450957}, 
  {-1.5604107095571236, -1.5479819896914429}, {{2, 0.011463833103233775}, 
   {3, 0.004534816043071294}, {4, 0.001798514829833578}, 
   {5, 0.000714105254859064}, {6, 0.0002836704575504001}, 
   {7, 0.00011270627373874409}, {8, 0.000044783175212073645}}, 
  {{2, 0.09072544755487433}, {3, 0.03208159259069944}, 
   {4, 0.012051286139417475}, {5, 0.004531079269783127}, 
   {6, 0.001608040543554827}, {7, 0.0004565861874383249}, 
   {8, 6.126957552069315*^-7}}, {1.8727089983836308*^-10, 
   0.9627193235564749}}}
