{3, 28, {{{-0.5245826835513456, 0, -0.00013288414402675845, 
    0.00013288414402674655}, {0, 0.9993525125494145, -0.0000383123483760423, 
    -0.00003831234837604179}, {-0.00013288414402672324, 
    -0.00003831234837564904, 0.00006461933716941058, 0.0003538091893698501}, 
   {0.0001328841440267649, -0.00003831234837617114, 0.00035380918936966075, 
    0.00006461933716954329}}, {{-0.5245826835513454, 0.00013288414402677054, 
    0, -0.0001328841440267565}, {0.00013288414402674924, 
    0.00006461933716932731, -0.000038312348375645275, 0.0003538091893699123}, 
   {0, -0.00003831234837604524, 0.9993525125494147, -0.00003831234837611256}, 
   {-0.0001328841440267744, 0.00035380918936959754, -0.00003831234837608489, 
    0.00006461933716947477}}, {{-0.5245826835513457, -0.0001328841440267417, 
    0.00013288414402673414, 0}, {-0.00013288414402672728, 
    0.00006461933716926313, 0.00035380918936965273, 
    -0.000038312348376176263}, {0.00013288414402670457, 0.000353809189369813, 
    0.00006461933716919721, -0.00003831234837608034}, 
   {0, -0.000038312348376052136, -0.000038312348376114884, 
    0.999352512549415}}}, 
 {{{0., 0.009132789950202173, 0.009132789950202162, 0.009132789950202166}, 
   {-0.009132789950202173, 0., -0.007013717945363714, 0.007013717945363606}, 
   {-0.009132789950202162, 0.007013717945363714, 0., -0.007013717945363629}, 
   {-0.009132789950202166, -0.007013717945363606, 0.007013717945363629, 0.}}, 
  {{0., 0.009132789950202145, 0.009132789950202159, 0.009132789950202194}, 
   {-0.009132789950202145, 0., -0.007013717945363619, 0.007013717945363634}, 
   {-0.009132789950202159, 0.007013717945363619, 0., -0.007013717945363641}, 
   {-0.009132789950202194, -0.007013717945363634, 0.007013717945363641, 
    0.}}}, {0, 0}, {{-1.5713974464768194, -1.5698156008559574}, 
  {-6.298497432943966, -1.5729792920976788, -1.5762694243743043}, 
  {-1.572795775078816, -1.571213929457954}, {{2, 0.00005220264935549765}}, 
  {{2, 0.11601449373045186}}, {1.1903914015692843*^-13, 0.9961213584700516}}}
