{9, 32, {{{-0.5245151555792364, 0, -0.00022338487818600195, 
    0.0002233848781860228}, {0, 0.9987789130139375, 0.00006234221652473793, 
    0.00006234221652496478}, {-0.0002233848781859912, 0.00006234221652503927, 
    -0.000030120357474349834, 0.000539239483691718}, 
   {0.0002233848781860327, 0.00006234221652491022, 0.0005392394836917159, 
    -0.000030120357474340727}}, 
  {{-0.5245151555792363, 0.00022338487818601835, 0, -0.00022338487818602696}, 
   {0.00022338487818600327, -0.00003012035747422667, 0.00006234221652503338, 
    0.00053923948369177}, {0, 0.0000623422165247333, 0.9987789130139375, 
    0.00006234221652493258}, {-0.0002233848781860333, 0.0005392394836916871, 
    0.00006234221652494937, -0.000030120357474433535}}, 
  {{-0.5245151555792367, -0.00022338487818600677, 0.00022338487818597958, 0}, 
   {-0.00022338487818596297, -0.00003012035747455323, 0.0005392394836917828, 
    0.0000623422165249162}, {0.00022338487818594538, 0.0005392394836919682, 
    -0.00003012035747446129, 0.00006234221652495363}, 
   {0, 0.00006234221652496054, 0.0000623422165249437, 0.9987789130139381}}}, 
 {{{0., 0.020126506392722947, 0.020126506392722954, 0.020126506392722995}, 
   {-0.020126506392722947, 0., -0.021365343706726922, 0.021365343706726582}, 
   {-0.020126506392722954, 0.021365343706726922, 0., -0.02136534370672659}, 
   {-0.020126506392722995, -0.021365343706726582, 0.02136534370672659, 0.}}, 
  {{0., 0.020126506392722943, 0.020126506392722933, 0.020126506392723044}, 
   {-0.020126506392722943, 0., -0.021365343706726856, 0.021365343706726672}, 
   {-0.020126506392722933, 0.021365343706726856, 0., -0.021365343706726707}, 
   {-0.020126506392723044, -0.021365343706726672, 0.021365343706726707, 
    0.}}}, {0, 0}, {{-1.5693532464599222, -1.5658672332948154}, 
  {-6.298666004250675, -1.5728392596250276, -1.57649374250031}, 
  {-1.5729465460835361, -1.5694605329184292}, {{2, 0.003977229881429548}, 
   {3, 0.003117415403345614}, {4, 0.0024436209859995187}, 
   {5, 0.0019155950905284692}, {6, 0.0015017733071169756}, 
   {7, 0.0011774251835100433}, {8, 0.000923181226124746}}, 
  {{2, 0.6794625921449808}, {3, 0.3773823320874226}, 
   {4, 0.23077446489396017}, {5, 0.14618844404600073}, 
   {6, 0.09246013994121029}, {7, 0.056220528414686034}, 
   {8, 0.03077626314847349}}, {9.511725370565687*^-11, 0.9926958075042527}}}
