{9, 32, {{{-0.5127335222014153, 0, -0.008146888665445343, 
    0.008146888665445322}, {0, 0.962295839375197, 0.0011605651040239315, 
    0.0011605651040239012}, {-0.008146888665445301, 0.0011605651040238543, 
    0.00032785172341631783, 0.018259516176482183}, 
   {0.008146888665445318, 0.0011605651040238183, 0.01825951617648218, 
    0.0003278517234162389}}, {{-0.5127335222014155, 0.008146888665445353, 0, 
    -0.008146888665445318}, {0.00814688866544528, 0.00032785172341632, 
    0.0011605651040238522, 0.018259516176482193}, 
   {0, 0.0011605651040239502, 0.9622958393751971, 0.0011605651040239074}, 
   {-0.008146888665445306, 0.018259516176482145, 0.001160565104023817, 
    0.00032785172341626145}}, {{-0.5127335222014155, -0.008146888665445256, 
    0.008146888665445256, 0}, {-0.008146888665445239, 0.00032785172341625365, 
    0.01825951617648219, 0.0011605651040238968}, 
   {0.008146888665445239, 0.01825951617648221, 0.0003278517234162337, 
    0.0011605651040238934}, {0, 0.0011605651040238235, 0.0011605651040238062, 
    0.962295839375197}}}, 
 {{{0., 0.059116072384310756, 0.05911607238431077, 0.05911607238431081}, 
   {-0.059116072384310756, 0., -0.05845531394870458, 0.058455313948704284}, 
   {-0.05911607238431077, 0.05845531394870458, 0., -0.05845531394870429}, 
   {-0.05911607238431081, -0.058455313948704284, 0.05845531394870429, 0.}}, 
  {{0., 0.05911607238431073, 0.059116072384310756, 0.05911607238431091}, 
   {-0.05911607238431073, 0., -0.058455313948704374, 0.058455313948704624}, 
   {-0.059116072384310756, 0.058455313948704374, 0., -0.05845531394870461}, 
   {-0.05911607238431091, -0.058455313948704624, 0.05845531394870461, 0.}}}, 
 {0, 0}, {{-1.4190137067707975, -1.3473392781313138}, 
  {-6.289545410404604, -1.4906881354102783, -1.6540845697920237}, 
  {-1.4902875718965796, -1.4186131432570959}, {{2, 0.009578880457835295}, 
   {3, 0.004111321921757782}, {4, 0.0017800947270765616}, 
   {5, 0.0007734279108403824}, {6, 0.0003365667964250474}, 
   {7, 0.0001465607256179724}, {8, 0.0000638399675858825}}, 
  {{2, 0.021602342699935873}, {3, 0.005613777454105302}, 
   {4, 0.00090392357863858}, {5, 0.0036631606195597554}, 
   {6, 0.0048504878148779304}, {7, 0.005365008473453045}, 
   {8, 0.00558865304270189}}, {3.9897343884733864*^-8, 0.7940569447105221}}}
{10, 32, {{{-0.5127361036132925, 0, -0.008145725097449662, 
    0.008145725097449638}, {0, 0.9622990580383557, 0.001161566898872683, 
    0.001161566898872719}, {-0.008145725097449603, 0.0011615668988726275, 
    0.00032655332301924616, 0.01825697083519514}, 
   {0.00814572509744963, 0.001161566898872624, 0.018256970835195105, 
    0.0003265533230192288}}, {{-0.5127361036132925, 0.008145725097449666, 0, 
    -0.00814572509744964}, {0.00814572509744962, 0.0003265533230192596, 
    0.001161566898872628, 0.01825697083519514}, {0, 0.0011615668988726783, 
    0.9622990580383555, 0.0011615668988727015}, {-0.008145725097449635, 
    0.018256970835195112, 0.0011615668988726273, 0.0003265533230192019}}, 
  {{-0.5127361036132925, -0.008145725097449603, 0.008145725097449591, 0}, 
   {-0.008145725097449584, 0.00032655332301915856, 0.01825697083519514, 
    0.001161566898872699}, {0.008145725097449574, 0.01825697083519521, 
    0.00032655332301917417, 0.0011615668988726982}, 
   {0, 0.0011615668988726032, 0.001161566898872624, 0.9622990580383555}}}, 
 {{{0., 0.05910975916283886, 0.059109759162838865, 0.0591097591628389}, 
   {-0.05910975916283886, 0., -0.05845429780668205, 0.058454297806681765}, 
   {-0.059109759162838865, 0.05845429780668205, 0., -0.05845429780668178}, 
   {-0.0591097591628389, -0.058454297806681765, 0.05845429780668178, 0.}}, 
  {{0., 0.05910975916283885, 0.05910975916283884, 0.05910975916283898}, 
   {-0.05910975916283885, 0., -0.058454297806681835, 0.05845429780668209}, 
   {-0.05910975916283884, 0.058454297806681835, 0., -0.0584542978066821}, 
   {-0.05910975916283898, -0.05845429780668209, 0.0584542978066821, 0.}}}, 
 {0, 0}, {{-1.4190315252076142, -1.3473647509423738}, 
  {-6.289561257589926, -1.4906982994728504, -1.6540823293221127}, 
  {-1.4903009471429103, -1.41863417287767}, {{2, 0.028869474838332562}, 
   {3, 0.012100515674607931}, {4, 0.005179465739035424}, 
   {5, 0.0022389235952278014}, {6, 0.0009721013963483738}, 
   {7, 0.0004228918564162937}, {8, 0.0001841269122889455}, 
   {9, 0.00008019861208154178}}, {{2, 0.08789439552249709}, 
   {3, 0.02939062992471173}, {4, 0.00866024818910422}, 
   {5, 0.00036460147720623415}, {6, 0.003121182018048148}, 
   {7, 0.004616349132830237}, {8, 0.005263372882253402}, 
   {9, 0.005544442791174671}}, {3.9893182797931536*^-8, 0.7940728804951364}}}
