{12, 32, {{{-0.5116839275451746, 0, -0.009234476055782724, 
    0.00923447605578271}, {0, 0.9567473531915114, 0.0018636694638935148, 
    0.001863669463893534}, {-0.009234476055782677, 0.0018636694638934164, 
    -0.0001559057244685672, 0.020617378896014282}, 
   {0.009234476055782682, 0.0018636694638934246, 0.02061737889601428, 
    -0.00015590572446859234}}, {{-0.5116839275451746, 0.00923447605578274, 0, 
    -0.009234476055782717}, {0.00923447605578269, -0.00015590572446855244, 
    0.0018636694638934164, 0.020617378896014307}, 
   {0, 0.001863669463893524, 0.9567473531915114, 0.0018636694638935116}, 
   {-0.009234476055782686, 0.020617378896014255, 0.0018636694638934576, 
    -0.00015590572446860795}}, {{-0.5116839275451746, -0.00923447605578267, 
    0.009234476055782658, 0}, {-0.00923447605578265, -0.00015590572446860101, 
    0.020617378896014282, 0.0018636694638934832}, 
   {0.009234476055782643, 0.020617378896014334, -0.00015590572446860795, 
    0.0018636694638935315}, {0, 0.0018636694638934559, 0.0018636694638934116, 
    0.9567473531915114}}}, 
 {{{0., 0.06167375873703948, 0.061673758737039494, 0.06167375873703952}, 
   {-0.06167375873703948, 0., -0.0633035947604507, 0.0633035947604504}, 
   {-0.061673758737039494, 0.0633035947604507, 0., -0.0633035947604504}, 
   {-0.06167375873703952, -0.0633035947604504, 0.0633035947604504, 0.}}, 
  {{0., 0.061673758737039466, 0.061673758737039494, 0.06167375873703963}, 
   {-0.061673758737039466, 0., -0.0633035947604505, 0.06330359476045073}, 
   {-0.061673758737039494, 0.0633035947604505, 0., -0.06330359476045073}, 
   {-0.06167375873703963, -0.06330359476045073, 0.06330359476045073, 0.}}}, 
 {0, 0}, {{-1.4010193457152504, -1.321971003831793}, 
  {-6.286998224614247, -1.4800676875987122, -1.6634314247084112}, 
  {-1.4811121823549156, -1.402063840471458}, {{2, 0.0302240634388333}, 
   {3, 0.012792794979650787}, {4, 0.005545035516206734}, 
   {5, 0.0024306730105825014}, {6, 0.0010709518479045804}, 
   {7, 0.0004729407259534135}, {8, 0.00020906677271061158}, 
   {9, 0.00009246109971909611}, {10, 0.000040899666673449575}, 
   {11, 0.00001809334414887287}}, {{2, 0.11207958120737256}, 
   {3, 0.05064839969597432}, {4, 0.0287313135033955}, 
   {5, 0.01986734035587113}, {6, 0.016094923077585744}, 
   {7, 0.014454049364842758}, {8, 0.013733511724812195}, 
   {9, 0.013415786266234625}, {10, 0.013275424903264582}, 
   {11, 0.013213367052592413}}, {6.435321306446954*^-8, 0.7669792535344027}}}
