{13, 32, {{{-0.5116822238574057, 0, -0.009235281375967776, 
    0.009235281375967757}, {0, 0.9567451314564132, 0.0018630328790530575, 
    0.0018630328790530566}, {-0.00923528137596773, 0.0018630328790529118, 
    -0.00015506678903011353, 0.020619088819312938}, 
   {0.009235281375967744, 0.0018630328790529616, 0.02061908881931293, 
    -0.00015506678903013348}}, {{-0.5116822238574056, 0.009235281375967774, 
    0, -0.009235281375967758}, {0.009235281375967724, 
    -0.00015506678903011743, 0.0018630328790529092, 0.020619088819312934}, 
   {0, 0.0018630328790530558, 0.9567451314564133, 0.0018630328790530328}, 
   {-0.009235281375967743, 0.020619088819312906, 0.0018630328790529662, 
    -0.00015506678903012827}}, {{-0.5116822238574057, -0.009235281375967718, 
    0.00923528137596771, 0}, {-0.009235281375967692, -0.00015506678903018552, 
    0.02061908881931296, 0.0018630328790530406}, 
   {0.009235281375967696, 0.020619088819312972, -0.00015506678903021154, 
    0.001863032879053041}, {0, 0.0018630328790529439, 0.0018630328790529601, 
    0.9567451314564133}}}, 
 {{{0., 0.06167776099334986, 0.06167776099334987, 0.061677760993349914}, 
   {-0.06167776099334986, 0., -0.06330431698701278, 0.06330431698701247}, 
   {-0.06167776099334987, 0.06330431698701278, 0., -0.06330431698701247}, 
   {-0.061677760993349914, -0.06330431698701247, 0.06330431698701247, 0.}}, 
  {{0., 0.06167776099334985, 0.06167776099334987, 0.061677760993350005}, 
   {-0.06167776099334985, 0., -0.06330431698701255, 0.06330431698701279}, 
   {-0.06167776099334987, 0.06330431698701255, 0., -0.06330431698701278}, 
   {-0.061677760993350005, -0.06330431698701279, 0.06330431698701278, 0.}}}, 
 {0, 0}, {{-1.4010073965427454, -1.3219539248969412}, 
  {-6.286987548210353, -1.4800608681885488, -1.663432905916628}, 
  {-1.481103260908829, -1.4020497892630248}, {{2, 0.030224063438833354}, 
   {3, 0.012792794979650815}, {4, 0.005545035516206734}, 
   {5, 0.0024306730105824875}, {6, 0.0010709518479045665}, 
   {7, 0.0004729407259534135}, {8, 0.00020906677271058383}, 
   {9, 0.00009246109971912386}, {10, 0.00004089966667346345}, 
   {11, 0.000018093344148900625}, {12, 8.004512620785054*^-6}}, 
  {{2, 0.11207958120737241}, {3, 0.05064839969597416}, 
   {4, 0.028731313503395417}, {5, 0.019867340355871153}, 
   {6, 0.016094923077585616}, {7, 0.014454049364842753}, 
   {8, 0.013733511724812159}, {9, 0.013415786266234471}, 
   {10, 0.013275424903264521}, {11, 0.013213367052592304}, 
   {12, 0.013185919588083937}}, {6.435761839964914*^-8, 0.7669685672346465}}}
