{12, 32, {{{-0.5191726595690748, 0, -0.003680953801786728, 
    0.0036809538017867263}, {0, 0.9817825018325017, 0.0006706388551217363, 
    0.0006706388551217628}, {-0.0036809538017866933, 0.0006706388551217083, 
    -0.00006399851808686985, 0.008527541256562568}, 
   {0.0036809538017867098, 0.0006706388551217038, 0.008527541256562514, 
    -0.00006399851808686421}}, {{-0.5191726595690747, 0.003680953801786719, 
    0, -0.0036809538017867228}, {0.003680953801786684, 
    -0.00006399851808684253, 0.000670638855121727, 0.008527541256562545}, 
   {0, 0.0006706388551217556, 0.9817825018325017, 0.0006706388551217732}, 
   {-0.0036809538017867063, 0.00852754125656251, 0.0006706388551216953, 
    -0.0000639985180868885}}, {{-0.5191726595690747, -0.0036809538017866777, 
    0.003680953801786687, 0}, {-0.0036809538017866386, 
    -0.00006399851808691799, 0.008527541256562528, 0.0006706388551217402}, 
   {0.0036809538017866313, 0.008527541256562542, -0.00006399851808691626, 
    0.0006706388551217221}, {0, 0.000670638855121712, 0.0006706388551217289, 
    0.9817825018325017}}}, 
 {{{0., 0.04038592799065349, 0.04038592799065349, 0.04038592799065352}, 
   {-0.04038592799065349, 0., -0.040793603642048565, 0.0407936036420484}, 
   {-0.04038592799065349, 0.040793603642048565, 0., -0.0407936036420484}, 
   {-0.04038592799065352, -0.0407936036420484, 0.0407936036420484, 0.}}, 
  {{0., 0.04038592799065348, 0.04038592799065348, 0.04038592799065359}, 
   {-0.04038592799065348, 0., -0.040793603642048454, 0.04079360364204865}, 
   {-0.04038592799065348, 0.040793603642048454, 0., -0.040793603642048634}, 
   {-0.04038592799065359, -0.04079360364204865, 0.040793603642048634, 0.}}}, 
 {0, 0}, {{-1.4990617277279628, -1.4640864881326487}, 
  {-6.296438148402764, -1.534036967323278, -1.614182106878104}, 
  {-1.534213496058584, -1.49923825646327}, {{2, 0.019519436597417616}, 
   {3, 0.007886551479850068}, {4, 0.003213635249176852}, 
   {5, 0.0013145269617555883}, {6, 0.0005385796917767166}, 
   {7, 0.00022081310060978465}, {8, 0.00009055681687103467}, 
   {9, 0.00003714218036184047}, {10, 0.000015234708280950637}, 
   {11, 6.2489824294020835*^-6}}, {{2, 0.09846267639911707}, 
   {3, 0.03889252698706197}, {4, 0.018275189066073567}, 
   {5, 0.01035704070364777}, {6, 0.007193817949574379}, 
   {7, 0.005910173966225812}, {8, 0.00538594826456815}, 
   {9, 0.005171304587532264}, {10, 0.00508332562146862}, 
   {11, 0.005047248777957465}}, {4.608424017733803*^-9, 0.8955538902621701}}}
