{5, 28, {{{-0.5131407457173567, 0, -0.005956011739111042, 
    0.005956011739111023}, {0, 0.974723348395512, -0.0017626927163565589, 
    -0.0017626927163565667}, {-0.005956011739111011, -0.0017626927163566432, 
    0.002976251018166347, 0.014282451485706362}, 
   {0.005956011739111014, -0.0017626927163566, 0.014282451485706341, 
    0.002976251018166361}}, {{-0.5131407457173567, 0.005956011739111054, 0, 
    -0.0059560117391110265}, {0.0059560117391110065, 0.002976251018166398, 
    -0.001762692716356634, 0.014282451485706355}, 
   {0, -0.0017626927163565502, 0.9747233483955119, -0.001762692716356535}, 
   {-0.005956011739111025, 0.014282451485706369, -0.001762692716356627, 
    0.0029762510181663704}}, {{-0.5131407457173567, -0.005956011739111016, 
    0.005956011739110998, 0}, {-0.00595601173911099, 0.0029762510181663027, 
    0.014282451485706386, -0.0017626927163565454}, 
   {0.005956011739110991, 0.014282451485706366, 0.002976251018166287, 
    -0.0017626927163565636}, {0, -0.0017626927163566326, 
    -0.0017626927163566103, 0.9747233483955119}}}, 
 {{{0., 0.05799748141055219, 0.057997481410552214, 0.05799748141055226}, 
   {-0.05799748141055219, 0., -0.04337482803559173, 0.04337482803559154}, 
   {-0.057997481410552214, 0.04337482803559173, 0., -0.043374828035591534}, 
   {-0.05799748141055226, -0.04337482803559154, 0.043374828035591534, 0.}}, 
  {{0., 0.05799748141055218, 0.05799748141055218, 0.057997481410552346}, 
   {-0.05799748141055218, 0., -0.04337482803559158, 0.04337482803559176}, 
   {-0.05799748141055218, 0.04337482803559158, 0., -0.04337482803559178}, 
   {-0.057997481410552346, -0.04337482803559176, 0.04337482803559178, 0.}}}, 
 {0, 0}, {{-1.450329170432812, -1.3900564197243477}, 
  {-6.293470868404744, -1.5106019211412776, -1.6361335130610943}, 
  {-1.5030037675652068, -1.4427310168567424}, {{2, 0.002586820306367685}, 
   {3, 0.0010998770575790101}, {4, 0.0004662942242562723}}, 
  {{2, 0.13023580663118495}, {3, 0.1273185682971409}, 
   {4, 0.12606283082751318}}, {6.65926957440337*^-9, 0.857606798880659}}}
{3, 28, {{{-0.5131646291857903, 0, -0.005947766616208661, 
    0.005947766616208645}, {0, 0.9747496528156986, -0.0017524682553600659, 
    -0.001752468255360053}, {-0.0059477666162086155, -0.0017524682553600227, 
    0.0029635489721449087, 0.014260100269559914}, 
   {0.005947766616208632, -0.001752468255360053, 0.014260100269559798, 
    0.002963548972144959}}, {{-0.5131646291857902, 0.0059477666162086554, 0, 
    -0.005947766616208647}, {0.00594776661620861, 0.0029635489721449174, 
    -0.00175246825536002, 0.014260100269559851}, {0, -0.0017524682553600466, 
    0.9747496528156988, -0.0017524682553599976}, 
   {-0.005947766616208624, 0.014260100269559862, -0.0017524682553601214, 
    0.0029635489721449026}}, {{-0.5131646291857903, -0.005947766616208607, 
    0.005947766616208607, 0}, {-0.005947766616208591, 0.002963548972144814, 
    0.014260100269559933, -0.0017524682553599989}, 
   {0.005947766616208591, 0.014260100269559841, 0.002963548972144847, 
    -0.001752468255360066}, {0, -0.0017524682553601346, 
    -0.001752468255360082, 0.9747496528156989}}}, 
 {{{0., 0.057938241517489414, 0.057938241517489414, 0.057938241517489476}, 
   {-0.057938241517489414, 0., -0.043367694480646146, 0.043367694480646}, 
   {-0.057938241517489414, 0.043367694480646146, 0., -0.043367694480645994}, 
   {-0.057938241517489476, -0.043367694480646, 0.043367694480645994, 0.}}, 
  {{0., 0.0579382415174894, 0.05793824151748943, 0.05793824151748959}, 
   {-0.0579382415174894, 0., -0.04336769448064602, 0.04336769448064623}, 
   {-0.05793824151748943, 0.04336769448064602, 0., -0.043367694480646216}, 
   {-0.05793824151748959, -0.04336769448064623, 0.043367694480646216, 0.}}}, 
 {0, 0}, {{-1.4504804650931602, -1.3902692782874684}, 
  {-6.2936092483252555, -1.5106916518988545, -1.6361129722637733}, 
  {-1.5031205735702877, -1.442909386764596}, {{2, 0.0003049085664167117}}, 
  {{2, 0.1257420544291548}}, {6.652701054351172*^-9, 0.8577456713411283}}}
