{15, 40, {{{-0.5214839704947525, 0, -0.0021063652402264193, 
    0.002106365240226383}, {0, 0.9893121490140824, 0.0003617021991803829, 
    0.00036170219918041716}, {-0.0021063652402263907, 0.00036170219918041043, 
    -0.000025279042332127834, 0.004975134967257242}, 
   {0.002106365240226384, 0.00036170219918040523, 0.004975134967257216, 
    -0.000025279042332035893}}, {{-0.5214839704947523, 0.0021063652402264176, 
    0, -0.002106365240226382}, {0.002106365240226396, 
    -0.00002527904233212523, 0.000361702199180405, 0.004975134967257238}, 
   {0, 0.0003617021991803869, 0.9893121490140823, 0.0003617021991804205}, 
   {-0.00210636524022639, 0.004975134967257207, 0.0003617021991804185, 
    -0.000025279042332015944}}, 
  {{-0.5214839704947523, -0.0021063652402263737, 0.0021063652402263833, 0}, 
   {-0.0021063652402263378, -0.000025279042332169033, 0.004975134967257287, 
    0.0003617021991804424}, {0.0021063652402263473, 0.004975134967257268, 
    -0.00002527904233209921, 0.0003617021991804328}, 
   {0, 0.0003617021991803855, 0.0003617021991803934, 0.9893121490140824}}}, 
 {{{0., 0.06219112596161723, 0.062191125961617175, 0.06219112596161748}, 
   {-0.06219112596161723, 0., -0.06230437999711083, 0.062304379997110595}, 
   {-0.062191125961617175, 0.06230437999711083, 0., -0.06230437999711058}, 
   {-0.06219112596161748, -0.062304379997110595, 0.06230437999711058, 0.}}, 
  {{0., 0.06219112596161723, 0.06219112596161718, 0.06219112596161755}, 
   {-0.06219112596161723, 0., -0.062304379997110595, 0.06230437999711094}, 
   {-0.06219112596161718, 0.062304379997110595, 0., -0.062304379997110935}, 
   {-0.06219112596161755, -0.06230437999711094, 0.062304379997110935, 0.}}}, 
 {0, 0}, {{-1.5291733978400777, -1.4990123046553547}, 
  {-6.2977477355770946, -1.5593344910248004, -1.589539376763747}, 
  {-1.5593619536689092, -1.5292008604841862}, {{2, 0.0001288752258900988}, 
   {3, 0.00010242075993820154}, {4, 0.0000813976986626247}, 
   {5, 0.00006469099062555994}, {6, 0.00005141400421105474}, 
   {7, 0.00004086239254429136}, {8, 0.000032476552507210155}, 
   {9, 0.000025811844903626813}, {10, 0.000020514954353172132}, 
   {11, 0.00001630511842345972}, {12, 0.000012959220099612034}, 
   {13, 0.000010299946572624175}, {14, 8.186382445131424*^-6}}, 
  {{2, 0.004592170442119301}, {3, 0.0037804560767672832}, 
   {4, 0.0031373135499236184}, {5, 0.0026274019439116994}, 
   {6, 0.002222915807723155}, {7, 0.0019019285649782254}, 
   {8, 0.001647121716989837}, {9, 0.0014447988741484378}, 
   {10, 0.0012841171492735427}, {11, 0.0011564856889025997}, 
   {12, 0.001055093535553153}, {13, 0.0009745380851398497}, 
   {14, 0.0009105321196736064}}, {5.849402033769282*^-8, 0.9375621238593301}}}
