{80, 40, {{{-0.38089299315790837, 0, -0.049333915618532335, 
    0.04933391561853204}, {0, 0.7102781022651722, -0.02419118457798957, 
    -0.024191184577989598}, {-0.049333915618532204, -0.024191184577989716, 
    0.026844147548583136, 0.14088384170311125}, {0.04933391561853209, 
    -0.02419118457798977, 0.14088384170311127, 0.026844147548583802}}, 
  {{-0.38089299315790837, 0.04933391561853235, 0, -0.04933391561853204}, 
   {0.04933391561853219, 0.026844147548583136, -0.02419118457798971, 
    0.1408838417031112}, {0, -0.02419118457798957, 0.7102781022651721, 
    -0.02419118457798958}, {-0.04933391561853208, 0.1408838417031113, 
    -0.024191184577989813, 0.026844147548583816}}, 
  {{-0.3808929931579086, -0.04933391561853212, 0.04933391561853213, 0}, 
   {-0.04933391561853216, 0.026844147548583386, 0.14088384170311136, 
    -0.024191184577989664}, {0.049333915618532176, 0.14088384170311133, 
    0.026844147548583344, -0.024191184577989674}, 
   {0, -0.024191184577990067, -0.024191184577990105, 0.7102781022651719}}}, 
 {{{0., 0.39761056975489245, 0.39761056975489245, 0.3976105697548934}, 
   {-0.39761056975489245, 0., -0.30067854012567635, 0.3006785401256756}, 
   {-0.39761056975489245, 0.30067854012567635, 0., -0.3006785401256756}, 
   {-0.3976105697548934, -0.3006785401256756, 0.3006785401256756, 0.}}, 
  {{0., 0.3976105697548923, 0.39761056975489223, 0.39761056975489384}, 
   {-0.3976105697548923, 0., -0.3006785401256764, 0.3006785401256761}, 
   {-0.39761056975489223, 0.3006785401256764, 0., -0.3006785401256761}, 
   {-0.39761056975489384, -0.3006785401256761, 0.3006785401256761, 0.}}}, 
 {0, 0}, {{-0.7762778883343393, -0.26665342408734466}, 
  {-5.962173573886057, -1.2859023525813325, -1.695184434361696}, 
  {-1.2237826085078602, -0.7141581442608655}, {{2, 0.0005301338808233469}, 
   {3, 0.00039339102531266157}, {4, 0.00042067199552353607}, 
   {5, 0.0004137789255387325}, {6, 0.00041401483009062545}, 
   {7, 0.0004128802497952444}, {8, 0.00041213056806532755}, 
   {9, 0.0004114017694548666}, {10, 0.00041076893649405477}, 
   {11, 0.0004102160571847202}, {12, 0.00040974615800826175}, 
   {13, 0.0004093583723645544}, {14, 0.0004090527264464239}, 
   {15, 0.00040882913808848453}, {16, 0.00040868762687018556}, 
   {17, 0.00040862827026355575}, {18, 0.00040865121331412624}, 
   {19, 0.00040875666717654635}, {20, 0.0004089449101432052}, 
   {21, 0.00040921628829027057}, {22, 0.00040957121634610516}, 
   {23, 0.0004100101786675969}, {24, 0.00041053373034283247}, 
   {25, 0.0004111424984273304}, {26, 0.0004118371833169432}, 
   {27, 0.00041261856025831545}, {28, 0.00041348748100844546}, 
   {29, 0.00041444487564556987}, {30, 0.0004154917545358128}, 
   {31, 0.0004166292104695879}, {32, 0.00041785842096742076}, 
   {33, 0.00041918065076862465}, {34, 0.0004205972545080483}, 
   {35, 0.0004221096795977708}, {36, 0.0004237194693131885}, 
   {37, 0.00042542826610492135}, {38, 0.000427237815143533}, 
   {39, 0.0004291499681129407}, {40, 0.000431166687265061}, 
   {41, 0.00043329004975212193}, {42, 0.0004355222522527402}, 
   {43, 0.0004378656159154115}, {44, 0.00044032259162907206}, 
   {45, 0.00044289576564993105}, {46, 0.0004455878656064449}, 
   {47, 0.00044840176690597033}, {48, 0.0004513404995706294}, 
   {49, 0.0004544072555316969}, {50, 0.00045760539641537257}, 
   {51, 0.0004609384618529111}, {52, 0.00046441017835352483}, 
   {53, 0.00046802446878069226}, {54, 0.0004717854624760598}, 
   {55, 0.0004756975060775659}, {56, 0.0004797651750848564}, 
   {57, 0.00048399328623205395}, {58, 0.0004883869107218386}, 
   {59, 0.0004929513883953351}, {60, 0.0004976923429099722}, 
   {61, 0.000502615698001474}, {62, 0.0005077276949215781}, 
   {63, 0.0005130349111485133}, {64, 0.0005185442804682694}, 
   {65, 0.0005242631145498944}, {66, 0.0005301991261337236}, 
   {67, 0.0005363604539757594}, {68, 0.0005427556896959729}, 
   {69, 0.0005493939067016118}, {70, 0.0005562846913633734}, 
   {71, 0.0005634381766528307}, {72, 0.0005708650784607139}, 
   {73, 0.0005785767348425175}, {74, 0.0005865851484658791}, 
   {75, 0.0005949030325581584}, {76, 0.0006035438606927235}, 
   {77, 0.0006125219207796517}, {78, 0.0006218523736757353}, 
   {79, 0.0006315513168710929}}, {{2, 0.12587986454380046}, 
   {3, 0.1258893491166783}, {4, 0.1258542491157682}, 
   {5, 0.12582771489033456}, {6, 0.12579885983157874}, 
   {7, 0.12576993097158432}, {8, 0.12574046377720705}, 
   {9, 0.12571055398740374}, {10, 0.12568018065617323}, 
   {11, 0.12564934656467622}, {12, 0.1256180490346842}, 
   {13, 0.12558628601479627}, {14, 0.12555405481216594}, 
   {15, 0.12552135236011425}, {16, 0.12548817516308958}, 
   {17, 0.12545451930842894}, {18, 0.12542038046312898}, 
   {19, 0.12538575387284862}, {20, 0.12535063435951044}, 
   {21, 0.12531501631826705}, {22, 0.1252788937136662}, 
   {23, 0.12524226007503958}, {24, 0.12520510849110236}, 
   {25, 0.1251674316037495}, {26, 0.12512922160103793}, 
   {27, 0.12509047020933378}, {28, 0.12505116868460958}, 
   {29, 0.12501130780286487}, {30, 0.12497087784964873}, 
   {31, 0.12492986860865359}, {32, 0.12488826934935104}, 
   {33, 0.1248460688136338}, {34, 0.12480325520142745}, 
   {35, 0.12475981615522913}, {36, 0.1247157387435294}, 
   {37, 0.12467100944306737}, {38, 0.1246256141198659}, 
   {39, 0.12457953800898831}, {40, 0.12453276569295527}, 
   {41, 0.1244852810787518}, {42, 0.12443706737335347}, 
   {43, 0.12438810705768968}, {44, 0.12433838185895997}, 
   {45, 0.12428787272121074}, {46, 0.12423655977407166}, 
   {47, 0.1241844222995443}, {48, 0.1241314386967263}, 
   {49, 0.12407758644434619}, {50, 0.12402284206097176}, 
   {51, 0.12396718106274751}, {52, 0.12391057791850094}, 
   {53, 0.12385300600204821}, {54, 0.12379443754151398}, 
   {55, 0.12373484356546496}, {56, 0.12367419384564374}, 
   {57, 0.12361245683606448}, {58, 0.12354959960822268}, 
   {59, 0.1234855877821397}, {60, 0.12342038545294776}, 
   {61, 0.12335395511269068}, {62, 0.12328625756699176}, 
   {63, 0.12321725184620436}, {64, 0.12314689511063628}, 
   {65, 0.12307514254939125}, {66, 0.12300194727234177}, 
   {67, 0.12292726019469487}, {68, 0.12285102991356864}, 
   {69, 0.12277320257594163}, {70, 0.12269372173727808}, 
   {71, 0.1226125282100681}, {72, 0.12252955990144707}, 
   {73, 0.12244475163897992}, {74, 0.12235803498360683}, 
   {75, 0.12226933802864888}, {76, 0.12217858518365939}, 
   {77, 0.1220856969417895}, {78, 0.12199058962919591}, 
   {79, 0.12189317513486948}}, {0.0007389492246501561, 0.12840163504087793}}}
