{15, 35, {{{-0.5236778713919984, 0, -0.0007424750706759109, 
    0.0007424750706758519}, {0, 0.9946112937011833, 0.00015010940848278172, 
    0.00015010940848265292}, {-0.0007424750706758972, 0.000150109408482806, 
    -0.005180083068179635, -0.02282381622469124}, 
   {0.0007424750706758652, 0.00015010940848270192, -0.022823816224691287, 
    -0.0051800830681796705}}, {{-0.5236778713919985, 0.0007424750706758938, 
    0, -0.0007424750706758663}, {0.0007424750706758951, 
    -0.005180083068179736, 0.00015010940848282032, -0.02282381622469132}, 
   {0, 0.0001501094084828086, 0.9946112937011833, 0.000150109408482714}, 
   {-0.0007424750706758686, -0.022823816224691297, 0.00015010940848269357, 
    -0.005180083068179575}}, {{-0.5236778713919983, -0.0007424750706759447, 
    0.0007424750706759597, 0}, {-0.0007424750706759367, 
    -0.005180083068180299, -0.022823816224690374, 0.00015010940848290098}, 
   {0.0007424750706759323, -0.022823816224690485, -0.005180083068180269, 
    0.00015010940848290174}, {0, 0.00015010940848284894, 
    0.00015010940848291394, 0.9946112937011833}}}, 
 {{{0., 0.036226799930248285, 0.036226799930248306, 0.03622679993024828}, 
   {-0.036226799930248285, 0., -0.03994578761366037, 0.039945787613660716}, 
   {-0.036226799930248306, 0.03994578761366037, 0., -0.03994578761366068}, 
   {-0.03622679993024828, -0.039945787613660716, 0.03994578761366068, 0.}}, 
  {{0., 0.036226799930248285, 0.0362267999302483, 0.036226799930248285}, 
   {-0.036226799930248285, 0., -0.03994578761366045, 0.039945787613660674}, 
   {-0.0362267999302483, 0.03994578761366045, 0., -0.039945787613660605}, 
   {-0.036226799930248285, -0.039945787613660674, 0.039945787613660605, 
    0.}}}, {0, 0}, {{-1.5608586890511622, -0.7770580022160953, 
   -0.0033713423094857697, -1.5574873467416763, -0.7905433714540395}, 
  {-1.5032226857699813, 0.03834398704724458}, {{2, 0.009275871037772235}, 
   {3, 0.0032826543848663986}, {4, 0.0011767798298387214}, 
   {5, 0.0004237012654505351}, {6, 0.00015280737447614934}, 
   {7, 0.0000551433201426213}, {8, 0.000019903862486646273}, 
   {9, 7.184829821454963*^-6}, {10, 2.5936306805723897*^-6}, 
   {11, 9.362768958742773*^-7}, {12, 3.3798864561285225*^-7}, 
   {13, 1.2201142635115403*^-7}, {14, 4.4045253395907924*^-8}}, 
  {{2, 0.051627405240837865}, {3, 0.05145455359979138}, 
   {4, 0.051376726052478214}, {5, 0.051346665380922175}, 
   {6, 0.05133556217311959}, {7, 0.0513315214265066}, 
   {8, 0.051330058511396895}, {9, 0.05132952985805165}, 
   {10, 0.05132933894609708}, {11, 0.051329270018867924}, 
   {12, 0.051329245135404516}, {13, 0.051329236152490285}, 
   {14, 0.05132923290970099}}, {4.062804563039556*^-9, 0.9681002175998649}}}
