{10, 32, {{{-0.5245474030742492, 0, -0.0001931803589811298, 
    0.0001931803589811308}, {0, 0.9989680367734015, 0.00003707490949040815, 
    0.000037074909490306313}, {-0.0001931803589811046, 
    0.000037074909490372355, -7.854691368181302*^-6, 0.0004704593668909615}, 
   {0.00019318035898112612, 0.00003707490949033503, 0.0004704593668910206, 
    -7.854691368069412*^-6}}, {{-0.5245474030742493, 0.00019318035898112482, 
    0, -0.00019318035898113393}, {0.00019318035898109595, 
    -7.854691368267604*^-6, 0.00003707490949036765, 0.0004704593668909126}, 
   {0, 0.000037074909490407605, 0.9989680367734014, 0.000037074909490332524}, 
   {-0.00019318035898111717, 0.0004704593668910386, 0.000037074909490311626, 
    -7.854691368242017*^-6}}, {{-0.5245474030742494, -0.00019318035898109812, 
    0.00019318035898109479, 0}, {-0.00019318035898105088, 
    -7.854691368503093*^-6, 0.00047045936689123945, 0.000037074909490344233}, 
   {0.00019318035898105467, 0.00047045936689107807, -7.854691368519573*^-6, 
    0.000037074909490320394}, {0, 0.00003707490949031786, 
    0.00003707490949033501, 0.998968036773402}}}, 
 {{{0., 0.009595642656069372, 0.009595642656069363, 0.009595642656069374}, 
   {-0.009595642656069372, 0., -0.009693615775585161, 0.009693615775585026}, 
   {-0.009595642656069363, 0.009693615775585161, 0., -0.009693615775585047}, 
   {-0.009595642656069374, -0.009693615775585026, 0.009693615775585047, 0.}}, 
  {{0., 0.009595642656069367, 0.009595642656069367, 0.009595642656069391}, 
   {-0.009595642656069367, 0., -0.009693615775585175, 0.009693615775585085}, 
   {-0.009595642656069367, 0.009693615775585175, 0., -0.009693615775585078}, 
   {-0.009595642656069391, -0.009693615775585085, 0.009693615775585078, 
    0.}}}, {0, 0}, {{-1.5702668402503437, -1.5682391830957276}, 
  {-6.298441322572488, -1.5722944974049562, -1.576926163881288}, 
  {-1.5723048487646247, -1.5702771916100087}, {{2, 0.004576881920643438}, 
   {3, 0.0017946361887242884}, {4, 0.0007039643590635927}, 
   {5, 0.00027618344932682157}, {6, 0.00010836130852846793}, 
   {7, 0.000042517000454607434}, {8, 0.000016682289155443147}, 
   {9, 6.54561563934869*^-6}}, {{2, 0.096480915543695}, 
   {3, 0.03729887460943895}, {4, 0.01719050227135042}, 
   {5, 0.009709788099740076}, {6, 0.006833986914620187}, 
   {7, 0.0057145501946363544}, {8, 0.005276681180949082}, 
   {9, 0.005105083787887493}}, {8.296880021992659*^-13, 0.9938241728991846}}}
