{9, 32, {{{-0.5207827561106401, 0, -0.002513941379229874, 
    0.0025139413792298684}, {0, 0.9874678898860433, 0.0003430612752602651, 
    0.00034306127526022106}, {-0.002513941379229831, 0.00034306127526023277, 
    0.00006844467486300269, 0.005925307781875465}, 
   {0.0025139413792298585, 0.0003430612752602167, 0.00592530778187544, 
    0.0000684446748629242}}, {{-0.52078275611064, 0.002513941379229864, 0, 
    -0.002513941379229864}, {0.0025139413792298125, 0.00006844467486301006, 
    0.00034306127526022474, 0.005925307781875442}, 
   {0, 0.0003430612752602677, 0.9874678898860433, 0.0003430612752602546}, 
   {-0.002513941379229859, 0.0059253077818754475, 0.0003430612752601945, 
    0.00006844467486291639}}, {{-0.52078275611064, -0.0025139413792298103, 
    0.002513941379229818, 0}, {-0.002513941379229768, 0.00006844467486295195, 
    0.005925307781875451, 0.00034306127526024426}, 
   {0.002513941379229785, 0.00592530778187547, 0.00006844467486294414, 
    0.0003430612752602178}, {0, 0.00034306127526021954, 
    0.0003430612752602313, 0.9874678898860432}}}, 
 {{{0., 0.03417898901647848, 0.03417898901647848, 0.0341789890164785}, 
   {-0.03417898901647848, 0., -0.03354488008776457, 0.03354488008776435}, 
   {-0.03417898901647848, 0.03354488008776457, 0., -0.03354488008776435}, 
   {-0.0341789890164785, -0.03354488008776435, 0.03354488008776435, 0.}}, 
  {{0., 0.03417898901647848, 0.03417898901647848, 0.03417898901647856}, 
   {-0.03417898901647848, 0., -0.033544880087764434, 0.03354488008776456}, 
   {-0.03417898901647848, 0.033544880087764434, 0., -0.03354488008776457}, 
   {-0.03417898901647856, -0.03354488008776456, 0.03354488008776457, 0.}}}, 
 {0, 0}, {{-1.5214094645456924, -1.49654557142398}, 
  {-6.297514536540308, -1.5462733576674002, -1.6024839106027537}, 
  {-1.5460427128021679, -1.5211788196804554}, {{2, 0.016457482926000196}, 
   {3, 0.006582249113589282}, {4, 0.0026476680735364744}, 
   {5, 0.001067718139324575}, {6, 0.0004310348729244379}, 
   {7, 0.00017408358790060863}, {8, 0.00007032023293293554}}, 
  {{2, 0.08027502839478148}, {3, 0.022682706999726528}, 
   {4, 0.002878394284013077}, {5, 0.004645312222539501}, 
   {6, 0.007611846063857307}, {7, 0.008798694101005259}, 
   {8, 0.009276297324188021}}, {1.4248116664576306*^-9, 0.9271241499061548}}}
