{13, 32, {{{-0.5158217571969569, 0, -0.0060507152552721245, 
    0.006050715255272116}, {0, 0.9710648138937077, 0.0010734880380367565, 
    0.0010734880380367964}, {-0.006050715255272094, 0.0010734880380366806, 
    -0.000021742216260917102, 0.013727708334474752}, 
   {0.006050715255272089, 0.00107348803803674, 0.013727708334474719, 
    -0.00002174221626095093}}, {{-0.5158217571969569, 0.006050715255272133, 
    0, -0.006050715255272116}, {0.006050715255272092, 
    -0.000021742216260934883, 0.0010734880380366873, 0.013727708334474767}, 
   {0, 0.001073488038036734, 0.9710648138937077, 0.0010734880380367873}, 
   {-0.006050715255272101, 0.013727708334474759, 0.0010734880380367214, 
    -0.000021742216260972613}}, {{-0.5158217571969568, -0.006050715255272095, 
    0.006050715255272097, 0}, {-0.006050715255272052, -0.000021742216260957, 
    0.013727708334474831, 0.0010734880380367602}, 
   {0.006050715255272067, 0.013727708334474766, -0.000021742216260944858, 
    0.0010734880380367626}, {0, 0.0010734880380367218, 0.0010734880380367283, 
    0.9710648138937077}}}, 
 {{{0., 0.050976739018559855, 0.05097673901855984, 0.05097673901855988}, 
   {-0.050976739018559855, 0., -0.05145875409621157, 0.05145875409621133}, 
   {-0.05097673901855984, 0.05145875409621157, 0., -0.05145875409621133}, 
   {-0.05097673901855988, -0.05145875409621133, 0.05145875409621133, 0.}}, 
  {{0., 0.05097673901855984, 0.05097673901855985, 0.05097673901855997}, 
   {-0.05097673901855984, 0., -0.051458754096211395, 0.051458754096211604}, 
   {-0.05097673901855985, 0.051458754096211395, 0., -0.051458754096211604}, 
   {-0.05097673901855997, -0.051458754096211604, 0.051458754096211604, 0.}}}, 
 {0, 0}, {{-1.4557424924969824, -1.401000025266702}, 
  {-6.29329287598803, -1.5104849597272634, -1.6361614782667515}, 
  {-1.5107437708546607, -1.4560013036243804}, {{2, 0.0247986967024054}, 
   {3, 0.010221952893664496}, {4, 0.004276498921264527}, 
   {5, 0.0018014229748528204}, {6, 0.0007611054426786279}, 
   {7, 0.00032198270097759385}, {8, 0.00013628814607061224}, 
   {9, 0.00005770116357854682}, {10, 0.000024431708821423537}, 
   {11, 0.000010345255986712876}, {12, 4.380627402059134*^-6}}, 
  {{2, 0.09954183060194122}, {3, 0.03973543031696121}, 
   {4, 0.0187676714357339}, {5, 0.010534864038695422}, 
   {6, 0.007156052089599525}, {7, 0.005743954822623521}, 
   {8, 0.005149305674271474}, {9, 0.004898091029021051}, 
   {10, 0.004791819850306998}, {11, 0.0047468383322867465}, 
   {12, 0.00472779435220547}}, {1.8567592748373346*^-8, 0.8384734350692296}}}
