{19, 32, {{{-0.47007167238013653, 0, -0.03506720235056583, 
    0.03506720235056566}, {0, 0.8318556586467349, 0.006713829158360905, 
    0.006713829158360869}, {-0.03506720235056571, 0.006713829158360669, 
    0.0018248896779884598, 0.08253797693701087}, 
   {0.03506720235056571, 0.00671382915836068, 0.08253797693701084, 
    0.0018248896779885573}}, {{-0.4700716723801366, 0.035067202350565846, 0, 
    -0.03506720235056566}, {0.03506720235056568, 0.001824889677988488, 
    0.006713829158360668, 0.08253797693701086}, {0, 0.006713829158360912, 
    0.8318556586467347, 0.006713829158360902}, {-0.03506720235056568, 
    0.0825379769370109, 0.006713829158360654, 0.0018248896779885226}}, 
  {{-0.4700716723801368, -0.03506720235056569, 0.035067202350565686, 0}, 
   {-0.0350672023505657, 0.0018248896779883648, 0.08253797693701109, 
    0.006713829158360841}, {0.03506720235056573, 0.08253797693701106, 
    0.001824889677988356, 0.006713829158360813}, {0, 0.006713829158360636, 
    0.006713829158360912, 0.8318556586467347}}}, 
 {{{0., 0.12672187019885095, 0.1267218701988509, 0.12672187019885098}, 
   {-0.12672187019885095, 0., -0.12591148413397502, 0.12591148413397452}, 
   {-0.1267218701988509, 0.12591148413397502, 0., -0.12591148413397452}, 
   {-0.12672187019885098, -0.12591148413397452, 0.12591148413397452, 0.}}, 
  {{0., 0.1267218701988509, 0.12672187019885092, 0.12672187019885106}, 
   {-0.1267218701988509, 0., -0.12591148413397457, 0.12591148413397493}, 
   {-0.12672187019885092, 0.12591148413397457, 0., -0.1259114841339749}, 
   {-0.12672187019885106, -0.12591148413397493, 0.1259114841339749, 0.}}}, 
 {0, 0}, {{-0.9534944035871737, -0.685718168097413}, 
  {-6.144908392045907, -1.2212706390769354, -1.851183556946018}, 
  {-1.2204144248756867, -0.9526381893859261}, {{2, 0.016607705939797712}, 
   {3, 0.009499887918510197}, {4, 0.005753587113609709}, 
   {5, 0.0035414236202484517}, {6, 0.002208431770166469}, 
   {7, 0.0013877881874299614}, {8, 0.0008763902133851476}, 
   {9, 0.0005551572037311159}, {10, 0.00035236090625490046}, 
   {11, 0.00022392426725070802}, {12, 0.00014241607561182867}, 
   {13, 0.00009062248276120455}, {14, 0.000057683596621393995}, 
   {15, 0.00003672463321274799}, {16, 0.0000233840169050481}, 
   {17, 0.000014890756140362171}, {18, 9.482815536088207*^-6}}, 
  {{2, 0.02032412026944642}, {3, 0.010376828024132027}, 
   {4, 0.004850258042257544}, {5, 0.0017111150380221944}, 
   {6, 0.00015870503256688962}, {7, 0.0012992445275704012}, 
   {8, 0.002006131754991254}, {9, 0.0024486099219187983}, 
   {10, 0.0027273338001808215}, {11, 0.0029036103594880062}, 
   {12, 0.0030153790949184176}, {13, 0.003086361260771267}, 
   {14, 0.003131487139201781}, {15, 0.0031601940840827168}, 
   {16, 0.0031784637105800127}, {17, 0.0031900939288042806}, 
   {18, 0.003197498835854284}}, {3.984667230758379*^-6, 0.33135066865098967}}}
{18, 32, {{{-0.4700712726421419, 0, -0.03506736148303707, 
    0.03506736148303696}, {0, 0.8318548334711546, 0.006713780289492622, 
    0.0067137802894927}, {-0.035067361483036984, 0.006713780289492443, 
    0.0018249673712104103, 0.08253839539186988}, 
   {0.035067361483036956, 0.006713780289492438, 0.08253839539186997, 
    0.0018249673712105053}}, {{-0.4700712726421419, 0.03506736148303705, 0, 
    -0.035067361483036956}, {0.03506736148303699, 0.0018249673712104116, 
    0.006713780289492441, 0.08253839539186991}, {0, 0.0067137802894926425, 
    0.8318548334711547, 0.006713780289492641}, {-0.03506736148303698, 
    0.08253839539186991, 0.006713780289492497, 0.0018249673712105313}}, 
  {{-0.47007127264214194, -0.03506736148303695, 0.03506736148303698, 0}, 
   {-0.03506736148303702, 0.0018249673712103622, 0.08253839539187005, 
    0.006713780289492585}, {0.03506736148303702, 0.0825383953918701, 
    0.001824967371210351, 0.0067137802894926425}, 
   {0, 0.006713780289492408, 0.006713780289492226, 0.8318548334711547}}}, 
 {{{0., 0.12672232432827696, 0.12672232432827693, 0.126722324328277}, 
   {-0.12672232432827696, 0., -0.12591175562235848, 0.12591175562235807}, 
   {-0.12672232432827693, 0.12591175562235848, 0., -0.12591175562235807}, 
   {-0.126722324328277, -0.12591175562235807, 0.12591175562235807, 0.}}, 
  {{0., 0.12672232432827693, 0.1267223243282769, 0.12672232432827713}, 
   {-0.12672232432827693, 0., -0.12591175562235823, 0.12591175562235848}, 
   {-0.1267223243282769, 0.12591175562235823, 0., -0.12591175562235848}, 
   {-0.12672232432827713, -0.12591175562235848, 0.12591175562235848, 0.}}}, 
 {0, 0}, {{-0.9534916280078376, -0.6857144328962858}, 
  {-6.144905450767245, -1.2212688231193911, -1.8511839022642316}, 
  {-1.2204124159485679, -0.952635220837016}, {{2, 0.00913465166053995}, 
   {3, 0.005388591296708184}, {4, 0.003339701462249961}, 
   {5, 0.0020833698469215622}, {6, 0.0013103511672181989}, 
   {7, 0.0008278551288861125}, {8, 0.0005245695938542738}, 
   {9, 0.00033300908736499935}, {10, 0.00021165152950280985}, 
   {11, 0.0001346208152751549}, {12, 0.00008566632469220181}, 
   {13, 0.0000545305478202307}, {14, 0.00003471790389497631}, 
   {15, 0.000022106529001253428}, {16, 0.000014077373712395591}, 
   {17, 8.964878045247815*^-6}}, {{2, 0.00926669948352199}, 
   {3, 0.004383935167802757}, {4, 0.001421231666290275}, 
   {5, 0.0003324208084494536}, {6, 0.001406540869612714}, 
   {7, 0.0020730553003965105}, {8, 0.0024906809721532185}, 
   {9, 0.002753905944433533}, {10, 0.002920444400175027}, 
   {11, 0.0030260643521412764}, {12, 0.0030931519460131386}, 
   {13, 0.003135806115025526}, {14, 0.0031629423801978196}, 
   {15, 0.0031802130881137592}, {16, 0.0031912076871754612}, 
   {17, 0.0031982080119477303}}, {3.984718781101271*^-6, 
   0.33134869651700727}}}
