{15, 32, {{{-0.4842636338151332, 0, -0.027464022463783697, 
    0.027464022463783655}, {0, 0.8738004257234477, 0.0047045577593789745, 
    0.00470455775937898}, {-0.02746402246378364, 0.004704557759378751, 
    0.0018063852684832194, 0.06261519972070702}, 
   {0.027464022463783627, 0.004704557759378855, 0.06261519972070706, 
    0.0018063852684832766}}, {{-0.48426363381513327, 0.02746402246378369, 0, 
    -0.027464022463783655}, {0.02746402246378366, 0.001806385268483193, 
    0.004704557759378735, 0.062615199720707}, {0, 0.0047045577593789484, 
    0.8738004257234478, 0.004704557759379002}, {-0.02746402246378362, 
    0.06261519972070706, 0.00470455775937885, 0.0018063852684832987}}, 
  {{-0.4842636338151334, -0.02746402246378358, 0.027464022463783568, 0}, 
   {-0.027464022463783648, 0.0018063852684831305, 0.06261519972070712, 
    0.0047045577593790005}, {0.027464022463783627, 0.06261519972070712, 
    0.00180638526848316, 0.0047045577593789805}, {0, 0.004704557759378767, 
    0.004704557759378518, 0.8738004257234478}}}, 
 {{{0., 0.10906059369466398, 0.10906059369466398, 0.10906059369466407}, 
   {-0.10906059369466398, 0., -0.10839080079323682, 0.10839080079323649}, 
   {-0.10906059369466398, 0.10839080079323682, 0., -0.10839080079323649}, 
   {-0.10906059369466407, -0.10839080079323649, 0.10839080079323649, 0.}}, 
  {{0., 0.10906059369466398, 0.10906059369466396, 0.10906059369466423}, 
   {-0.10906059369466398, 0., -0.10839080079323662, 0.1083908007932369}, 
   {-0.10906059369466396, 0.10839080079323662, 0., -0.10839080079323687}, 
   {-0.10906059369466423, -0.1083908007932369, 0.10839080079323687, 0.}}}, 
 {0, 0}, {{-1.0935656393525226, -0.8819993312438041}, 
  {-6.206503474596092, -1.3051319474612397, -1.7981197898368062}, 
  {-1.3044822828731808, -1.0929159747644623}, {{2, 0.00789327243023119}, 
   {3, 0.004286361156649737}, {4, 0.002404107405945599}, 
   {5, 0.0013560300323131602}, {6, 0.000768572099470094}, 
   {7, 0.00043672126713978354}, {8, 0.0002485212746252963}, 
   {9, 0.00014154206189140317}, {10, 0.00008065184453923124}, 
   {11, 0.00004596856550723172}, {12, 0.000026204434128346277}, 
   {13, 0.000014939185590395754}, {14, 8.517279448921888*^-6}}, 
  {{2, 0.009489986939578223}, {3, 0.0038307787339138207}, 
   {4, 0.0007545732442122909}, {5, 0.000926452312509481}, 
   {6, 0.0018639554372360198}, {7, 0.0023916827010535043}, 
   {8, 0.002690399172095379}, {9, 0.0028600142198196414}, 
   {10, 0.0029564955301620032}, {11, 0.003011432207381529}, 
   {12, 0.0030427313590670677}, {13, 0.003060569344218747}, 
   {14, 0.0030707374622521606}}, {1.6216403769744229*^-6, 
   0.4451163138488261}}}
