{3, 20, {{{-0.5248727814901645, 0, -5.234479872530118*^-6, 
    5.234479873979347*^-6}, {0, 0.9999640255257118, 1.7723642606906983*^-6, 
    1.7723642604888402*^-6}, {-5.234479873771246*^-6, 1.7723642594534813*^-6, 
    -1.2242407266584154*^-7, 0.00023723426256937947}, 
   {5.234479873951797*^-6, 1.7723642601259442*^-6, 0.0002372342625697834, 
    -1.2242406955548235*^-7}}, {{-0.5248727814901644, 5.2344798728867896*^-6, 
    0, -5.234479874062309*^-6}, {5.234479873364488*^-6, 
    -1.224240693438461*^-7, 1.772364259617982*^-6, 0.00023723426256861167}, 
   {0, 1.7723642605340989*^-6, 0.9999640255257116, 1.7723642615502098*^-6}, 
   {-5.2344798738623835*^-6, 0.00023723426256906243, 1.7723642591003228*^-6, 
    -1.224240742947469*^-7}}, {{-0.5248727814901655, -5.2344798735351*^-6, 
    5.234479873231206*^-6, 0}, {-5.2344798725582865*^-6, 
    -1.224240751013933*^-7, 0.00023723426257138972, 1.772364261860383*^-6}, 
   {5.234479872900015*^-6, 0.00023723426256686957, -1.224240717689895*^-7, 
    1.7723642612259808*^-6}, {0, 1.772364259086594*^-6, 
    1.7723642597720727*^-6, 0.9999640255257125}}}, 
 {{{0., 0.003462885576556682, 0.0034628855765569074, 0.003462885576557952}, 
   {-0.003462885576556682, 0., -0.003656969630178744, 0.003656969630178702}, 
   {-0.0034628855765569074, 0.003656969630178744, 0., 
    -0.0036569696301783313}, {-0.003462885576557952, -0.003656969630178702, 
    0.0036569696301783313, 0.}}, 
  {{0., 0.003462885576556727, 0.0034628855765567964, 0.0034628855765580723}, 
   {-0.003462885576556727, 0., -0.003656969630179379, 0.0036569696301786848}, 
   {-0.0034628855765567964, 0.003656969630179379, 0., 
    -0.0036569696301780932}, {-0.0034628855765580723, -0.0036569696301786848, 
    0.0036569696301780932, 0.}}}, {0, 0}, 
 {{-1.5745856773453781, -1.5745736815578597}, {-0.7873250338306967, 
   -0.39367848603668865, 0.000015969121340275727}, 
  {-1.5745980092963388, -1.5745860135088203}, {{2, 7.84440882734428*^-6}}, 
  {{2, 0.00019408405362146623}}, {2.3918179572888226*^-15, 
   0.9997841725657827}}}
