{11, 25, {{{-0.523647977112392, 0, -0.0008987148545871572, 
    0.0008987148545870782}, {0, 0.9947776094572895, 0.000465986025116726, 
    0.00046598602511669794}, {-0.0008987148545871544, 0.0004659860251170035, 
    -0.00034820254099260893, 0.002136221655145794}, 
   {0.0008987148545870761, 0.0004659860251166889, 0.0021362216551457586, 
    -0.0003482025409926289}}, {{-0.5236479771123921, 0.0008987148545871547, 
    0, -0.0008987148545870737}, {0.0008987148545871542, 
    -0.0003482025409926662, 0.00046598602511696384, 0.0021362216551458683}, 
   {0, 0.0004659860251166994, 0.9947776094572895, 0.0004659860251166412}, 
   {-0.0008987148545870742, 0.0021362216551457035, 0.0004659860251167066, 
    -0.0003482025409924927}}, {{-0.5236479771123923, -0.0008987148545872313, 
    0.0008987148545872323, 0}, {-0.000898714854587242, 
    -0.00034820254099359165, 0.0021362216551465757, 0.00046598602511696606}, 
   {0.0008987148545872149, 0.0021362216551466763, -0.00034820254099365844, 
    0.00046598602511698173}, {0, 0.000465986025116964, 0.0004659860251169177, 
    0.9947776094572898}}}, 
 {{{0., 0.03747973191817432, 0.03747973191817434, 0.0374797319181743}, 
   {-0.03747973191817432, 0., -0.045603472264188726, 0.04560347226418879}, 
   {-0.03747973191817434, 0.045603472264188726, 0., -0.045603472264188864}, 
   {-0.0374797319181743, -0.04560347226418879, 0.045603472264188864, 0.}}, 
  {{0., 0.0374797319181743, 0.03747973191817433, 0.03747973191817432}, 
   {-0.0374797319181743, 0., -0.04560347226418873, 0.04560347226418879}, 
   {-0.03747973191817433, 0.04560347226418873, 0., -0.04560347226418886}, 
   {-0.03747973191817432, -0.04560347226418879, 0.04560347226418886, 0.}}}, 
 {0, 0}, {{-1.5539706795337402, -1.5409873195464727}, 
  {-1.5746058948069903, -0.7834770197605039, -0.003825927642991278}, 
  {-1.5683611126236874, -1.5553777526364199}, {{2, 0.010828152580307691}, 
   {3, 0.004308344336998587}, {4, 0.0017273503201486323}, 
   {5, 0.000695077653452586}, {6, 0.0002801283220289566}, 
   {7, 0.00011296819952202886}, {8, 0.000045568770322010343}, 
   {9, 0.00001838330897958179}, {10, 7.416488887843076*^-6}}, 
  {{2, 0.10880265717628057}, {3, 0.10858262438569306}, 
   {4, 0.10846404792150255}, {5, 0.1084116230376462}, 
   {6, 0.10838974394779868}, {7, 0.10838079951184532}, 
   {8, 0.10837717187519233}, {9, 0.10837570522247005}, 
   {10, 0.10837511300217818}}, {8.994716250420663*^-9, 0.9690719196796462}}}
{18, 25, {{{-0.5188606547762313, 0, -0.0015925313051129045, 
    0.0015925313051127984}, {0, 0.9923792180153417, -0.0022370851612588047, 
    -0.002237085161259021}, {-0.0015925313051128906, -0.0022370851612588437, 
    0.0027807959843418485, 0.005834488083393837}, 
   {0.001592531305112806, -0.002237085161259063, 0.005834488083393926, 
    0.0027807959843416273}}, {{-0.5188606547762313, 0.0015925313051129153, 0, 
    -0.0015925313051127936}, {0.0015925313051129099, 0.0027807959843418996, 
    -0.0022370851612588554, 0.005834488083393825}, 
   {0, -0.002237085161258789, 0.9923792180153412, -0.002237085161258984}, 
   {-0.0015925313051128216, 0.005834488083394022, -0.0022370851612590384, 
    0.002780795984341916}}, {{-0.5188606547762319, -0.001592531305112991, 
    0.0015925313051129968, 0}, {-0.0015925313051129942, 
    0.0027807959843414738, 0.005834488083394207, -0.0022370851612587943}, 
   {0.0015925313051130033, 0.0058344880833941185, 0.0027807959843413887, 
    -0.0022370851612587756}, {0, -0.002237085161258776, 
    -0.0022370851612587422, 0.9923792180153417}}}, 
 {{{0., 0.08286195414677505, 0.082861954146775, 0.08286195414677495}, 
   {-0.08286195414677505, 0., -0.03427714107856138, 0.03427714107856074}, 
   {-0.082861954146775, 0.03427714107856138, 0., -0.03427714107856056}, 
   {-0.08286195414677495, -0.03427714107856074, 0.03427714107856056, 0.}}, 
  {{0., 0.08286195414677505, 0.08286195414677497, 0.08286195414677497}, 
   {-0.08286195414677505, 0., -0.03427714107856129, 0.034277141078560634}, 
   {-0.08286195414677497, 0.03427714107856129, 0., -0.03427714107856056}, 
   {-0.08286195414677497, -0.034277141078560634, 0.03427714107856056, 0.}}}, 
 {0, 0}, {{-1.53661367995303, -1.5079094570336982}, 
  {-1.574547191574332, -0.7826589514361806, -0.004614644350985464}, 
  {-1.556902766401323, -1.5281985434819911}, {{2, 0.01985468173387743}, 
   {3, 0.011729095838402558}, {4, 0.006970676681827631}, 
   {5, 0.004160792215556236}, {6, 0.0024907386874341436}, 
   {7, 0.0014937343792227609}, {8, 0.000896830036916943}, 
   {9, 0.000538825078887778}, {10, 0.0003238682049282876}, 
   {11, 0.00019471503557257075}, {12, 0.00011708397704091045}, 
   {13, 0.00007041022163009614}, {14, 0.000042344616905040655}, 
   {15, 0.000025466854232034097}, {16, 0.000015316558032857364}, 
   {17, 9.211966365718638*^-6}}, {{2, 0.29567871340436114}, 
   {3, 0.29482785553189905}, {4, 0.2942189238746502}, 
   {5, 0.2938182732886666}, {6, 0.2935650398446442}, 
   {7, 0.29340833990759646}, {8, 0.29331251345447185}, 
   {9, 0.2932543095219518}, {10, 0.29321909738282265}, 
   {11, 0.2931978448575731}, {12, 0.29318503571810217}, 
   {13, 0.2931773219712655}, {14, 0.2931726790357331}, 
   {15, 0.29316988527639265}, {16, 0.2931682045126093}, 
   {17, 0.2931671934522058}}, {1.6219129888779228*^-9, 0.9551376515626004}}}
