{6, 32, {{{-0.524413243586872, 0, -0.0002257914305963, 
    0.00022579143059633472}, {0, 0.9988807714299861, -0.00003290268040441046, 
    -0.00003290268040436007}, {-0.00022579143059627257, 
    -0.00003290268040415696, 0.00007415825936172822, 0.0005800610669856847}, 
   {0.00022579143059628024, -0.000032902680404359554, 0.0005800610669856326, 
    0.00007415825936163759}}, {{-0.5244132435868721, 0.0002257914305963166, 
    0, -0.00022579143059633475}, {0.00022579143059629206, 
    0.00007415825936163672, -0.00003290268040415915, 0.000580061066985548}, 
   {0, -0.000032902680404413046, 0.9988807714299861, 
    -0.000032902680404243775}, {-0.00022579143059627303, 
    0.0005800610669857542, -0.00003290268040448604, 0.0000741582593618284}}, 
  {{-0.5244132435868722, -0.00022579143059627503, 0.00022579143059625972, 0}, 
   {-0.00022579143059620673, 0.0000741582593615387, 0.0005800610669859051, 
    -0.0000329026804043548}, {0.00022579143059621025, 0.00058006106698544, 
    0.0000741582593613288, -0.000032902680404471796}, 
   {0, -0.000032902680404381536, -0.000032902680404119254, 
    0.998880771429987}}}, 
 {{{0., 0.022830062226295654, 0.022830062226295647, 0.02283006222629566}, 
   {-0.022830062226295654, 0., -0.01900652489445645, 0.019006524894456343}, 
   {-0.022830062226295647, 0.01900652489445645, 0., -0.019006524894456426}, 
   {-0.02283006222629566, -0.019006524894456343, 0.019006524894456426, 0.}}, 
  {{0., 0.022830062226295675, 0.022830062226295616, 0.02283006222629574}, 
   {-0.022830062226295675, 0., -0.019006524894456405, 0.019006524894456422}, 
   {-0.022830062226295616, 0.019006524894456405, 0., -0.019006524894456374}, 
   {-0.02283006222629574, -0.019006524894456422, 0.019006524894456374, 0.}}}, 
 {0, 0}, {{-1.569088268358648, -1.5651339855870567}, 
  {-6.299197800706634, -1.573042551130238, -1.576556349223079}, 
  {-1.5727114230840693, -1.568757140312478}, {{2, 0.005495455620783637}, 
   {3, 0.00430609169874345}, {4, 0.0033745052050267246}, 
   {5, 0.0026448111301259868}}, {{2, 0.25909124710902}, 
   {3, 0.06486115409502437}, {4, 0.029379668087348175}, 
   {5, 0.08373909133360381}}, {4.714290197072697*^-11, 0.9933033906517859}}}
