{3, 28, {{{-0.5238165331322656, 0, -0.0005388807747401213, 
    0.0005388807747401247}, {0, 0.9973351033490423, -0.00005767906053680001, 
    -0.000057679060536807434}, {-0.0005388807747400788, 
    -0.000057679060536784286, 0.00015442863541250025, 0.0013642288307287949}, 
   {0.0005388807747401284, -0.0000576790605369042, 0.0013642288307288075, 
    0.00015442863541257745}}, {{-0.5238165331322657, 0.0005388807747401241, 
    0, -0.0005388807747401309}, {0.0005388807747401037, 
    0.00015442863541246382, -0.00005767906053677973, 0.0013642288307287944}, 
   {0, -0.00005767906053679101, 0.9973351033490423, -0.00005767906053682879}, 
   {-0.000538880774740135, 0.001364228830728809, -0.00005767906053688692, 
    0.00015442863541262342}}, {{-0.523816533132266, -0.000538880774740098, 
    0.0005388807747401017, 0}, {-0.0005388807747400612, 
    0.0001544286354123372, 0.0013642288307288255, -0.00005767906053687758}, 
   {0.0005388807747400508, 0.0013642288307287424, 0.00015442863541234586, 
    -0.000057679060536857165}, {0, -0.00005767906053682757, 
    -0.00005767906053683565, 0.9973351033490429}}}, 
 {{{0., 0.0173719282938171, 0.017371928293817104, 0.017371928293817136}, 
   {-0.0173719282938171, 0., -0.014776499225665683, 0.014776499225665488}, 
   {-0.017371928293817104, 0.014776499225665683, 0., -0.01477649922566546}, 
   {-0.017371928293817136, -0.014776499225665488, 0.01477649922566546, 0.}}, 
  {{0., 0.017371928293817115, 0.01737192829381711, 0.01737192829381716}, 
   {-0.017371928293817115, 0., -0.014776499225665644, 0.014776499225665554}, 
   {-0.01737192829381711, 0.014776499225665644, 0., -0.014776499225665575}, 
   {-0.01737192829381716, -0.014776499225665554, 0.014776499225665575, 0.}}}, 
 {0, 0}, {{-1.5621493878140877, -1.556131575328018}, 
  {-6.298437433150852, -1.5681672003001528, -1.5810515162752732}, 
  {-1.5677176587988066, -1.561699846312737}, {{2, 0.00010419145754889808}}, 
  {{2, 0.07470181272493792}}, {1.0409487121100328*^-11, 0.9841167674578061}}}
