{3, 28, {{{-0.514659911242107, 0, -0.005824429924923958, 
    0.005824429924923941}, {0, 0.9741236120958873, -0.0005335390319986828, 
    -0.0005335390319985782}, {-0.005824429924923912, -0.0005335390319985913, 
    0.0016323483430510958, 0.013532050406952255}, 
   {0.005824429924923952, -0.0005335390319986511, 0.013532050406952142, 
    0.0016323483430510342}}, {{-0.5146599112421071, 0.005824429924923965, 0, 
    -0.005824429924923935}, {0.005824429924923901, 0.0016323483430511331, 
    -0.0005335390319985791, 0.013532050406952241}, 
   {0, -0.0005335390319986953, 0.9741236120958872, -0.0005335390319985661}, 
   {-0.005824429924923944, 0.013532050406952179, -0.0005335390319986884, 
    0.0016323483430509822}}, {{-0.514659911242107, -0.005824429924923926, 
    0.005824429924923911, 0}, {-0.005824429924923867, 0.0016323483430509943, 
    0.01353205040695222, -0.0005335390319986116}, 
   {0.005824429924923873, 0.013532050406952198, 0.0016323483430510655, 
    -0.0005335390319986296}, {0, -0.0005335390319986342, 
    -0.000533539031998611, 0.9741236120958872}}}, 
 {{{0., 0.05412561889818125, 0.05412561889818129, 0.05412561889818131}, 
   {-0.05412561889818125, 0., -0.04614584070541922, 0.04614584070541895}, 
   {-0.05412561889818129, 0.04614584070541922, 0., -0.04614584070541895}, 
   {-0.05412561889818131, -0.04614584070541895, 0.04614584070541895, 0.}}, 
  {{0., 0.05412561889818124, 0.05412561889818125, 0.054125618898181405}, 
   {-0.05412561889818124, 0., -0.046145840705419064, 0.046145840705419224}, 
   {-0.05412561889818125, 0.046145840705419064, 0., -0.04614584070541923}, 
   {-0.054125618898181405, -0.046145840705419224, 0.04614584070541923, 0.}}}, 
 {0, 0}, {{-1.4565668699300083, -1.400317876776352}, 
  {-6.2936678919084486, -1.5128158630836634, -1.6340180828705608}, 
  {-1.508669448704766, -1.4524204555511098}, {{2, 0.0003070017652168633}}, 
  {{2, 0.07371535286989869}}, {9.655958162804765*^-9, 0.8544456101483121}}}
