{3, 28, {{{-0.520536925502961, 0, -0.002316729062832772, 
    0.0023167290628327486}, {0, 0.9890560184778172, -0.00023141032183112017, 
    -0.0002314103218310729}, {-0.002316729062832733, -0.00023141032183102888, 
    0.0006535759483284522, 0.0056519573865166685}, 
   {0.00231672906283276, -0.00023141032183111691, 0.005651957386516689, 
    0.0006535759483285363}}, {{-0.520536925502961, 0.00231672906283276, 0, 
    -0.002316729062832746}, {0.002316729062832732, 0.0006535759483284748, 
    -0.00023141032183101738, 0.005651957386516681}, 
   {0, -0.0002314103218311117, 0.9890560184778172, -0.0002314103218310943}, 
   {-0.0023167290628327533, 0.005651957386516648, -0.00023141032183109545, 
    0.0006535759483284609}}, {{-0.5205369255029613, -0.0023167290628327442, 
    0.0023167290628327408, 0}, {-0.002316729062832705, 0.0006535759483284036, 
    0.005651957386516689, -0.0002314103218310896}, 
   {0.0023167290628327048, 0.005651957386516774, 0.0006535759483284609, 
    -0.00023141032183106409}, {0, -0.00023141032183107767, 
    -0.000231410321831138, 0.9890560184778173}}}, 
 {{{0., 0.03519951519072484, 0.03519951519072484, 0.03519951519072488}, 
   {-0.03519951519072484, 0., -0.029967517241430982, 0.029967517241430847}, 
   {-0.03519951519072484, 0.029967517241430982, 0., -0.029967517241430833}, 
   {-0.03519951519072488, -0.029967517241430847, 0.029967517241430833, 0.}}, 
  {{0., 0.03519951519072483, 0.03519951519072484, 0.035199515190724937}, 
   {-0.03519951519072483, 0., -0.029967517241430854, 0.02996751724143101}, 
   {-0.03519951519072484, 0.029967517241430854, 0., -0.02996751724143102}, 
   {-0.035199515190724937, -0.02996751724143101, 0.02996751724143102, 0.}}}, 
 {0, 0}, {{-1.523850615150062, -1.4994636756652115}, 
  {-6.297608954369916, -1.5482375546349147, -1.6005669225500432}, 
  {-1.5464251373802584, -1.522038197895408}, {{2, 0.00020687894853502198}}, 
  {{2, 0.07431917628616343}}, {7.242768151326425*^-10, 0.9361066707020003}}}
