{3, 20, {{{-0.5248740504880844, 0, -4.864968184619198*^-6, 
    4.864968184147442*^-6}, {0, 0.9999724945599435, 5.456207486861761*^-7, 
    5.45620750262274*^-7}, {-4.8649681843717016*^-6, 5.456207488043609*^-7, 
    2.447200529338833*^-7, 0.00010053456873346596}, 
   {4.864968183747227*^-6, 5.456207491805282*^-7, 0.00010053456873076211, 
    2.4472004841319395*^-7}}, {{-0.5248740504880844, 4.864968184524909*^-6, 
    0, -4.864968184172644*^-6}, {4.864968184443007*^-6, 
    2.4472005061629276*^-7, 5.456207488539005*^-7, 0.0001005345687320145}, 
   {0, 5.456207486526929*^-7, 0.999972494559944, 5.456207498211893*^-7}, 
   {-4.864968183724331*^-6, 0.00010053456873146169, 5.456207495701244*^-7, 
    2.447200490307555*^-7}}, {{-0.5248740504880848, -4.864968184583771*^-6, 
    4.864968184672657*^-6, 0}, {-4.864968184269655*^-6, 
    2.4472005035781896*^-7, 0.00010053456873247265, 5.45620749522035*^-7}, 
   {4.86496818418103*^-6, 0.00010053456872703051, 2.447200475319544*^-7, 
    5.456207500114359*^-7}, {0, 5.45620750180266*^-7, 5.456207496367298*^-7, 
    0.9999724945599453}}}, 
 {{{0., 0.003247182344586328, 0.0032471823445863923, 0.0032471823445890005}, 
   {-0.003247182344586328, 0., -0.003119714018409116, 0.003119714018406981}, 
   {-0.0032471823445863923, 0.003119714018409116, 0., -0.003119714018407177}, 
   {-0.0032471823445890005, -0.003119714018406981, 0.003119714018407177, 
    0.}}, {{0., 0.003247182344586257, 0.003247182344586505, 
    0.0032471823445889016}, {-0.003247182344586257, 0., 
    -0.0031197140184084935, 0.003119714018407064}, 
   {-0.003247182344586505, 0.0031197140184084935, 0., 
    -0.0031197140184076894}, {-0.0032471823445889016, -0.003119714018407064, 
    0.0031197140184076894, 0.}}}, {0, 0}, 
 {{-1.5745992247989893, -1.5745879762293846}, {-0.7873254391927377, 
   -0.39367512079662825, 0.00001240120025941538}, 
  {-1.5746102525869765, -1.5745990040173719}, {{2, 0.00005458746413304627}}, 
  {{2, 0.00012746832617947738}}, {9.219103837101378*^-16, 0.999834978707488}}}
