{9, 32, {{{-0.520874954577492, 0, -0.002503282144279849, 
    0.0025032821442798467}, {0, 0.9873967223909721, 0.00042482654874696096, 
    0.0004248265487470527}, {-0.0025032821442798154, 0.00042482654874697614, 
    -0.000021011981563676292, 0.005886188078081974}, 
   {0.0025032821442798467, 0.0004248265487469757, 0.005886188078081979, 
    -0.000021011981563869714}}, {{-0.520874954577492, 0.0025032821442798627, 
    0, -0.0025032821442798484}, {0.0025032821442798224, 
    -0.000021011981563698844, 0.0004248265487469678, 0.005886188078082048}, 
   {0, 0.0004248265487469589, 0.9873967223909721, 0.00042482654874700866}, 
   {-0.0025032821442798536, 0.005886188078081936, 0.00042482654874702623, 
    -0.000021011981563845428}}, {{-0.520874954577492, -0.0025032821442798206, 
    0.0025032821442798033, 0}, {-0.0025032821442797716, 
    -0.000021011981563779508, 0.005886188078081884, 0.0004248265487469835}, 
   {0.0025032821442797634, 0.005886188078082022, -0.00002101198156370665, 
    0.0004248265487470294}, {0, 0.00042482654874702894, 
    0.0004248265487469942, 0.9873967223909719}}}, 
 {{{0., 0.03379180637375705, 0.03379180637375705, 0.03379180637375709}, 
   {-0.03379180637375705, 0., -0.03382823534361044, 0.03382823534361025}, 
   {-0.03379180637375705, 0.03382823534361044, 0., -0.03382823534361026}, 
   {-0.03379180637375709, -0.03382823534361025, 0.03382823534361026, 0.}}, 
  {{0., 0.03379180637375703, 0.03379180637375705, 0.033791806373757144}, 
   {-0.03379180637375703, 0., -0.033828235343610305, 0.033828235343610465}, 
   {-0.03379180637375705, 0.033828235343610305, 0., -0.033828235343610465}, 
   {-0.033791806373757144, -0.033828235343610465, 0.033828235343610465, 
    0.}}}, {0, 0}, {{-1.5217740945921636, -1.4971918618742348}, 
  {-6.297517899108988, -1.5463563273100907, -1.6024026222444034}, 
  {-1.5463695776436892, -1.5217873449257604}, {{2, 0.016275915160393374}, 
   {3, 0.006509766158104918}, {4, 0.002618277369048211}, 
   {5, 0.0010557189929611133}, {6, 0.00042612271509639976}, 
   {7, 0.00017207070480998454}, {8, 0.0000694951843827063}}, 
  {{2, 0.09200914592279393}, {3, 0.03318260856324818}, 
   {4, 0.012952934365124336}, {5, 0.005268182443956436}, 
   {6, 0.002238538762005717}, {7, 0.0010266285857615993}, 
   {8, 0.0005390207532910611}}, {1.4985666383477186*^-9, 0.9267233112545253}}}
