{3, 32, {{{-0.522879626986282, 0, -0.001218946149385494, 
    0.0012189461493854858}, {0, 0.9936688284885233, 0.00022324257691148507, 
    0.00022324257691152898}, {-0.0012189461493854541, 0.0002232425769115266, 
    -0.0000334642498646771, 0.002917820422924487}, 
   {0.0012189461493854743, 0.00022324257691145298, 0.0029178204229246304, 
    -0.00003346424986452098}}, {{-0.5228796269862819, 0.0012189461493855049, 
    0, -0.0012189461493854886}, {0.0012189461493854652, 
    -0.00003346424986465065, 0.00022324257691152914, 0.0029178204229246074}, 
   {0, 0.0002232425769114777, 0.9936688284885231, 0.00022324257691144658}, 
   {-0.0012189461493854804, 0.002917820422924559, 0.0002232425769115356, 
    -0.00003346424986452878}}, {{-0.522879626986282, -0.0012189461493854513, 
    0.0012189461493854405, 0}, {-0.0012189461493854145, 
    -0.00003346424986476557, 0.002917820422924511, 0.00022324257691148854}, 
   {0.0012189461493854017, 0.002917820422924709, -0.000033464249864778584, 
    0.0002232425769115695}, {0, 0.0002232425769115132, 
    0.00022324257691143796, 0.9936688284885236}}}, 
 {{{0., 0.0238330812377531, 0.023833081237753104, 0.023833081237753132}, 
   {-0.0238330812377531, 0., -0.024001517959488676, 0.024001517959488537}, 
   {-0.023833081237753104, 0.024001517959488676, 0., -0.024001517959488544}, 
   {-0.023833081237753132, -0.024001517959488537, 0.024001517959488544, 0.}}, 
  {{0., 0.023833081237753115, 0.0238330812377531, 0.02383308123775317}, 
   {-0.023833081237753115, 0., -0.02400151795948855, 0.024001517959488683}, 
   {-0.0238330812377531, 0.02400151795948855, 0., -0.0240015179594887}, 
   {-0.02383308123775317, -0.024001517959488683, 0.0240015179594887, 0.}}}, 
 {0, 0}, {{-1.548027574166369, -1.5356435418849568}, 
  {-6.2982007052138105, -1.5604116064477804, -1.5886887461591248}, 
  {-1.5604553675917663, -1.5480713353103541}, {{2, 0.00003118830872538697}}, 
  {{2, 0.0035336748961498137}}, {1.9117550911207642*^-10, 
   0.9626091754216389}}}
{9, 32, {{{-0.5228837952984069, 0, -0.0012175615159886774, 
    0.0012175615159886704}, {0, 0.9936727143848181, 0.000225129914971525, 
    0.00022512991497151524}, {-0.0012175615159886457, 0.0002251299149714852, 
    -0.000035743934861593926, 0.0029141019873953674}, 
   {0.0012175615159886809, 0.0002251299149714967, 0.002914101987395352, 
    -0.000035743934861541884}}, {{-0.5228837952984069, 0.0012175615159886752, 
    0, -0.0012175615159886756}, {0.001217561515988661, 
    -0.00003574393486165204, 0.0002251299149714846, 0.002914101987395403}, 
   {0, 0.00022512991497152153, 0.9936727143848183, 0.00022512991497146962}, 
   {-0.0012175615159886778, 0.0029141019873953193, 0.00022512991497154565, 
    -0.00003574393486158178}}, {{-0.5228837952984071, -0.0012175615159886548, 
    0.0012175615159886542, 0}, {-0.00121756151598862, 
    -0.000035743934861702346, 0.0029141019873953062, 0.00022512991497151318}, 
   {0.0012175615159886084, 0.0029141019873954966, -0.000035743934861748317, 
    0.00022512991497155844}, {0, 0.00022512991497149258, 
    0.00022512991497146125, 0.9936727143848184}}}, 
 {{{0., 0.02380810548542478, 0.023808105485424787, 0.023808105485424797}, 
   {-0.02380810548542478, 0., -0.024000849292882015, 0.024000849292881862}, 
   {-0.023808105485424787, 0.024000849292882015, 0., -0.024000849292881855}, 
   {-0.023808105485424797, -0.024000849292881862, 0.024000849292881855, 0.}}, 
  {{0., 0.023808105485424787, 0.023808105485424783, 0.02380810548542485}, 
   {-0.023808105485424787, 0., -0.024000849292881914, 0.024000849292881977}, 
   {-0.023808105485424783, 0.024000849292881914, 0., -0.02400084929288198}, 
   {-0.02380810548542485, -0.024000849292881977, 0.02400084929288198, 0.}}}, 
 {0, 0}, {{-1.5480555037066122, -1.5356844492067978}, 
  {-6.29822346867707, -1.5604265582064265, -1.5886851761321084}, 
  {-1.5604766345165306, -1.5481055800167163}, {{2, 0.011411346929052237}, 
   {3, 0.00451407286660134}, {4, 0.0017902559857855757}, 
   {5, 0.0007108064055416086}, {6, 0.0002823510828833045}, 
   {7, 0.0001121783318338912}, {8, 0.000044571887164779334}}, 
  {{2, 0.09553224657840671}, {3, 0.03639733320411945}, 
   {4, 0.016199156765732015}, {5, 0.008616041847504256}, 
   {6, 0.005668628149680264}, {7, 0.004507607652310156}, 
   {8, 0.004047861086114845}}, {1.9114355518912015*^-10, 0.9626317622386448}}}
