{14, 40, {{{-0.5223827356031798, 0, -0.0015158490074751478, 
    0.0015158490074751595}, {0, 0.9922324526554296, 0.00024413796088613884, 
    0.0002441379608861061}, {-0.0015158490074751092, 0.00024413796088609688, 
    -3.942217580234046*^-6, 0.003616153340177484}, 
   {0.0015158490074751378, 0.0002441379608861021, 0.003616153340177476, 
    -3.942217580187642*^-6}}, {{-0.5223827356031798, 0.0015158490074751322, 
    0, -0.0015158490074751515}, {0.0015158490074751022, 
    -3.942217580270475*^-6, 0.0002441379608860985, 0.003616153340177477}, 
   {0, 0.00024413796088614762, 0.9922324526554295, 0.00024413796088610052}, 
   {-0.0015158490074751287, 0.0036161533401774543, 0.00024413796088610805, 
    -3.942217580210627*^-6}}, {{-0.5223827356031799, -0.0015158490074750693, 
    0.0015158490074750864, 0}, {-0.0015158490074750424, 
    -3.9422175802756795*^-6, 0.0036161533401774418, 0.0002441379608861305}, 
   {0.0015158490074750424, 0.0036161533401774656, -3.94221758032165*^-6, 
    0.0002441379608861261}, {0, 0.00024413796088609688, 
    0.00024413796088608905, 0.9922324526554296}}}, 
 {{{0., 0.05327799857533504, 0.05327799857533505, 0.053277998575335314}, 
   {-0.05327799857533504, 0., -0.05299508737421125, 0.05299508737421092}, 
   {-0.05327799857533505, 0.05299508737421125, 0., -0.05299508737421091}, 
   {-0.053277998575335314, -0.05299508737421092, 0.05299508737421091, 0.}}, 
  {{0., 0.05327799857533501, 0.05327799857533503, 0.05327799857533537}, 
   {-0.05327799857533501, 0., -0.052995087374211, 0.0529950873742113}, 
   {-0.05327799857533503, 0.052995087374211, 0., -0.05299508737421126}, 
   {-0.05327799857533537, -0.0529950873742113, 0.05299508737421126, 0.}}}, 
 {0, 0}, {{-1.5413436962038336, -1.5191964480938975}, 
  {-6.298071427039985, -1.563490944313768, -1.5855447692062246}, 
  {-1.5634321423248434, -1.5412848942149073}, {{2, 0.00011064293822207749}, 
   {3, 0.0000875496091089778}, {4, 0.00006927707816466178}, 
   {5, 0.00005481887473585828}, {6, 0.00004337852437730216}, 
   {7, 0.00003432595930184107}, {8, 0.000027162714377033936}, 
   {9, 0.00002149441796399365}, {10, 0.000017009040943816167}, 
   {11, 0.000013459695706985464}, {12, 0.000010651031480374273}, 
   {13, 8.428472919840002*^-6}}, {{2, 0.0009115547463045944}, 
   {3, 0.00010122507585635262}, {4, 0.0005380560007653171}, 
   {5, 0.0010427206154076064}, {6, 0.0014413172856396043}, 
   {7, 0.0017562647357070292}, {8, 0.0020051961544696683}, 
   {9, 0.0022019982720873628}, {10, 0.0023576183216725615}, 
   {11, 0.002480693117132623}, {12, 0.002578040955105221}, 
   {13, 0.0026550471929232843}}, {2.2152037357285003*^-8, 0.95429041917667}}}
