{3, 20, {{{-0.5248732003495178, 0, -4.9687040538291256*^-6, 
    4.968704054480425*^-6}, {0, 0.9999644417166019, 1.964191781737372*^-6, 
    1.9641917809639057*^-6}, {-4.968704054688986*^-6, 1.964191779878606*^-6, 
    -8.002199742423999*^-8, 0.00019281705775508885}, 
   {4.968704053236919*^-6, 1.9641917795571805*^-6, 0.00019281705774911665, 
    -8.002200028132955*^-8}}, {{-0.5248732003495186, 4.968704053774976*^-6, 
    0, -4.968704054529858*^-6}, {4.968704054812563*^-6, 
    -8.002200404914894*^-8, 1.9641917799110776*^-6, 0.00019281705775521925}, 
   {0, 1.964191781730962*^-6, 0.999964441716602, 1.9641917807467028*^-6}, 
   {-4.9687040531989856*^-6, 0.00019281705774848538, 1.9641917798978233*^-6, 
    -8.002199924916908*^-8}}, {{-0.5248732003495191, -4.968704053966967*^-6, 
    4.968704054063497*^-6, 0}, {-4.968704054471516*^-6, 
    -8.002199728372739*^-8, 0.0001928170577570686, 1.9641917803912674*^-6}, 
   {4.968704054268083*^-6, 0.00019281705775203354, -8.00220020802378*^-8, 
    1.964191780331164*^-6}, {0, 1.9641917805022016*^-6, 
    1.964191780606528*^-6, 0.999964441716603}}}, 
 {{{0., 0.0033931992037073335, 0.0033931992037066015, 0.003393199203706909}, 
   {-0.0033931992037073335, 0., -0.003655855784616081, 
    0.0036558557846157426}, {-0.0033931992037066015, 0.003655855784616081, 
    0., -0.003655855784615617}, {-0.003393199203706909, 
    -0.0036558557846157426, 0.003655855784615617, 0.}}, 
  {{0., 0.0033931992037073014, 0.0033931992037067155, 0.003393199203707068}, 
   {-0.0033931992037073014, 0., -0.003655855784616123, 
    0.0036558557846158683}, {-0.0033931992037067155, 0.003655855784616123, 
    0., -0.0036558557846158787}, {-0.003393199203707068, 
    -0.0036558557846158683, 0.0036558557846158787, 0.}}}, {0, 0}, 
 {{-1.5745863972942038, -1.5745746429073617}, 
  {-0.787325134974479, -0.3936781973063358, 0.000015629819096307784}, 
  {-1.5745986066155888, -1.5745868522287467}, {{2, 0.000018240313026472027}}, 
  {{2, 0.0002626565809088969}}, {2.3874502622132764*^-15, 
   0.9997866692645876}}}
