{10, 40, {{{-0.5244583295690575, 0, -0.00024580706107208057, 
    0.00024580706107207504}, {0, 0.9986890650863924, 0.00004700806246501791, 
    0.00004700806246501604}, {-0.00024580706107204273, 
    0.000047008062465083664, -9.73868579192197*^-6, 0.0005980033969420133}, 
   {0.00024580706107209043, 0.00004700806246504726, 0.0005980033969420887, 
    -9.73868579188207*^-6}}, {{-0.5244583295690575, 0.0002458070610720924, 0, 
    -0.0002458070610720864}, {0.0002458070610720516, -9.738685791902887*^-6, 
    0.00004700806246509056, 0.0005980033969420092}, 
   {0, 0.000047008062465024155, 0.9986890650863925, 0.00004700806246503189}, 
   {-0.0002458070610720891, 0.0005980033969420983, 0.000047008062465029664, 
    -9.738685791876867*^-6}}, {{-0.5244583295690577, -0.00024580706107204045, 
    0.0002458070610720312, 0}, {-0.00024580706107197675, 
    -9.738685792132738*^-6, 0.0005980033969421753, 0.00004700806246504767}, 
   {0.000245807061071971, 0.0005980033969421345, -9.738685792098911*^-6, 
    0.00004700806246502873}, {0, 0.00004700806246501112, 
    0.00004700806246502779, 0.9986890650863933}}}, 
 {{{0., 0.021634808613832726, 0.021634808613832733, 0.02163480861383283}, 
   {-0.021634808613832726, 0., -0.02184986066110379, 0.021849860661103653}, 
   {-0.021634808613832733, 0.02184986066110379, 0., -0.02184986066110363}, 
   {-0.02163480861383283, -0.021849860661103653, 0.02184986066110363, 0.}}, 
  {{0., 0.021634808613832747, 0.021634808613832743, 0.02163480861383287}, 
   {-0.021634808613832747, 0., -0.02184986066110374, 0.02184986066110377}, 
   {-0.021634808613832743, 0.02184986066110374, 0., -0.02184986066110376}, 
   {-0.02163480861383287, -0.02184986066110377, 0.02184986066110376, 0.}}}, 
 {0, 0}, {{-1.5689693325604321, -1.565222073787312}, 
  {-6.298419970644538, -1.5727165913335517, -1.5764933939887174}, 
  {-1.572735215387158, -1.568987956614038}, {{2, 0.00004970474459125088}, 
   {3, 0.000038981153400695356}, {4, 0.000030571202870647435}, 
   {5, 0.000023975693429000716}, {6, 0.00001880314352390583}, 
   {7, 0.000014746543747761603}, {8, 0.000011565127293784727}, 
   {9, 9.070075413494805*^-6}}, {{2, 0.008429501412255508}, 
   {3, 0.0075119374829727085}, {4, 0.006794659040044393}, 
   {5, 0.006233552794655104}, {6, 0.005794373711522258}, 
   {7, 0.005450479058398435}, {8, 0.0051811049790284475}, 
   {9, 0.004970047369253129}}, {1.0881581787839213*^-10, 0.9921601237596972}}}
