{3, 32, {{{-0.5140112682831239, 0, -0.000013140786794993979, 
    0.000013140786794994844}, {0, 0.9903620451658206, -0.0051242730665431195, 
    -0.005124273066543821}, {-0.000013140786795031883, -0.005124273066543235, 
    0.006069068532225688, 0.009408922401149038}, {0.000013140786795027682, 
    -0.005124273066543818, 0.009408922401148928, 0.006069068532226065}}, 
  {{-0.5140112682831239, 0.000013140786794998371, 0, 
    -0.000013140786794973389}, {0.000013140786795023792, 
    0.006069068532225561, -0.005124273066543237, 0.009408922401149239}, 
   {0, -0.005124273066543115, 0.9903620451658206, -0.005124273066543893}, 
   {-0.000013140786795050897, 0.009408922401149097, -0.005124273066543859, 
    0.0060690685322257465}}, {{-0.5140112682831244, -0.000013140786795015554, 
    0.000013140786794996122, 0}, {-0.000013140786795012161, 
    0.00606906853222569, 0.009408922401149086, -0.005124273066543792}, 
   {0.000013140786795023442, 0.009408922401149091, 0.0060690685322258575, 
    -0.005124273066543832}, {0, -0.005124273066543894, -0.005124273066543977, 
    0.9903620451658215}}}, 
 {{{0., 0.05564781129682944, 0.05564781129682944, 0.0556478112968295}, 
   {-0.05564781129682944, 0., -0.0000989843714310305, 0.0000989843714311022}, 
   {-0.05564781129682944, 0.0000989843714310305, 0., 
    -0.00009898437143103975}, {-0.0556478112968295, -0.0000989843714311022, 
    0.00009898437143103975, 0.}}, 
  {{0., 0.05564781129682943, 0.05564781129682943, 0.05564781129682961}, 
   {-0.05564781129682943, 0., -0.00009898437143113734, 
    0.00009898437143106495}, {-0.05564781129682943, 0.00009898437143113734, 
    0., -0.00009898437143113186}, {-0.05564781129682961, 
    -0.00009898437143106495, 0.00009898437143113186, 0.}}}, {0, 0}, 
 {{-1.5075463384430066, -1.4786308874941714}, 
  {-6.298403616477208, -1.5364617893918393, -1.6127400188467649}, 
  {-1.5220297808114949, -1.4931143298626597}, {{2, 0.000044240576964879597}}, 
  {{2, 0.499110617568559}}, {9.405887444564418*^-25, 0.9435478471003926}}}
