{12, 32, {{{-0.5232835110762228, 0, -0.0009794402501387487, 
    0.0009794402501387474}, {0, 0.994847833037617, 0.00020416959158955081, 
    0.00020416959158953477}, {-0.0009794402501387147, 0.00020416959158953032, 
    -0.000054518265718755954, 0.002348342526092258}, 
   {0.000979440250138733, 0.0002041695915894578, 0.002348342526092279, 
    -0.00005451826571858075}}, {{-0.5232835110762228, 0.0009794402501387463, 
    0, -0.0009794402501387424}, {0.0009794402501387104, 
    -0.00005451826571865621, 0.00020416959158954024, 0.0023483425260923145}, 
   {0, 0.00020416959158955483, 0.9948478330376169, 0.00020416959158947291}, 
   {-0.000979440250138732, 0.0023483425260922104, 0.00020416959158951701, 
    -0.00005451826571858942}}, {{-0.5232835110762231, -0.0009794402501387104, 
    0.0009794402501387156, 0}, {-0.0009794402501386767, 
    -0.00005451826571870218, 0.0023483425260921766, 0.00020416959158947736}, 
   {0.0009794402501386748, 0.0023483425260923435, -0.00005451826571870044, 
    0.0002041695915895294}, {0, 0.0002041695915895081, 
    0.00020416959158945118, 0.9948478330376171}}}, 
 {{{0., 0.042551113632532944, 0.042551113632532986, 0.04255111363253314}, 
   {-0.042551113632532944, 0., -0.04346590247111889, 0.04346590247111867}, 
   {-0.042551113632532986, 0.04346590247111889, 0., -0.04346590247111866}, 
   {-0.04255111363253314, -0.04346590247111867, 0.04346590247111866, 0.}}, 
  {{0., 0.042551113632532965, 0.042551113632532986, 0.04255111363253318}, 
   {-0.042551113632532965, 0., -0.043465902471118756, 0.04346590247111895}, 
   {-0.042551113632532986, 0.043465902471118756, 0., -0.04346590247111895}, 
   {-0.04255111363253318, -0.04346590247111895, 0.04346590247111895, 0.}}}, 
 {0, 0}, {{-1.5524540548435581, -1.5377139166975216}, 
  {-6.298758378411307, -1.5671941929895952, -1.5821849962160583}, 
  {-1.5673526390642576, -1.552612500918221}, {{2, 0.007686899822337782}, 
   {3, 0.006047032788829974}, {4, 0.00475821352677553}, 
   {5, 0.00374521455088472}, {6, 0.002948763755135586}, 
   {7, 0.0023223239969213105}, {8, 0.0018294062803471192}, 
   {9, 0.0014414058209327452}, {10, 0.0011358899854369692}, 
   {11, 0.000895255416037341}}, {{2, 0.7406514813503998}, 
   {3, 0.4217397642447346}, {4, 0.26700870044557573}, 
   {5, 0.17769857274606937}, {6, 0.12091153628166403}, 
   {7, 0.08254856655211965}, {8, 0.05555752996837256}, 
   {9, 0.03601894026988238}, {10, 0.021581150362538954}, 
   {11, 0.010749293737477706}}, {6.7436062917677795*^-9, 0.9694824458721314}}}
