{6, 32, {{{-0.5244563289022014, 0, -0.00021938167763208566, 
    0.00021938167763210065}, {0, 0.9988866543609306, -4.882572212461291*^-6, 
    -4.882572212383865*^-6}, {-0.00021938167763204582, 
    -4.882572212406417*^-6, 0.00004228664499848073, 0.000550447860369944}, 
   {0.0002193816776320806, -4.882572212536833*^-6, 0.0005504478603700225, 
    0.00004228664499852149}}, {{-0.5244563289022013, 0.0002193816776320627, 
    0, -0.0002193816776320921}, {0.00021938167763206105, 
    0.0000422866449986993, -4.882572212421365*^-6, 0.0005504478603700383}, 
   {0, -4.882572212466969*^-6, 0.9988866543609307, -4.882572212477206*^-6}, 
   {-0.0002193816776320872, 0.0005504478603699102, -4.8825722124495475*^-6, 
    0.00004228664499833501}}, {{-0.524456328902202, -0.0002193816776320722, 
    0.00021938167763209257, 0}, {-0.00021938167763205934, 
    0.0000422866449980696, 0.0005504478603701336, -4.882572212501162*^-6}, 
   {0.00021938167763201153, 0.000550447860370193, 0.000042286644998057454, 
    -4.8825722124092855*^-6}, {0, -4.88257221239445*^-6, 
    -4.88257221230208*^-6, 0.998886654360932}}}, 
 {{{0., 0.02172804158174722, 0.021728041581747168, 0.021728041581747275}, 
   {-0.02172804158174722, 0., -0.019417128202719867, 0.01941712820271941}, 
   {-0.021728041581747168, 0.019417128202719867, 0., -0.01941712820271943}, 
   {-0.021728041581747275, -0.01941712820271941, 0.01941712820271943, 0.}}, 
  {{0., 0.02172804158174721, 0.021728041581747227, 0.021728041581747317}, 
   {-0.02172804158174721, 0., -0.01941712820271958, 0.019417128202719507}, 
   {-0.021728041581747227, 0.01941712820271958, 0., -0.019417128202719507}, 
   {-0.021728041581747317, -0.019417128202719507, 0.019417128202719507, 
    0.}}}, {0, 0}, {{-1.5692701993826876, -1.5655067921858326}, 
  {-6.299126715318231, -1.5730336065795432, -1.5765297510795722}, 
  {-1.5728334756103248, -1.5690700684134697}, {{2, 0.005230117366177555}, 
   {3, 0.004098398765383364}, {4, 0.0032118845337010225}, 
   {5, 0.002517433852875752}}, {{2, 0.314961471416666}, 
   {3, 0.1063985792480687}, {4, 0.005198316728863832}, 
   {5, 0.053178133204811746}}, {5.3593236938203094*^-11, 0.993338491665608}}}
{6, 32, {{{-0.5244563289022015, 0, -0.00021938167763210927, 
    0.0002193816776320994}, {0, 0.9988866543609312, -4.882572212228296*^-6, 
    -4.882572212474125*^-6}, {-0.00021938167763207024, 
    -4.882572212522548*^-6, 0.00004228664499840006, 0.0005504478603698458}, 
   {0.0002193816776320986, -4.882572212523131*^-6, 0.0005504478603700577, 
    0.000042286644998487666}}, {{-0.5244563289022015, 0.0002193816776321037, 
    0, -0.00021938167763210155}, {0.00021938167763207246, 
    0.00004228664499839963, -4.88257221251813*^-6, 0.0005504478603698783}, 
   {0, -4.88257221221393*^-6, 0.998886654360931, -4.882572212496988*^-6}, 
   {-0.00021938167763210038, 0.0005504478603700493, -4.882572212508265*^-6, 
    0.0000422866449982795}}, {{-0.5244563289022018, -0.00021938167763207647, 
    0.00021938167763208032, 0}, {-0.00021938167763203115, 
    0.00004228664499819276, 0.0005504478603699018, -4.882572212514132*^-6}, 
   {0.00021938167763203544, 0.0005504478603700458, 0.00004228664499825174, 
    -4.882572212489465*^-6}, {0, -4.882572212486973*^-6, 
    -4.882572212708823*^-6, 0.9988866543609314}}}, 
 {{{0., 0.021728041581747227, 0.021728041581747216, 0.021728041581747272}, 
   {-0.021728041581747227, 0., -0.019417128202719673, 0.01941712820271947}, 
   {-0.021728041581747216, 0.019417128202719673, 0., -0.019417128202719448}, 
   {-0.021728041581747272, -0.01941712820271947, 0.019417128202719448, 0.}}, 
  {{0., 0.02172804158174723, 0.021728041581747203, 0.021728041581747293}, 
   {-0.02172804158174723, 0., -0.019417128202719656, 0.019417128202719583}, 
   {-0.021728041581747203, 0.019417128202719656, 0., -0.019417128202719555}, 
   {-0.021728041581747293, -0.019417128202719583, 0.019417128202719555, 
    0.}}}, {0, 0}, {{-1.5692701993826876, -1.5655067921858326}, 
  {-6.29912671531823, -1.5730336065795436, -1.5765297510795713}, 
  {-1.5728334756103248, -1.5690700684134697}, {{2, 0.005230117366177546}, 
   {3, 0.0040983987653834}, {4, 0.0032118845337009774}, 
   {5, 0.0025174338528757417}}, {{2, 0.3149614714166647}, 
   {3, 0.10639857924806762}, {4, 0.005198316728863846}, 
   {5, 0.053178133204811504}}, {5.3593236938203314*^-11, 0.9933384916656084}}}
{6, 32, {{{-0.5244563289022015, 0, -0.0002193816776321064, 
    0.000219381677632077}, {0, 0.9988866543609312, -4.8825722126136754*^-6, 
    -4.882572212504456*^-6}, {-0.0002193816776320687, -4.882572212375991*^-6, 
    0.00004228664499838445, 0.00055044786036993}, 
   {0.00021938167763210184, -4.882572212470195*^-6, 0.0005504478603699831, 
    0.000042286644998379246}}, {{-0.5244563289022015, 0.00021938167763209564, 
    0, -0.00021938167763207593}, {0.00021938167763205918, 
    0.000042286644998389654, -4.882572212380016*^-6, 0.0005504478603699118}, 
   {0, -4.882572212615749*^-6, 0.9988866543609309, -4.882572212494796*^-6}, 
   {-0.00021938167763209553, 0.0005504478603699715, -4.882572212491887*^-6, 
    0.00004228664499839052}}, {{-0.5244563289022017, -0.00021938167763208558, 
    0.00021938167763208667, 0}, {-0.00021938167763203522, 
    0.000042286644998261284, 0.0005504478603701368, -4.882572212462741*^-6}, 
   {0.0002193816776320387, 0.0005504478603700804, 0.0000422866449982795, 
    -4.882572212482225*^-6}, {0, -4.882572212511218*^-6, 
    -4.882572212492907*^-6, 0.9988866543609314}}}, 
 {{{0., 0.021728041581747223, 0.021728041581747216, 0.021728041581747244}, 
   {-0.021728041581747223, 0., -0.01941712820271993, 0.019417128202719347}, 
   {-0.021728041581747216, 0.01941712820271993, 0., -0.019417128202719392}, 
   {-0.021728041581747244, -0.019417128202719347, 0.019417128202719392, 0.}}, 
  {{0., 0.021728041581747227, 0.02172804158174721, 0.021728041581747286}, 
   {-0.021728041581747227, 0., -0.019417128202719812, 0.019417128202719437}, 
   {-0.02172804158174721, 0.019417128202719812, 0., -0.01941712820271945}, 
   {-0.021728041581747286, -0.019417128202719437, 0.01941712820271945, 0.}}}, 
 {0, 0}, {{-1.5692701993826863, -1.5655067921858326}, 
  {-6.299126715318229, -1.5730336065795436, -1.5765297510795708}, 
  {-1.5728334756103235, -1.5690700684134697}, {{2, 0.005230117366177544}, 
   {3, 0.00409839876538339}, {4, 0.003211884533700988}, 
   {5, 0.002517433852875745}}, {{2, 0.31496147141666503}, 
   {3, 0.10639857924806775}, {4, 0.005198316728863967}, 
   {5, 0.05317813320481144}}, {5.3593236938203275*^-11, 0.9933384916656082}}}
