{5, 20, {{{-0.5247580646560326, 0, -0.000013484319980244478, 
    0.000013484319979879315}, {0, 0.9990309326872734, 0.00015617425642055428, 
    0.0001561742564209595}, {-0.000013484319980107288, 
    0.00015617425642135724, -0.00004138024610497119, 0.0010777644214999878}, 
   {0.000013484319980361989, 0.0001561742564210652, 0.0010777644214993317, 
    -0.00004138024610442475}}, 
  {{-0.5247580646560325, 0.000013484319980331753, 0, 
    -0.00001348431997988028}, {0.000013484319980035471, 
    -0.00004138024610465807, 0.00015617425642134848, 0.0010777644214996255}, 
   {0, 0.0001561742564205752, 0.9990309326872734, 0.0001561742564212593}, 
   {-0.000013484319980373757, 0.001077764421499732, 0.0001561742564208178, 
    -0.00004138024610466284}}, 
  {{-0.5247580646560326, -0.000013484319980356529, 0.000013484319980201928, 
    0}, {-0.000013484319979820897, -0.00004138024610469797, 
    0.0010777644215002303, 0.00015617425642135485}, 
   {0.000013484319979929372, 0.0010777644214994778, -0.00004138024610453317, 
    0.0001561742564210758}, {0, 0.00015617425642097495, 
    0.00015617425642135661, 0.9990309326872744}}}, 
 {{{0, 0.011950466149972366, 0.011950466149972394, 0.011950466149972416}, 
   {-0.011950466149972366, 0, -0.020726094069642043, 0.020726094069641925}, 
   {-0.011950466149972394, 0.020726094069642043, 0, -0.020726094069641713}, 
   {-0.011950466149972416, -0.020726094069641925, 0.020726094069641713, 0}}, 
  {{0, 0.011950466149972477, 0.011950466149972416, 0.011950466149972399}, 
   {-0.011950466149972477, 0, -0.020726094069641987, 0.020726094069642213}, 
   {-0.011950466149972416, 0.020726094069641987, 0, -0.02072609406964194}, 
   {-0.011950466149972399, -0.020726094069642213, 0.02072609406964194, 0}}}, 
 {0, 0}, {{-1.5690372943198827, -1.5648975314107054}, 
  {-6.298612192316014, -1.5759553433894395, -1.5733507527685675}, 
  {-1.5746970405715783, -1.570557277662401}, {{2, 0.003052379950231502}, 
   {3, 0.0006739713957364321}, {4, 0.00029119428545557394}}, 
  {{2, 0.008625624211932848}, {3, 0.008749185318946893}, 
   {4, 0.008775627919669559}}, {7.926925740647904*^-11, 0.9941996643078579}}}
