{6, 32, {{{-0.5248617194110617, 0, -5.1286687477431545*^-6, 
    5.128668747741871*^-6}, {0, 0.9999727590926202, 7.640956334348758*^-7, 
    7.640956344702982*^-7}, {-5.128668747717931*^-6, 7.640956341690975*^-7, 
    2.7231661637022037*^-8, 0.000012600843423869799}, 
   {5.1286687477436584*^-6, 7.640956338703219*^-7, 0.000012600843423548594, 
    2.7231662143994972*^-8}}, {{-0.5248617194110619, 5.128668747741988*^-6, 
    0, -5.1286687477422405*^-6}, {5.1286687477244*^-6, 2.723166136857358*^-8, 
    7.640956341711117*^-7, 0.000012600843424173584}, 
   {0, 7.640956334341092*^-7, 0.9999727590926212, 7.640956343302406*^-7}, 
   {-5.128668747742093*^-6, 0.000012600843423575807, 7.64095634005304*^-7, 
    2.7231660926219092*^-8}}, {{-0.5248617194110629, -5.128668747713478*^-6, 
    5.128668747714084*^-6, 0}, {-5.128668747689518*^-6, 
    2.723166110923242*^-8, 0.000012600843423749605, 7.640956338591957*^-7}, 
   {5.128668747669096*^-6, 0.000012600843423842028, 2.7231661647864058*^-8, 
    7.640956339965181*^-7}, {0, 7.640956344631733*^-7, 7.640956343213381*^-7, 
    0.9999727590926215}}}, 
 {{{0., 0.0015870705032549168, 0.0015870705032549185, 0.0015870705032549211}, 
   {-0.0015870705032549168, 0., -0.0015640401504099042, 
    0.001564040150408773}, {-0.0015870705032549185, 0.0015640401504099042, 
    0., -0.001564040150408802}, {-0.0015870705032549211, 
    -0.001564040150408773, 0.001564040150408802, 0.}}, 
  {{0., 0.001587070503254902, 0.0015870705032549142, 0.001587070503254919}, 
   {-0.001587070503254902, 0., -0.0015640401504099788, 0.00156404015040878}, 
   {-0.0015870705032549142, 0.0015640401504099788, 0., 
    -0.0015640401504089004}, {-0.001587070503254919, -0.00156404015040878, 
    0.0015640401504089004, 0.}}}, {0, 0}, 
 {{-1.5744948437481412, -1.5744398660132042}, 
  {-6.298447609934314, -1.5745498214830778, -1.5746739834840793}, 
  {-1.5745494225856653, -1.5744944448507283}, {{2, 0.0007631727876753283}, 
   {3, 0.00029876485866224935}, {4, 0.00011696091147083776}, 
   {5, 0.00004578824145246973}}, {{2, 0.07656947891403844}, 
   {3, 0.019371587760423095}, {4, 0.00004437070281877284}, 
   {5, 0.007255617440590285}}, {1.4638190196947218*^-17, 0.9998365656863271}}}
