{7, 32, {{{-0.5246465732098449, 0, -0.00012964975670433476, 
    0.00012964975670431492}, {0, 0.9993155963148009, 0.000017962435433487703, 
    0.00001796243543295792}, {-0.00012964975670427174, 
    0.000017962435432706698, 2.2128955796678514*^-6, 0.00031814059168471036}, 
   {0.00012964975670428554, 0.00001796243543287658, 0.00031814059168504044, 
    2.2128955797749705*^-6}}, {{-0.524646573209845, 0.00012964975670431988, 
    0, -0.0001296497567043121}, {0.0001296497567042604, 
    2.212895579607136*^-6, 0.00001796243543271487, 0.0003181405916848553}, 
   {0, 0.000017962435433488672, 0.999315596314801, 0.00001796243543284246}, 
   {-0.00012964975670429085, 0.0003181405916849602, 0.000017962435433000446, 
    2.212895579584151*^-6}}, {{-0.5246465732098453, -0.00012964975670427473, 
    0.00012964975670430416, 0}, {-0.00012964975670420441, 
    2.212895579286646*^-6, 0.00031814059168470575, 0.00001796243543287653}, 
   {0.00012964975670422935, 0.0003181405916851484, 2.212895579306595*^-6, 
    0.00001796243543299439}, {0, 0.000017962435432963214, 
    0.000017962435432844785, 0.9993155963148019}}}, 
 {{{0., 0.007988423966201273, 0.007988423966201277, 0.007988423966201278}, 
   {-0.007988423966201273, 0., -0.007827269817983071, 0.007827269817983061}, 
   {-0.007988423966201277, 0.007827269817983071, 0., -0.007827269817982957}, 
   {-0.007988423966201278, -0.007827269817983061, 0.007827269817982957, 0.}}, 
  {{0., 0.007988423966201256, 0.007988423966201273, 0.007988423966201297}, 
   {-0.007988423966201256, 0., -0.007827269817983167, 0.00782726981798311}, 
   {-0.007988423966201273, 0.007827269817983167, 0., -0.007827269817983054}, 
   {-0.007988423966201297, -0.00782726981798311, 0.007827269817983054, 0.}}}, 
 {0, 0}, {{-1.5716703186193453, -1.570286683001159}, 
  {-6.298452649030829, -1.5730539542375312, -1.5761723702778834}, 
  {-1.5730399978789031, -1.571656362260717}, {{2, 0.003822068954230061}, 
   {3, 0.0014978456671243014}, {4, 0.0005871537906643777}, 
   {5, 0.0002301903422790505}, {6, 0.00009024909313995466}}, 
  {{2, 0.07653163264861285}, {3, 0.01933784807390809}, 
   {4, 0.00008871725455503573}, {5, 0.007311801146925004}, 
   {6, 0.010086729804279479}}, {2.29965045827729*^-13, 0.9959005976065539}}}
