{3, 28, {{{-0.524875422309989, 0, 2.6977005433528768*^-9, 
    -2.6977005426107576*^-9}, {0, 0.9999999290297875, -3.77370046401672*^-8, 
    -3.773700464543341*^-8}, {2.69770053649651*^-9, -3.773700463847589*^-8, 
    4.499597115389942*^-8, 7.087275052780917*^-8}, 
   {-2.6977005417620513*^-9, -3.7737004641448565*^-8, 7.087275052837579*^-8, 
    4.499597113655218*^-8}}, {{-0.524875422309989, -2.6977005400150545*^-9, 
    0, 2.69770054395385*^-9}, {-2.6977005376914947*^-9, 
    4.4995971167777205*^-8, -3.7737004643872734*^-8, 7.087275052781498*^-8}, 
   {0, -3.77370046384257*^-8, 0.9999999290297876, -3.773700464230528*^-8}, 
   {2.6977005417018003*^-9, 7.087275052972001*^-8, -3.773700464601279*^-8, 
    4.49959711157355*^-8}}, {{-0.5248754223099891, 2.6977005404771494*^-9, 
    -2.697700543046801*^-9, 0}, {2.6977005351699793*^-9, 
    4.499597111486814*^-8, 7.087275053012446*^-8, -3.7737004638947376*^-8}, 
   {-2.6977005370968386*^-9, 7.087275053678743*^-8, 4.4995971143491076*^-8, 
    -3.773700464387016*^-8}, {0, -3.7737004645592965*^-8, 
    -3.773700464196779*^-8, 0.9999999290297876}}}, 
 {{{0., 0.00015203412628950005, 0.00015203412628950338, 
    0.0001520341262895065}, {-0.00015203412628950005, 0., 
    8.593562202300228*^-6, -8.593562202296763*^-6}, 
   {-0.00015203412628950338, -8.593562202300228*^-6, 0., 
    8.593562202297725*^-6}, {-0.0001520341262895065, 8.593562202296763*^-6, 
    -8.593562202297725*^-6, 0.}}, 
  {{0., 0.0001520341262895074, 0.00015203412628950435, 
    0.00015203412628950647}, {-0.0001520341262895074, 0., 
    8.593562202300094*^-6, -8.593562202294244*^-6}, 
   {-0.00015203412628950435, -8.593562202300094*^-6, 0., 
    8.59356220229448*^-6}, {-0.00015203412628950647, 8.593562202294244*^-6, 
    -8.59356220229448*^-6, 0.}}}, {0, 0}, 
 {{-1.5746209579049089, -1.574615691288284}, {-6.29868719670954, 
   -1.5746262245215328, -1.5747173738332374}, {-1.5746234423683576, 
   -1.5746181757517328}, {{2, 3.457714406186448*^-7}}, 
  {{2, 0.0006425107539672077}}, {4.0275352399238775*^-31, 
   0.9999995741788009}}}
{3, 28, {{{-0.5248754223123034, 0, 2.6976620693023764*^-9, 
    -2.697662073640368*^-9}, {0, 0.9999999290317946, -3.773592424365082*^-8, 
    -3.773592424640002*^-8}, {2.6976620722506206*^-9, -3.77359242446084*^-8, 
    4.499468377223981*^-8, 7.087073359022768*^-8}, 
   {-2.697662074470629*^-9, -3.7735924248223737*^-8, 7.087073358222817*^-8, 
    4.4994683721065465*^-8}}, {{-0.5248754223123036, -2.697662073090834*^-9, 
    0, 2.6976620759528523*^-9}, {-2.6976620727193268*^-9, 
    4.4994683756627296*^-8, -3.773592424730256*^-8, 7.087073358440843*^-8}, 
   {0, -3.77359242442813*^-8, 0.9999999290317945, -3.773592424857502*^-8}, 
   {2.6976620745572725*^-9, 7.087073358817737*^-8, -3.7735924245889684*^-8, 
    4.4994683756627296*^-8}}, {{-0.5248754223123036, 2.697662068959549*^-9, 
    -2.697662071983076*^-9, 0}, {2.6976620697385115*^-9, 
    4.4994683725402274*^-8, 7.087073358825936*^-8, -3.773592425137715*^-8}, 
   {-2.6976620697945448*^-9, 7.087073358758303*^-8, 4.4994683756627296*^-8, 
    -3.77359242490121*^-8}, {0, -3.773592425048851*^-8, 
    -3.773592425201276*^-8, 0.9999999290317946}}}, 
 {{{0., 0.00015203195842208167, 0.00015203195842208988, 
    0.00015203195842208492}, {-0.00015203195842208167, 0., 
    8.59356220071413*^-6, -8.59356220071302*^-6}, 
   {-0.00015203195842208988, -8.59356220071413*^-6, 0., 
    8.59356220070583*^-6}, {-0.00015203195842208492, 8.59356220071302*^-6, 
    -8.59356220070583*^-6, 0.}}, {{0., 0.0001520319584221115, 
    0.00015203195842208777, 0.00015203195842208644}, 
   {-0.0001520319584221115, 0., 8.593562200712629*^-6, 
    -8.593562200714565*^-6}, {-0.00015203195842208777, 
    -8.593562200712629*^-6, 0., 8.593562200715026*^-6}, 
   {-0.00015203195842208644, 8.593562200714565*^-6, -8.593562200715026*^-6, 
    0.}}}, {0, 0}, {{-1.5746209579881332, -1.5746156914466038}, 
  {-6.298687196603175, -1.5746262245296592, -1.5747173737719282}, 
  {-1.5746234424140333, -1.574618175872504}, {{2, 1.7288567253726048*^-7}}, 
  {{2, 2.1130494178974395}}, {4.027535235467616*^-31, 0.9999995741908426}}}
