{8, 32, {{{-0.5229348633479787, 0, -0.0003116736995150035, 
    0.00031167369951503405}, {0, 0.9980037677568026, -0.0008277855832320222, 
    -0.000827785583232154}, {-0.00031167369951508214, -0.0008277855832323885, 
    0.0010005807171284235, 0.0017637283590253823}, 
   {0.0003116736995150244, -0.0008277855832319159, 0.0017637283590255927, 
    0.00100058071712878}}, {{-0.5229348633479778, 0.0003116736995150215, 0, 
    -0.0003116736995150318}, {0.000311673699515022, 0.0010005807171288308, 
    -0.0008277855832323847, 0.0017637283590251412}, 
   {0, -0.0008277855832320087, 0.9980037677568021, -0.0008277855832320581}, 
   {-0.00031167369951501486, 0.0017637283590252707, -0.0008277855832320559, 
    0.0010005807171291348}}, {{-0.5229348633479787, -0.00031167369951498705, 
    0.00031167369951498624, 0}, {-0.00031167369951507894, 
    0.0010005807171280861, 0.0017637283590254673, -0.000827785583231914}, 
   {0.0003116736995151004, 0.0017637283590251065, 0.00100058071712808, 
    -0.0008277855832320722}, {0, -0.0008277855832321798, 
    -0.0008277855832322749, 0.9980037677568027}}}, 
 {{{0., 0.04697178962176965, 0.04697178962176958, 0.046971789621769816}, 
   {-0.04697178962176965, 0., -0.012459638876862494, 0.012459638876863254}, 
   {-0.04697178962176958, 0.012459638876862494, 0., -0.01245963887686317}, 
   {-0.046971789621769816, -0.012459638876863254, 0.01245963887686317, 0.}}, 
  {{0., 0.04697178962176972, 0.04697178962176968, 0.04697178962176986}, 
   {-0.04697178962176972, 0., -0.012459638876862172, 0.012459638876863684}, 
   {-0.04697178962176968, 0.012459638876862172, 0., -0.012459638876863417}, 
   {-0.04697178962176986, -0.012459638876863684, 0.012459638876863417, 0.}}}, 
 {0, 0}, {{-1.5641561861840945, -1.5560204335693613}, 
  {-6.300098453598138, -1.5722919387988288, -1.5777572880002402}, 
  {-1.569303098870396, -1.5611673462556628}, {{2, 0.009734235482220965}, 
   {3, 0.007621233527459605}, {4, 0.005968842106107312}, 
   {5, 0.004676579814906941}, {6, 0.003665562469537899}, 
   {7, 0.0028741704632078355}}, {{2, 0.2205455263887089}, 
   {3, 0.2918004494791924}, {4, 0.32633369028488857}, 
   {5, 0.34623267969104626}, {6, 0.3588598409861875}, 
   {7, 0.3673710435860374}}, {3.741387844837104*^-12, 0.9880822218289119}}}
