{80, 40, {{{-0.4001943678096903, 0, -0.04688588316538489, 
    0.04688588316538464}, {0, 0.7461602482376031, -0.02123892070021184, 
    -0.02123892070021194}, {-0.04688588316538475, -0.021238920700212063, 
    0.026546077908499915, 0.12816357329221645}, {0.046885883165384654, 
    -0.021238920700212122, 0.1281635732922165, 0.026546077908500408}}, 
  {{-0.40019436780969037, 0.046885883165384876, 0, -0.04688588316538464}, 
   {0.04688588316538475, 0.026546077908499915, -0.02123892070021205, 
    0.12816357329221642}, {0, -0.021238920700211855, 0.7461602482376031, 
    -0.021238920700211907}, {-0.04688588316538466, 0.1281635732922165, 
    -0.021238920700212105, 0.026546077908500387}}, 
  {{-0.4001943678096904, -0.046885883165384695, 0.04688588316538468, 0}, 
   {-0.04688588316538473, 0.02654607790850011, 0.12816357329221656, 
    -0.02123892070021202}, {0.04688588316538474, 0.12816357329221653, 
    0.026546077908500124, -0.02123892070021203}, {0, -0.021238920700212386, 
    -0.021238920700212435, 0.7461602482376026}}}, 
 {{{0., 0.37305110692930166, 0.37305110692930166, 0.37305110692930255}, 
   {-0.37305110692930166, 0., -0.2799357184661233, 0.27993571846612253}, 
   {-0.37305110692930166, 0.2799357184661233, 0., -0.27993571846612253}, 
   {-0.37305110692930255, -0.27993571846612253, 0.27993571846612253, 0.}}, 
  {{0., 0.37305110692930155, 0.37305110692930155, 0.373051106929303}, 
   {-0.37305110692930155, 0., -0.2799357184661232, 0.279935718466123}, 
   {-0.37305110692930155, 0.2799357184661232, 0., -0.27993571846612303}, 
   {-0.373051106929303, -0.279935718466123, 0.27993571846612303, 0.}}}, 
 {0, 0}, {{-0.8351826030722335, -0.35703643451642514}, 
  {-6.01622645584429, -1.31332877162804, -1.694784456294105}, 
  {-1.2536549556276877, -0.7755087870718795}, {{2, 0.0007972807262874859}, 
   {3, 0.0006924886189183521}, {4, 0.0006960547506001946}, 
   {5, 0.0006818130498527086}, {6, 0.0006709382023868393}, 
   {7, 0.0006599288961464111}, {8, 0.0006493498029713773}, 
   {9, 0.0006390915278032816}, {10, 0.0006291577392620873}, 
   {11, 0.0006195338627836833}, {12, 0.0006102090397376303}, 
   {13, 0.0006011723985231976}, {14, 0.0005924136522145185}, 
   {15, 0.0005839229666990686}, {16, 0.0005756909544849531}, 
   {17, 0.000567708648783305}, {18, 0.0005599674825630396}, 
   {19, 0.0005524592682338847}, {20, 0.0005451761786197107}, 
   {21, 0.0005381107290083342}, {22, 0.0005312557602388246}, 
   {23, 0.0005246044227518176}, {24, 0.0005181501615438844}, 
   {25, 0.0005118867019726636}, {26, 0.0005058080363549156}, 
   {27, 0.0004999084113106456}, {28, 0.0004941823158116643}, 
   {29, 0.0004886244698825148}, {30, 0.00048322981392578956}, 
   {31, 0.000477993498622431}, {32, 0.0004729108753857014}, 
   {33, 0.0004679774873231901}, {34, 0.0004631890606856537}, 
   {35, 0.00045854149677226896}, {36, 0.00045403086426498707}, 
   {37, 0.00044965339196578746}, {38, 0.0004454054619191794}, 
   {39, 0.00044128360289175106}, {40, 0.0004372844841921131}, 
   {41, 0.00043340490981513824}, {42, 0.00042964181288385195}, 
   {43, 0.00042599225038231214}, {44, 0.0004224533981580514}, 
   {45, 0.00041902254618142454}, {46, 0.0004156970940447646}, 
   {47, 0.0004124745466984603}, {48, 0.00040935251039531106}, 
   {49, 0.00040632868885026596}, {50, 0.0004034008795898991}, 
   {51, 0.0004005669704915116}, {52, 0.00039782493649542783}, 
   {53, 0.00039517283649082025}, {54, 0.0003926088103538561}, 
   {55, 0.000390131076142719}, {56, 0.0003877379274360715}, 
   {57, 0.0003854277308078524}, {58, 0.0003831989234353017}, 
   {59, 0.0003810500108317738}, {60, 0.00037897956469779004}, 
   {61, 0.0003769862208887753}, {62, 0.0003750686774902645}, 
   {63, 0.0003732256929995792}, {64, 0.00037145608460753543}, 
   {65, 0.00036975872657341036}, {66, 0.00036813254869949574}, 
   {67, 0.00036657653488725295}, {68, 0.0003650897217826188}, 
   {69, 0.00036367119750535526}, {70, 0.0003623201004548937}, 
   {71, 0.00036103561819467167}, {72, 0.0003598169864128531}, 
   {73, 0.0003586634879512163}, {74, 0.00035757445190887083}, 
   {75, 0.00035654925281192185}, {76, 0.00035558730984841525}, 
   {77, 0.00035468808617089564}, {78, 0.00035385108826213596}, 
   {79, 0.0003530758653610411}}, {{2, 0.12457334137911032}, 
   {3, 0.12465470002356913}, {4, 0.12470546237179006}, 
   {5, 0.12475735209596184}, {6, 0.12480539009277603}, 
   {7, 0.12485058894854036}, {8, 0.12489295751146756}, 
   {9, 0.12493266054361425}, {10, 0.12496982665961162}, 
   {11, 0.12500458111086146}, {12, 0.1250370409319348}, 
   {13, 0.12506731635501078}, {14, 0.1250955111212995}, {15, 0.125121722937}, 
   {16, 0.12514604386605427}, {17, 0.12516856069831667}, 
   {18, 0.12518935528951564}, {19, 0.12520850487632385}, 
   {20, 0.12522608236841792}, {21, 0.12524215661942978}, 
   {22, 0.12525679267848783}, {23, 0.12527005202389838}, 
   {24, 0.12528199278038343}, {25, 0.12529266992115995}, 
   {26, 0.1253021354560425}, {27, 0.12531043860664232}, 
   {28, 0.1253176259696479}, {29, 0.12532374166908783}, 
   {30, 0.12532882749840163}, {31, 0.1253329230530742}, 
   {32, 0.12533606585452978}, {33, 0.1253382914659215}, 
   {34, 0.12533963360040332}, {35, 0.12534012422242313}, 
   {36, 0.12533979364253234}, {37, 0.1253386706061691}, 
   {38, 0.12533678237683626}, {39, 0.12533415481406096}, 
   {40, 0.1253308124464953}, {41, 0.1253267785404877}, 
   {42, 0.125322075164431}, {43, 0.1253167232491696}, 
   {44, 0.12531074264472655}, {45, 0.12530415217359273}, 
   {46, 0.12529696968080173}, {47, 0.12528921208099802}, 
   {48, 0.12528089540269088}, {49, 0.1252720348298717}, 
   {50, 0.12526264474116103}, {51, 0.125252738746639}, 
   {52, 0.12524232972250038}, {53, 0.12523142984366933}, 
   {54, 0.1252200506144947}, {55, 0.1252082028976418}, 
   {56, 0.12519589694128697}, {57, 0.12518314240471407}, 
   {58, 0.12516994838240547}, {59, 0.1251563234267129}, 
   {60, 0.12514227556918878}, {61, 0.12512781234065246}, 
   {62, 0.1251129407900607}, {63, 0.1250976675022467}, 
   {64, 0.1250819986145894}, {65, 0.12506593983266706}, 
   {66, 0.12504949644494906}, {67, 0.12503267333657403}, 
   {68, 0.12501547500225968}, {69, 0.12499790555838726}, 
   {70, 0.12497996875429762}, {71, 0.1249616679828391}, 
   {72, 0.12494300629019775}, {73, 0.12492398638504337}, 
   {74, 0.12490461064702015}, {75, 0.12488488113460816}, 
   {76, 0.12486479959238259}, {77, 0.12484436745769181}, 
   {78, 0.12482358586677703}, {79, 0.12480245566035222}}, 
  {0.0004812268995456722, 0.17258086819028218}}}
