{7, 40, {{{-0.5248037754813122, 0, -0.00003885650203742286, 
    0.000038856502037415324}, {0, 0.9997913670583256, 7.580540624634156*^-6, 
    7.5805406245893415*^-6}, {-0.000038856502037387955, 7.58054062443693*^-6, 
    -1.7300231533465618*^-6, 0.00009487991563275688}, 
   {0.00003885650203739532, 7.580540624412254*^-6, 0.00009487991563284705, 
    -1.730023153384292*^-6}}, {{-0.5248037754813122, 0.00003885650203738067, 
    0, -0.000038856502037390916}, {0.00003885650203736525, 
    -1.7300231534914112*^-6, 7.580540624431358*^-6, 0.00009487991563275603}, 
   {0, 7.580540624631329*^-6, 0.999791367058326, 7.580540624536999*^-6}, 
   {-0.00003885650203738189, 0.0000948799156327768, 7.580540624431221*^-6, 
    -1.73002315337345*^-6}}, {{-0.5248037754813129, -0.00003885650203739695, 
    0.000038856502037404726, 0}, {-0.00003885650203736773, 
    -1.7300231532845455*^-6, 0.00009487991563261153, 7.580540624415537*^-6}, 
   {0.00003885650203734723, 0.00009487991563276462, -1.730023153512228*^-6, 
    7.5805406244356135*^-6}, {0, 7.580540624594888*^-6, 
    7.5805406245422625*^-6, 0.9997913670583262}}}, 
 {{{0., 0.00861902890459925, 0.008619028904599289, 0.008619028904599268}, 
   {-0.00861902890459925, 0., -0.008719895147519535, 0.008719895147518824}, 
   {-0.008619028904599289, 0.008719895147519535, 0., -0.008719895147518923}, 
   {-0.008619028904599268, -0.008719895147518824, 0.008719895147518923, 0.}}, 
  {{0., 0.008619028904599188, 0.00861902890459923, 0.008619028904599289}, 
   {-0.008619028904599188, 0., -0.008719895147519526, 0.008719895147518818}, 
   {-0.00861902890459923, 0.008719895147519526, 0., -0.008719895147518954}, 
   {-0.008619028904599289, -0.008719895147518818, 0.008719895147518954, 
    0.}}}, {0, 0}, {{-1.5737085715162835, -1.5731114276772966}, 
  {-6.29842822585987, -1.5743057153552713, -1.5749083975746636}, 
  {-1.5743092094644204, -1.5737120656254335}, {{2, 0.000022969074424662034}, 
   {3, 0.00001798805449546026}, {4, 0.000014087212878249183}, 
   {5, 0.000011032301054194824}, {6, 8.639870733455346*^-6}}, 
  {{2, 0.008905109450067627}, {3, 0.007839415873716202}, 
   {4, 0.0070079397414982295}, {5, 0.006358675369446618}, 
   {6, 0.005851369338488962}}, {4.3961001392840843*^-13, 0.998748855083923}}}
