{10, 32, {{{-0.5241783854213026, 0, -0.00042341570115188456, 
    0.00042341570115188656}, {0, 0.9977344673864308, 0.00009335902710052262, 
    0.0000933590271004055}, {-0.000423415701151855, 0.00009335902710040043, 
    -0.000029948358259957852, 0.001023801823811666}, 
   {0.00042341570115188537, 0.00009335902710038297, 0.001023801823811656, 
    -0.00002994835825977267}}, {{-0.5241783854213025, 0.00042341570115189296, 
    0, -0.0004234157011518942}, {0.0004234157011518687, 
    -0.00002994835825988456, 0.00009335902710040989, 0.0010238018238116564}, 
   {0, 0.00009335902710051492, 0.997734467386431, 0.00009335902710040689}, 
   {-0.0004234157011518794, 0.0010238018238116796, 0.00009335902710037137, 
    -0.000029948358259840324}}, 
  {{-0.5241783854213027, -0.0004234157011518433, 0.0004234157011518319, 0}, 
   {-0.0004234157011517911, -0.000029948358260058032, 0.0010238018238118815, 
    0.00009335902710039194}, {0.00042341570115178925, 0.0010238018238116894, 
    -0.000029948358260006858, 0.00009335902710038316}, 
   {0, 0.00009335902710039338, 0.00009335902710040856, 0.9977344673864316}}}, 
 {{{0., 0.014045552246969783, 0.014045552246969774, 0.014045552246969791}, 
   {-0.014045552246969783, 0., -0.014429440683599967, 0.014429440683599894}, 
   {-0.014045552246969774, 0.014429440683599967, 0., -0.014429440683599914}, 
   {-0.014045552246969791, -0.014429440683599894, 0.014429440683599914, 0.}}, 
  {{0., 0.014045552246969788, 0.014045552246969777, 0.014045552246969819}, 
   {-0.014045552246969788, 0., -0.014429440683599876, 0.014429440683599961}, 
   {-0.014045552246969777, 0.014429440683599876, 0., -0.014429440683599989}, 
   {-0.014045552246969819, -0.014429440683599961, 0.014429440683599989, 
    0.}}}, {0, 0}, {{-1.565185389374994, -1.5608064195548135}, 
  {-6.298418930480222, -1.5695643591951751, -1.5796451060449357}, 
  {-1.569624201480076, -1.5652452316598955}, {{2, 0.006706850544692552}, 
   {3, 0.002635055685866944}, {4, 0.0010361601953737185}, 
   {5, 0.0004075897748867345}, {6, 0.000160355807649417}, 
   {7, 0.00006309167580895517}, {8, 0.00002482388223598586}, 
   {9, 9.767229468934241*^-6}}, {{2, 0.10672597660416212}, 
   {3, 0.046505993099921594}, {4, 0.026020943120525736}, 
   {5, 0.01838461873680712}, {6, 0.015441839708368738}, 
   {7, 0.014293320644876682}, {8, 0.013842856139447676}, 
   {9, 0.013665836340218155}}, {9.026034378714864*^-12, 0.9864835617205588}}}
