{3, 32, {{{-0.49447576610793575, 0, 0.000023066582306463606, 
    -0.00002306658230642547}, {0, 0.9720377712915815, -0.01458922453262283, 
    -0.014589224532622597}, {0.000023066582306430565, -0.01458922453262286, 
    0.0170639100572591, 0.02597689520086492}, {-0.000023066582306459496, 
    -0.014589224532622642, 0.025976895200864887, 0.01706391005725888}}, 
  {{-0.49447576610793564, -0.00002306658230646337, 0, 
    0.000023066582306447316}, {-0.000023066582306429352, 
    0.017063910057259202, -0.014589224532622866, 0.025976895200864672}, 
   {0, -0.01458922453262285, 0.9720377712915818, -0.014589224532622486}, 
   {0.000023066582306440523, 0.025976895200864634, -0.014589224532622572, 
    0.017063910057259213}}, {{-0.4944757661079356, 0.000023066582306424358, 
    -0.00002306658230643493, 0}, {0.000023066582306465693, 
    0.017063910057259102, 0.02597689520086475, -0.014589224532622585}, 
   {-0.000023066582306462725, 0.02597689520086475, 0.017063910057258852, 
    -0.014589224532622494}, {0, -0.014589224532622756, -0.01458922453262266, 
    0.9720377712915813}}}, 
 {{{0., 0.09307539218750294, 0.09307539218750291, 0.09307539218750299}, 
   {-0.09307539218750294, 0., 0.00009021101768508696, 
    -0.00009021101768496789}, {-0.09307539218750291, -0.00009021101768508696, 
    0., 0.00009021101768501364}, {-0.09307539218750299, 
    0.00009021101768496789, -0.00009021101768501364, 0.}}, 
  {{0., 0.09307539218750294, 0.09307539218750294, 0.0930753921875032}, 
   {-0.09307539218750294, 0., 0.00009021101768488018, 
    -0.00009021101768500563}, {-0.09307539218750294, -0.00009021101768488018, 
    0., 0.00009021101768495912}, {-0.0930753921875032, 
    0.00009021101768500563, -0.00009021101768495912, 0.}}}, {0, 0}, 
 {{-1.3873307967267614, -1.306725142625182}, {-6.298496439662389, 
   -1.467936450828338, -1.6813117690028567}, {-1.427594561261042, 
   -1.3469889071594625}, {{2, 0.00006473024389189175}}, 
  {{2, 0.5004846126111575}}, {5.389611898947501*^-25, 0.843526723732106}}}
