{3, 28, {{{-0.5248753790631429, 0, 2.004068765202396*^-8, 
    -2.0040687661554192*^-8}, {0, 0.9999998708493714, -5.275491297310656*^-8, 
    -5.275491306910823*^-8}, {2.00406876459789*^-8, -5.275491311685677*^-8, 
    6.388191620652905*^-8, 1.1372897444130246*^-7}, 
   {-2.0040687659297478*^-8, -5.27549129708366*^-8, 1.1372897460009255*^-7, 
    6.38819162212742*^-8}}, {{-0.524875379063143, -2.0040687647131805*^-8, 0, 
    2.0040687661798664*^-8}, {-2.0040687647862232*^-8, 6.38819161874471*^-8, 
    -5.275491310693565*^-8, 1.137289745309413*^-7}, 
   {0, -5.2754912968374424*^-8, 0.9999998708493714, -5.275491314424443*^-8}, 
   {2.0040687659834216*^-8, 1.1372897454082627*^-7, -5.275491290101754*^-8, 
    6.388191614581373*^-8}}, {{-0.5248753790631432, 2.0040687652652918*^-8, 
    -2.0040687638198543*^-8, 0}, {2.004068764683283*^-8, 
    6.388191615188527*^-8, 1.137289743782791*^-7, -5.275491297327271*^-8}, 
   {-2.004068763339798*^-8, 1.1372897473360269*^-7, 6.388191620132488*^-8, 
    -5.275491290160013*^-8}, {0, -5.275491306695901*^-8, 
    -5.275491314457751*^-8, 0.9999998708493714}}}, 
 {{{0., 0.00018823170182100753, 0.00018823170182101409, 
    0.00018823170182101037}, {-0.00018823170182100753, 0., 
    0.000051561381648672826, -0.00005156138164865855}, 
   {-0.00018823170182101409, -0.000051561381648672826, 0., 
    0.00005156138164867064}, {-0.00018823170182101037, 
    0.00005156138164865855, -0.00005156138164867064, 0.}}, 
  {{0., 0.00018823170182101636, 0.00018823170182100845, 
    0.00018823170182101138}, {-0.00018823170182101636, 0., 
    0.00005156138164862481, -0.00005156138164870346}, 
   {-0.00018823170182100845, -0.00005156138164862481, 0., 
    0.00005156138164869254}, {-0.00018823170182101138, 
    0.00005156138164870346, -0.00005156138164869254, 0.}}}, {0, 0}, 
 {{-1.574619519581572, -1.5746129990441486}, {-6.298800082517973, 
   -1.5746260401189944, -1.574774001139992}, {-1.5746218867809563, 
   -1.574615366243533}, {{2, 3.457745291407044*^-7}}, 
  {{2, 0.0009591723338787273}}, {1.8790886859302042*^-26, 
   0.9999992250964783}}}
