{16, 40, {{{-0.5188961293103876, 0, -0.0037660067537774893, 
    0.003766006753777475}, {0, 0.9816815799718908, 0.000504515095579954, 
    0.0005045150955799809}, {-0.003766006753777461, 0.0005045150955800019, 
    0.00012806476196990015, 0.008728552933832078}, 
   {0.003766006753777463, 0.0005045150955799267, 0.008728552933832016, 
    0.00012806476196994048}}, {{-0.5188961293103878, 0.003766006753777483, 0, 
    -0.0037660067537774716}, {0.0037660067537774442, 0.00012806476196987153, 
    0.0005045150955799921, 0.008728552933832075}, 
   {0, 0.0005045150955799559, 0.9816815799718909, 0.0005045150955799737}, 
   {-0.003766006753777458, 0.008728552933831998, 0.0005045150955799187, 
    0.00012806476197002592}}, {{-0.5188961293103878, -0.0037660067537774347, 
    0.0037660067537774386, 0}, {-0.0037660067537773814, 
    0.00012806476196988107, 0.008728552933832085, 0.000504515095579962}, 
   {0.003766006753777391, 0.008728552933832064, 0.00012806476196985939, 
    0.0005045150955799483}, {0, 0.0005045150955799269, 0.0005045150955799303, 
    0.9816815799718908}}}, 
 {{{0., 0.08270135242782256, 0.08270135242782259, 0.08270135242782285}, 
   {-0.08270135242782256, 0., -0.08115011451370442, 0.08115011451370405}, 
   {-0.08270135242782259, 0.08115011451370442, 0., -0.08115011451370402}, 
   {-0.08270135242782285, -0.08115011451370405, 0.08115011451370402, 0.}}, 
  {{0., 0.08270135242782256, 0.08270135242782259, 0.08270135242782298}, 
   {-0.08270135242782256, 0., -0.08115011451370416, 0.08115011451370452}, 
   {-0.08270135242782259, 0.08115011451370416, 0., -0.08115011451370452}, 
   {-0.08270135242782298, -0.08115011451370452, 0.08115011451370452, 0.}}}, 
 {0, 0}, {{-1.4971233973348586, -1.4455559374013864}, 
  {-6.296353848002667, -1.5486908572683327, -1.5994860667330009}, 
  {-1.5482072291495936, -1.4966397692161215}, {{2, 0.00016235748999458843}, 
   {3, 0.0001306016821375766}, {4, 0.00010505711610073187}, 
   {5, 0.00008451165676730266}, {6, 0.00006798593608239867}, 
   {7, 0.00005469286426269815}, {8, 0.000043999688008167226}, 
   {9, 0.000035397650494123356}, {10, 0.000028477642534566194}, 
   {11, 0.000022910652631158435}, {12, 0.00001843206394998298}, 
   {13, 0.000014829037251529176}, {14, 0.000011930370726262463}, 
   {15, 9.598348799030876*^-6}}, {{2, 0.005819853613784416}, 
   {3, 0.00656409707190181}, {4, 0.007160975009914193}, 
   {5, 0.007639981020285444}, {6, 0.008024582560223856}, 
   {7, 0.008333507863304824}, {8, 0.008581726536567278}, 
   {9, 0.008781219105061295}, {10, 0.008941583687605061}, 
   {11, 0.009070516102594371}, {12, 0.009174190998202674}, 
   {13, 0.009257565182911274}, {14, 0.009324619538503822}, 
   {15, 0.00937855227622937}}, {2.8558462461326873*^-7, 0.8950016839971726}}}
