{14, 35, {{{-0.5238407419603812, 0, -0.000706096064900962, 
    0.000706096064900949}, {0, 0.9945666283511294, 0.00026460345604986104, 
    0.0002646034560498801}, {-0.0007060960649009928, 0.0002646034560498398, 
    -0.005319247534164333, -0.022938402323354458}, 
   {0.0007060960649009386, 0.0002646034560497474, -0.022938402323354368, 
    -0.005319247534164267}}, {{-0.5238407419603812, 0.0007060960649009854, 0, 
    -0.0007060960649009563}, {0.000706096064900957, -0.005319247534164277, 
    0.00026460345604977344, -0.022938402323354305}, 
   {0, 0.0002646034560498077, 0.9945666283511295, 0.00026460345604972725}, 
   {-0.0007060960649009375, -0.022938402323354482, 0.00026460345604990354, 
    -0.005319247534164129}}, {{-0.5238407419603817, -0.0007060960649010424, 
    0.0007060960649010196, 0}, {-0.0007060960649010216, 
    -0.005319247534164711, -0.02293840232335379, 0.0002646034560499478}, 
   {0.0007060960649010488, -0.022938402323353313, -0.005319247534164795, 
    0.0002646034560501204}, {0, 0.0002646034560500744, 0.000264603456049947, 
    0.9945666283511296}}}, 
 {{{0., 0.03365982473250337, 0.03365982473250339, 0.03365982473250338}, 
   {-0.03365982473250337, 0., -0.04099465073086532, 0.04099465073086529}, 
   {-0.03365982473250339, 0.04099465073086532, 0., -0.040994650730865334}, 
   {-0.03365982473250338, -0.04099465073086529, 0.040994650730865334, 0.}}, 
  {{0., 0.03365982473250338, 0.033659824732503375, 0.03365982473250338}, 
   {-0.03365982473250338, 0., -0.04099465073086533, 0.040994650730865355}, 
   {-0.033659824732503375, 0.04099465073086533, 0., -0.04099465073086531}, 
   {-0.03365982473250338, -0.040994650730865355, 0.04099465073086531, 0.}}}, 
 {0, 0}, {{-1.5608608232614658, -0.7770414702789186, -0.003388941351814334, 
   -1.5574718819096516, -0.7905972356861659}, {-1.5038344599029667, 
   0.038588375332758294}, {{2, 0.009297618952362925}, 
   {3, 0.003135552208844171}, {4, 0.0010722635770486766}, 
   {5, 0.0003683314496290696}, {6, 0.0001267300844231753}, 
   {7, 0.000043628089298440587}, {8, 0.00001502234053648438}, 
   {9, 5.172950314873137*^-6}, {10, 1.7813493728008334*^-6}, 
   {11, 6.134276950842121*^-7}, {12, 2.112413095903265*^-7}, 
   {13, 7.274359089398663*^-8}}, {{2, 0.10942635052758135}, 
   {3, 0.10913892411252535}, {4, 0.10902095070309088}, 
   {5, 0.10897813031752371}, {6, 0.10896312894164356}, 
   {7, 0.10895793289423511}, {8, 0.10895614000341965}, 
   {9, 0.10895552217614093}, {10, 0.10895530936937395}, 
   {11, 0.10895523608072251}, {12, 0.10895521084214052}, 
   {13, 0.10895520215083021}}, {4.746386977662322*^-9, 0.9678393980347128}}}
