{10, 32, {{{-0.5161588473141077, 0, -0.00599241201753146, 
    0.005992412017531451}, {0, 0.9708162438772171, 0.0013747620717484725, 
    0.0013747620717485263}, {-0.005992412017531416, 0.0013747620717484673, 
    -0.00034803966931542347, 0.013596653838321614}, 
   {0.005992412017531439, 0.0013747620717484595, 0.013596653838321572, 
    -0.000348039669315482}}, {{-0.5161588473141077, 0.005992412017531456, 0, 
    -0.005992412017531446}, {0.005992412017531403, -0.0003480396693153953, 
    0.0013747620717484666, 0.013596653838321595}, 
   {0, 0.001374762071748474, 0.9708162438772172, 0.0013747620717485139}, 
   {-0.0059924120175314345, 0.013596653838321563, 0.0013747620717484512, 
    -0.0003480396693155141}}, {{-0.5161588473141075, -0.005992412017531404, 
    0.005992412017531392, 0}, {-0.005992412017531359, -0.0003480396693155063, 
    0.013596653838321607, 0.0013747620717485022}, 
   {0.005992412017531364, 0.013596653838321615, -0.00034803966931548636, 
    0.0013747620717485102}, {0, 0.0013747620717484404, 0.001374762071748445, 
    0.970816243877217}}}, 
 {{{0., 0.0500210369028708, 0.050021036902870804, 0.050021036902870845}, 
   {-0.0500210369028708, 0., -0.05212643381285037, 0.05212643381285011}, 
   {-0.050021036902870804, 0.05212643381285037, 0., -0.05212643381285011}, 
   {-0.050021036902870845, -0.05212643381285011, 0.05212643381285011, 0.}}, 
  {{0., 0.050021036902870804, 0.0500210369028708, 0.05002103690287092}, 
   {-0.050021036902870804, 0., -0.0521264338128502, 0.05212643381285042}, 
   {-0.0500210369028708, 0.0521264338128502, 0., -0.052126433812850426}, 
   {-0.05002103690287092, -0.05212643381285042, 0.052126433812850426, 0.}}}, 
 {0, 0}, {{-1.4570763266138516, -1.4033601606487596}, 
  {-6.293374141496035, -1.510792492578943, -1.6358945781690746}, 
  {-1.5119229554485794, -1.4582067894834874}, {{2, 0.024368938543448834}, 
   {3, 0.010046071100354853}, {4, 0.004201771101757762}, 
   {5, 0.0017691367212448739}, {6, 0.0007470621669342925}, 
   {7, 0.0003158603964629192}, {8, 0.00013361792212915335}, 
   {9, 0.0000565369375987862}}, {{2, 0.11923904710488131}, 
   {3, 0.05719165847856656}, {4, 0.03543197184964758}, 
   {5, 0.02688965127768624}, {6, 0.023385205548900105}, 
   {7, 0.02192134483532567}, {8, 0.021305241458015673}, 
   {9, 0.021045114619151477}}, {2.0060792429171057*^-8, 0.8371864806548117}}}
