{8, 20, {{{-0.5248722962368844, 0, -5.688382009704511*^-6, 
    5.688382022857264*^-6}, {0, 0.9999659743529248, 9.297899736414851*^-7, 
    9.297899987431506*^-7}, {-5.688382036137594*^-6, 9.29789964385624*^-7, 
    -3.2970419894251535*^-8, 0.00032143007735016186}, 
   {5.6883820249742756*^-6, 9.297899406657267*^-7, 0.00032143007734742273, 
    -3.297042505852332*^-8}}, {{-0.5248722962368846, 5.688382005272912*^-6, 
    0, -5.68838202429569*^-6}, {5.688382040628015*^-6, 
    -3.2970421261213634*^-8, 9.29789974330875*^-7, 0.00032143007734708494}, 
   {0, 9.297899636872894*^-7, 0.9999659743529243, 9.297900026628786*^-7}, 
   {-5.688382023530203*^-6, 0.0003214300773512935, 9.297899367335995*^-7, 
    -3.297042713845677*^-8}}, {{-0.5248722962368861, -5.688382040305894*^-6, 
    5.688382036532073*^-6, 0}, {-5.688382005453689*^-6, 
    -3.297042537077355*^-8, 0.0003214300773582801, 9.297900008417527*^-7}, 
   {5.688382009181248*^-6, 0.00032143007735073025, -3.29704240298323*^-8, 
    9.297900027484086*^-7}, {0, 9.297899387973143*^-7, 9.297899369338808*^-7, 
    0.999965974352926}}}, 
 {{{0., 0.0035419832497776793, 0.0035419832497775657, 0.003541983249778111}, 
   {-0.0035419832497776793, 0., -0.003484613616242858, 0.003484613616242362}, 
   {-0.0035419832497775657, 0.003484613616242858, 0., 
    -0.0034846136162427046}, {-0.003541983249778111, -0.003484613616242362, 
    0.0034846136162427046, 0.}}, {{0., 0.0035419832497775514, 
    0.0035419832497776502, 0.0035419832497781884}, 
   {-0.0035419832497775514, 0., -0.0034846136162433954, 
    0.0034846136162431382}, {-0.0035419832497776502, 0.0034846136162433954, 
    0., -0.0034846136162427366}, {-0.0035419832497781884, 
    -0.0034846136162431382, 0.0034846136162427366, 0.}}}, {0, 0}, 
 {{-1.57458867849825, -1.5745764087083547}, {-0.7873249628932182, 
   -0.3936779351077717, 0.000015453661162623256}, 
  {-1.5746008489210261, -1.574588579131131}, {{2, 1.8748825627635558*^-6}, 
   {3, 1.6322104209108394*^-6}, {4, 1.4187205505805656*^-6}, 
   {5, 1.2353153234371042*^-6}, {6, 1.0743583568947196*^-6}, 
   {7, 9.361143448491198*^-7}}, {{2, 0.000058487312037131306}, 
   {3, 0.000058196269890903114}, {4, 0.000057945448094068146}, 
   {5, 0.0000577257023777156}, {6, 0.00005753608100422939}, 
   {7, 0.00005736963353492515}}, {1.7903080970562366*^-15, 
   0.9997958634829324}}}
{8, 20, {{{-0.5248722962368844, 0, -5.688382009704511*^-6, 
    5.688382022857264*^-6}, {0, 0.9999659743529248, 9.297899736414851*^-7, 
    9.297899987431506*^-7}, {-5.688382036137594*^-6, 9.29789964385624*^-7, 
    -3.2970419894251535*^-8, 0.00032143007735016186}, 
   {5.6883820249742756*^-6, 9.297899406657267*^-7, 0.00032143007734742273, 
    -3.297042505852332*^-8}}, {{-0.5248722962368846, 5.688382005272912*^-6, 
    0, -5.68838202429569*^-6}, {5.688382040628015*^-6, 
    -3.2970421261213634*^-8, 9.29789974330875*^-7, 0.00032143007734708494}, 
   {0, 9.297899636872894*^-7, 0.9999659743529243, 9.297900026628786*^-7}, 
   {-5.688382023530203*^-6, 0.0003214300773512935, 9.297899367335995*^-7, 
    -3.297042713845677*^-8}}, {{-0.5248722962368861, -5.688382040305894*^-6, 
    5.688382036532073*^-6, 0}, {-5.688382005453689*^-6, 
    -3.297042537077355*^-8, 0.0003214300773582801, 9.297900008417527*^-7}, 
   {5.688382009181248*^-6, 0.00032143007735073025, -3.29704240298323*^-8, 
    9.297900027484086*^-7}, {0, 9.297899387973143*^-7, 9.297899369338808*^-7, 
    0.999965974352926}}}, 
 {{{0., 0.0035419832497776793, 0.0035419832497775657, 0.003541983249778111}, 
   {-0.0035419832497776793, 0., -0.003484613616242858, 0.003484613616242362}, 
   {-0.0035419832497775657, 0.003484613616242858, 0., 
    -0.0034846136162427046}, {-0.003541983249778111, -0.003484613616242362, 
    0.0034846136162427046, 0.}}, {{0., 0.0035419832497775514, 
    0.0035419832497776502, 0.0035419832497781884}, 
   {-0.0035419832497775514, 0., -0.0034846136162433954, 
    0.0034846136162431382}, {-0.0035419832497776502, 0.0034846136162433954, 
    0., -0.0034846136162427366}, {-0.0035419832497781884, 
    -0.0034846136162431382, 0.0034846136162427366, 0.}}}, {0, 0}, 
 {{-1.57458867849825, -1.5745764087083547}, {-0.7873249628932182, 
   -0.3936779351077717, 0.000015453661162623256}, 
  {-1.5746008489210261, -1.574588579131131}, {{2, 1.8748825627635558*^-6}, 
   {3, 1.6322104209108394*^-6}, {4, 1.4187205505805656*^-6}, 
   {5, 1.2353153234371042*^-6}, {6, 1.0743583568947196*^-6}, 
   {7, 9.361143448491198*^-7}}, {{2, 0.000058487312037131306}, 
   {3, 0.000058196269890903114}, {4, 0.000057945448094068146}, 
   {5, 0.0000577257023777156}, {6, 0.00005753608100422939}, 
   {7, 0.00005736963353492515}}, {1.7903080970562366*^-15, 
   0.9997958634829324}}}
