{20, 20, {{{-0.5238426736747607, 0, -0.000529657824529128, 
    0.0005296578245275895}, {0, 0.9985019622427163, -0.0004366265818834464, 
    -0.00043662658188159913}, {-0.0005296578245294056, 
    -0.0004366265818827341, 0.00034236899517838806, 0.013689814689262109}, 
   {0.0005296578245292101, -0.00043662658188227334, 0.013689814689264175, 
    0.0003423689951810066}}, {{-0.5238426736747609, 0.0005296578245291228, 0, 
    -0.0005296578245276253}, {0.0005296578245291356, 0.00034236899517544076, 
    -0.00043662658188269753, 0.013689814689266626}, 
   {0, -0.0004366265818833744, 0.9985019622427167, -0.0004366265818819662}, 
   {-0.0005296578245292044, 0.01368981468926256, -0.0004366265818815593, 
    0.000342368995179428}}, {{-0.5238426736747609, -0.0005296578245294904, 
    0.0005296578245292595, 0}, {-0.0005296578245285477, 
    0.0003423689951771152, 0.013689814689254886, -0.00043662658188215494}, 
   {0.0005296578245290425, 0.013689814689259177, 0.0003423689951761455, 
    -0.00043662658188240897}, {0, -0.00043662658188206127, 
    -0.00043662658188140625, 0.9985019622427209}}}, 
 {{{0, 0.03468691770977296, 0.034686917709772766, 0.03468691770977336}, 
   {-0.03468691770977296, 0, -0.010757875165716234, 0.010757875165718717}, 
   {-0.034686917709772766, 0.010757875165716234, 0, -0.010757875165719948}, 
   {-0.03468691770977336, -0.010757875165718717, 0.010757875165719948, 0}}, 
  {{0, 0.03468691770977291, 0.03468691770977286, 0.0346869177097735}, 
   {-0.03468691770977291, 0, -0.010757875165716605, 0.010757875165718918}, 
   {-0.03468691770977286, 0.010757875165716605, 0, -0.010757875165719702}, 
   {-0.0346869177097735, -0.010757875165718918, 0.010757875165719702, 0}}}, 
 {0, 0}, {{-1.5547595083433887, -1.5367356571940025}, 
  {-3.14926189386037, -3.151868313783937, -1.5733277369684013}, 
  {-1.566566411873358, -1.5485425607239718}, {{2, 0.004186387985246414}, 
   {3, 0.0009190235796315352}, {4, 0.0008452107976271005}, 
   {5, 0.0008185828700442732}, {6, 0.000792489025002216}, 
   {7, 0.0007688914728978154}, {8, 0.000747243447195612}, 
   {9, 0.0007280422461992293}, {10, 0.0007105191654978088}, 
   {11, 0.0006951010559398778}, {12, 0.0006810955475022445}, 
   {13, 0.0006689194360021584}, {14, 0.0006579580614039741}, 
   {15, 0.0006486159397782482}, {16, 0.0006403460437275112}, 
   {17, 0.0006335376934445743}, {18, 0.0006277031878494724}, 
   {19, 0.0006232153571541863}}, {{2, 0.023738638202043517}, 
   {3, 0.02363572191887204}, {4, 0.023618458316901614}, 
   {5, 0.023647363667271177}, {6, 0.023659100189319077}, 
   {7, 0.02369203349860208}, {8, 0.023704654512738774}, 
   {9, 0.023735717135174063}, {10, 0.023748042117603646}, 
   {11, 0.02377725335169559}, {12, 0.023789376073448238}, 
   {13, 0.023817001422687625}, {14, 0.023829051063732943}, 
   {15, 0.023855335040013283}, {16, 0.02386742337715575}, 
   {17, 0.023892583869174727}, {18, 0.02390480861625347}, 
   {19, 0.023929042544054705}}, {1.5500974526043947*^-12, 
   0.9910453680531934}}}
{20, 20, {{{-0.5238426736747592, 0, -0.0005296578245291794, 
    0.000529657824528388}, {0, 0.9985019622427178, -0.00043662658188243705, 
    -0.0004366265818819858}, {-0.0005296578245286186, -0.0004366265818826978, 
    0.0003423689951811736, 0.013689814689258756}, 
   {0.0005296578245290156, -0.00043662658188284726, 0.01368981468926277, 
    0.00034236899517464366}}, {{-0.5238426736747603, 0.0005296578245288952, 
    0, -0.0005296578245281989}, {0.0005296578245288572, 
    0.00034236899518416946, -0.0004366265818825064, 0.013689814689259911}, 
   {0, -0.0004366265818825669, 0.9985019622427179, -0.0004366265818819755}, 
   {-0.000529657824529193, 0.01368981468925987, -0.00043662658188261324, 
    0.00034236899517400745}}, {{-0.5238426736747619, -0.0005296578245289732, 
    0.000529657824529109, 0}, {-0.0005296578245287023, 0.0003423689951769608, 
    0.013689814689261968, -0.0004366265818821309}, 
   {0.0005296578245287127, 0.013689814689265962, 0.000342368995178588, 
    -0.0004366265818821037}, {0, -0.00043662658188286705, 
    -0.00043662658188258407, 0.9985019622427185}}}, 
 {{{0, 0.03468691770977307, 0.03468691770977306, 0.034686917709773}, 
   {-0.03468691770977307, 0, -0.010757875165718626, 0.010757875165717964}, 
   {-0.03468691770977306, 0.010757875165718626, 0, -0.010757875165718042}, 
   {-0.034686917709773, -0.010757875165717964, 0.010757875165718042, 0}}, 
  {{0, 0.034686917709773085, 0.034686917709773044, 0.03468691770977299}, 
   {-0.034686917709773085, 0, -0.01075787516571769, 0.010757875165718312}, 
   {-0.034686917709773044, 0.01075787516571769, 0, -0.010757875165718902}, 
   {-0.03468691770977299, -0.010757875165718312, 0.010757875165718902, 0}}}, 
 {0, 0}, {{-1.5547595083433878, -1.5367356571940014}, 
  {-6.298523787720734, -3.1642596889809127, 0.014997795120545554}, 
  {-1.566566411873357, -1.5485425607239707}, {{2, 0.00418638798524645}, 
   {3, 0.0009190235796320088}, {4, 0.0008452107976279206}, 
   {5, 0.0008185828700450377}, {6, 0.0007924890250028552}, 
   {7, 0.0007688914728956747}, {8, 0.0007472434471922406}, 
   {9, 0.0007280422461958952}, {10, 0.0007105191654967168}, 
   {11, 0.0006951010559391804}, {12, 0.0006810955475037746}, 
   {13, 0.0006689194360024707}, {14, 0.0006579580614033721}, 
   {15, 0.0006486159397756531}, {16, 0.0006403460437238006}, 
   {17, 0.0006335376934418352}, {18, 0.0006277031878471964}, 
   {19, 0.0006232153571538238}}, {{2, 0.023738638202043312}, 
   {3, 0.023635721918872178}, {4, 0.023618458316901493}, 
   {5, 0.023647363667271215}, {6, 0.023659100189319205}, 
   {7, 0.023692033498601946}, {8, 0.02370465451273876}, 
   {9, 0.023735717135173896}, {10, 0.023748042117603303}, 
   {11, 0.023777253351695123}, {12, 0.023789376073447943}, 
   {13, 0.023817001422687757}, {14, 0.023829051063733286}, 
   {15, 0.023855335040013335}, {16, 0.023867423377155715}, 
   {17, 0.023892583869175373}, {18, 0.02390480861625343}, 
   {19, 0.023929042544054785}}, {1.5500974526043097*^-12, 
   0.9910453680531941}}}
