{11, 40, {{{-0.00003662726880163684, 0, -0.000010216639200877326, 
    0.000010216639200879105}, {0, 0.0000546138139340959, 
    1.2233666900125017*^-6, 1.2233666900111149*^-6}, 
   {-0.000010216639200880665, 1.2233666900112517*^-6, -8.993272461701404*^-6, 
    0.000034180535264801796}, {0.000010216639200880289, 
    1.223366690009973*^-6, 0.00003418053526479966, -8.993272461698843*^-6}}, 
  {{-0.00003662726880163398, 0.000010216639200878664, 0, 
    -0.000010216639200880163}, {0.000010216639200880704, 
    -8.99327246170343*^-6, 1.2233666900150713*^-6, 0.00003418053526480409}, 
   {0, 1.2233666900100324*^-6, 0.000054613813934102375, 
    1.2233666900113823*^-6}, {-0.000010216639200879193, 
    0.000034180535264800577, 1.2233666900093454*^-6, 
    -8.993272461700333*^-6}}, {{-0.00003662726880163988, 
    -0.000010216639200879714, 0.000010216639200881913, 0}, 
   {-0.000010216639200882306, -8.993272461707262*^-6, 0.00003418053526480738, 
    1.2233666900093225*^-6}, {0.00001021663920087964, 0.00003418053526480702, 
    -8.993272461707152*^-6, 1.2233666900080876*^-6}, 
   {0, 1.2233666900067797*^-6, 1.2233666900083448*^-6, 
    0.00005461381393410718}}}, 
 {{{0., 0.5773502678470122, 0.5773502678470122, 0.5773502678470134}, 
   {-0.5773502678470122, 0., -0.5773502673945836, 0.5773502673945824}, 
   {-0.5773502678470122, 0.5773502673945836, 0., -0.5773502673945824}, 
   {-0.5773502678470134, -0.5773502673945824, 0.5773502673945824, 0.}}, 
  {{0., 0.5773502678470116, 0.5773502678470114, 0.5773502678470139}, 
   {-0.5773502678470116, 0., -0.5773502673945843, 0.5773502673945818}, 
   {-0.5773502678470114, 0.5773502673945843, 0., -0.5773502673945818}, 
   {-0.5773502678470139, -0.5773502673945818, 0.5773502673945818, 0.}}}, 
 {0, 0}, {{-0.1800000032570044, 0.6399999948361067}, 
  {-5.640000000870091, -1.0000000013501156, -1.81999999908493}, 
  {-1.0000000010288268, -0.1800000029357156}, {{2, 0.0000370852821574605}, 
   {3, 0.000031194548457580174}, {4, 0.000026564677213448945}, 
   {5, 0.00002244576652190512}, {6, 0.000019059814520488175}, 
   {7, 0.000016133756829291392}, {8, 0.000013684217273693855}, 
   {9, 0.000011591877673670155}, {10, 9.827363483104813*^-6}}, 
  {{2, 5.504354083157641*^-9}, {3, 3.9845362226672676*^-9}, 
   {4, 2.8479561813270695*^-9}, {5, 2.0520475428474948*^-9}, 
   {6, 1.4710270151510737*^-9}, {7, 1.0579446737584143*^-9}, 
   {8, 7.592957295711104*^-10}, {9, 5.456654221724968*^-10}, 
   {10, 3.918156187045311*^-10}}, {0.03703703634612466, 
   2.653475232391714*^-26}}}
