{80, 40, {{{-0.47819669527748543, 0, -0.02612162527910476, 
    0.026121625279104617}, {0, 0.8906141757793593, -0.004981379130226487, 
    -0.004981379130226534}, {-0.026121625279104672, -0.0049813791302266335, 
    0.010772484066886988, 0.05958658043666847}, {0.02612162527910461, 
    -0.004981379130226678, 0.05958658043666845, 0.010772484066887189}}, 
  {{-0.47819669527748543, 0.02612162527910475, 0, -0.026121625279104613}, 
   {0.026121625279104662, 0.010772484066887014, -0.0049813791302266465, 
    0.059586580436668445}, {0, -0.004981379130226496, 0.8906141757793592, 
    -0.004981379130226527}, {-0.026121625279104603, 0.05958658043666845, 
    -0.00498137913022669, 0.010772484066887245}}, 
  {{-0.47819669527748543, -0.02612162527910457, 0.02612162527910457, 0}, 
   {-0.026121625279104638, 0.01077248406688698, 0.05958658043666848, 
    -0.004981379130226537}, {0.02612162527910464, 0.05958658043666848, 
    0.010772484066886995, -0.004981379130226558}, 
   {0, -0.004981379130226811, -0.004981379130226815, 0.8906141757793591}}}, 
 {{{0., 0.23287286171436541, 0.23287286171436547, 0.2328728617143661}, 
   {-0.23287286171436541, 0., -0.1870040616963434, 0.18700406169634257}, 
   {-0.23287286171436547, 0.1870040616963434, 0., -0.18700406169634254}, 
   {-0.2328728617143661, -0.18700406169634257, 0.18700406169634254, 0.}}, 
  {{0., 0.23287286171436533, 0.2328728617143654, 0.23287286171436639}, 
   {-0.23287286171436533, 0., -0.18700406169634282, 0.18700406169634337}, 
   {-0.2328728617143654, 0.18700406169634282, 0., -0.18700406169634332}, 
   {-0.23287286171436639, -0.18700406169634337, 0.18700406169634332, 0.}}}, 
 {0, 0}, {{-1.1660791888726219, -0.891802801701217}, 
  {-6.222445668570709, -1.4403555760440274, -1.6708672582413269}, 
  {-1.41334356472546, -1.139067177554055}, {{2, 0.026113065553319142}, 
   {3, 0.021903002051987225}, {4, 0.018511042998258523}, 
   {5, 0.015768219403215267}, {6, 0.013532297521509445}, 
   {7, 0.011692374965677321}, {8, 0.010164072713643502}, 
   {9, 0.008883339536923912}, {10, 0.0078012677673425235}, 
   {11, 0.006880186879537453}, {12, 0.006090802263003042}, 
   {13, 0.005410109390503376}, {14, 0.00481986845160412}, 
   {15, 0.0043054819729590466}, {16, 0.0038551627038681535}, 
   {17, 0.0034593115699206034}, {18, 0.0031100486266735505}, 
   {19, 0.002800856271751778}, {20, 0.0025263054797631246}, 
   {21, 0.002281843946674106}, {22, 0.002063630785940712}, 
   {23, 0.0018684065192045851}, {24, 0.00169339004443686}, 
   {25, 0.0015361963873752604}, {26, 0.0013947705865033355}, 
   {27, 0.0012673341939466454}, {28, 0.001152341710953353}, 
   {29, 0.001048444899105272}, {30, 0.0009544633752080756}, 
   {31, 0.0008693602504178943}, {32, 0.0007922218424044614}, 
   {33, 0.0007222406947960391}, {34, 0.0006587012965486028}, 
   {35, 0.0006009680167620712}, {36, 0.0005484748663844574}, 
   {37, 0.0005007167735408546}, {38, 0.0004572421186722908}, 
   {39, 0.00041764632283813885}, {40, 0.00038156632017494196}, 
   {41, 0.0003486757756649417}, {42, 0.0003186809336618579}, 
   {43, 0.00029131700227208457}, {44, 0.00026634499465905126}, 
   {45, 0.00024354896135997395}, {46, 0.00022273355837681974}, 
   {47, 0.0002037219045755989}, {48, 0.00018635368916675166}, 
   {49, 0.00017048349604090185}, {50, 0.00015597931671496035}, 
   {51, 0.00014272122780539798}, {52, 0.00013060021242419784}, 
   {53, 0.0001195171078125501}, {54, 0.00010938166399163118}, 
   {55, 0.00010011170028573213}, {56, 0.00009163234833600709}, 
   {57, 0.0000838753717212759}, {58, 0.00007677855357748897}, 
   {59, 0.00007028514470158731}, {60, 0.00006434336555843911}, 
   {61, 0.00005890595641763752}, {62, 0.00005392977053839121}, 
   {63, 0.00004937540592275802}, {64, 0.000045206871676445326}, 
   {65, 0.000041391285469705164}, {66, 0.000037898598984065224}, 
   {67, 0.000034701348574806}, {68, 0.00003177442868332325}, 
   {69, 0.000029094885793279346}, {70, 0.00002664173096161848}, 
   {71, 0.000024395769161383862}, {72, 0.000022339443849245244}, 
   {73, 0.000020456695339177156}, {74, 0.00001873283170042428}, 
   {75, 0.00001715441102800863}, {76, 0.000015709134045915896}, 
   {77, 0.000014385746104988995}, {78, 0.000013173947725736435}, 
   {79, 0.000012064312920057052}}, {{2, 0.8784543521925183}, 
   {3, 0.5005227054770122}, {4, 0.3174179438887426}, 
   {5, 0.21075814939877183}, {6, 0.1417013489341732}, 
   {7, 0.09379862395470395}, {8, 0.058912789582718283}, 
   {9, 0.03256947544685489}, {10, 0.012111524647846858}, 
   {11, 0.004134444986216545}, {12, 0.01727224632065811}, 
   {13, 0.02805785527457343}, {14, 0.037025378288418155}, 
   {15, 0.04456218707197744}, {16, 0.05095559452728622}, 
   {17, 0.05642286988589105}, {18, 0.061131121748439154}, 
   {19, 0.06521081378922527}, {20, 0.06876516284489351}, 
   {21, 0.07187680630381924}, {22, 0.07461261763503152}, 
   {23, 0.07702724072290561}, {24, 0.07916572176239825}, 
   {25, 0.08106549510075109}, {26, 0.08275789970367124}, 
   {27, 0.08426934999023505}, {28, 0.08562224900233863}, 
   {29, 0.08683570729809764}, {30, 0.08792611382467866}, 
   {31, 0.08890759291634089}, {32, 0.08979237289577481}, 
   {33, 0.09059108547958512}, {34, 0.09131301059284438}, 
   {35, 0.0919662777983059}, {36, 0.09255803300757362}, 
   {37, 0.09309457722924441}, {38, 0.09358148265630419}, 
   {39, 0.09402369028276876}, {40, 0.09442559238161488}, 
   {41, 0.0947911025096887}, {42, 0.09512371518430462}, 
   {43, 0.09542655696642219}, {44, 0.0957024303609825}, 
   {45, 0.09595385168694259}, {46, 0.09618308386311969}, 
   {47, 0.09639216489000549}, {48, 0.09658293267364651}, 
   {49, 0.09675704672889135}, {50, 0.09691600721062901}, 
   {51, 0.09706117164905555}, {52, 0.09719376970535394}, 
   {53, 0.09731491621495772}, {54, 0.09742562274480955}, 
   {55, 0.09752680785715093}, {56, 0.09761930624412252}, 
   {57, 0.09770387687380562}, {58, 0.0977812102684767}, 
   {59, 0.09785193501911141}, {60, 0.09791662362603594}, 
   {61, 0.09797579774363058}, {62, 0.09802993289679349}, 
   {63, 0.09807946272817332}, {64, 0.09812478282773796}, 
   {65, 0.09816625418985928}, {66, 0.09820420633760008}, 
   {67, 0.09823894014914633}, {68, 0.09827073041722562}, 
   {69, 0.09829982816879124}, {70, 0.09832646276915809}, 
   {71, 0.09835084383206906}, {72, 0.09837316295481513}, 
   {73, 0.09839359529545924}, {74, 0.0984123010073942}, 
   {75, 0.09842942654486475}, {76, 0.09844510585167018}, 
   {77, 0.09845946144401088}, {78, 0.09847260539733652}, 
   {79, 0.0984846402460667}}, {0.00004276674889156389, 0.4990426007354805}}}
