{3, 20, {{{-0.5248730735915921, 0, -5.244626123909948*^-6, 
    5.2446261232637895*^-6}, {0, 0.9999675100390564, 1.1155591009874772*^-6, 
    1.115559100031448*^-6}, {-5.244626123340608*^-6, 1.1155590995957343*^-6, 
    9.77536163057624*^-8, 0.00016472974834289532}, 
   {5.244626122901477*^-6, 1.1155591003997888*^-6, 0.00016472974834332236, 
    9.77536197856177*^-8}}, {{-0.5248730735915917, 5.244626123336586*^-6, 0, 
    -5.24462612330459*^-6}, {5.244626123959714*^-6, 9.77536155442188*^-8, 
    1.1155590996439948*^-6, 0.0001647297483452797}, 
   {0, 1.115559100934358*^-6, 0.9999675100390573, 1.1155591002724984*^-6}, 
   {-5.244626122865235*^-6, 0.00016472974833948043, 1.1155591001066525*^-6, 
    9.775361806130256*^-8}}, {{-0.5248730735915907, -5.24462612351377*^-6, 
    5.2446261241200475*^-6, 0}, {-5.244626123635196*^-6, 
    9.775361805609839*^-8, 0.0001647297483411671, 1.1155591010840728*^-6}, 
   {5.2446261229950725*^-6, 0.00016472974834126722, 9.775361675679051*^-8, 
    1.1155591009572699*^-6}, {0, 1.1155590995733015*^-6, 
    1.1155590997220091*^-6, 0.9999675100390578}}}, 
 {{{0., 0.0034143491753618597, 0.003414349175361521, 0.00341434917536312}, 
   {-0.0034143491753618597, 0., -0.003433015236802864, 0.003433015236803263}, 
   {-0.003414349175361521, 0.003433015236802864, 0., -0.003433015236804018}, 
   {-0.00341434917536312, -0.003433015236803263, 0.003433015236804018, 0.}}, 
  {{0., 0.0034143491753619204, 0.0034143491753615145, 0.003414349175363059}, 
   {-0.0034143491753619204, 0., -0.0034330152368035184, 
    0.0034330152368030435}, {-0.0034143491753615145, 0.0034330152368035184, 
    0., -0.0034330152368037235}, {-0.003414349175363059, 
    -0.0034330152368030435, 0.0034330152368037235, 0.}}}, {0, 0}, 
 {{-1.5745912071461725, -1.5745793794936795}, {-0.7873251560992172, 
   -0.393677200498351, 0.000014622448742396266}, 
  {-1.5746030671292324, -1.5745912394767394}, {{2, 0.000020940159323708414}}, 
  {{2, 0.00001866606144123933}}, {1.6370215093914335*^-15, 
   0.9998050760676206}}}
