{8, 20, {{{-0.5248725168861387, 0, -5.374334914371008*^-6, 
    5.374336963204143*^-6}, {0, 0.999963210556692, 1.7648203940363137*^-6, 
    1.7648236195044173*^-6}, {-5.374339836087329*^-6, 1.764820013459518*^-6, 
    -4.283818281890922*^-7, 0.00034188575280814937}, 
   {5.3743377865384716*^-6, 1.7648167870589396*^-6, 0.0003418857528054755, 
    -4.283818342640938*^-7}}, {{-0.5248725168861383, 5.3743346704254826*^-6, 
    0, -5.374337784568377*^-6}, {5.374340079959878*^-6, 
    -4.28381830687094*^-7, 1.764820390921821*^-6, 0.00034188575280716025}, 
   {0, 1.764820016575549*^-6, 0.9999632105566921, 1.76482467091919*^-6}, 
   {-5.3743369651749145*^-6, 0.00034188575280676554, 1.7648157357305168*^-6, 
    -4.2838183064719537*^-7}}, {{-0.5248725168861411, -5.374340081644103*^-6, 
    5.374339836881096*^-6, 0}, {-5.374334668597754*^-6, 
    -4.2838182429984217*^-7, 0.0003418857528077404, 1.7648236202338617*^-6}, 
   {5.374334913480405*^-6, 0.00034188575281082317, -4.283818261785477*^-7, 
    1.7648246733471095*^-6}, {0, 1.7648167866733634*^-6, 
    1.7648157337655736*^-6, 0.999963210556692}}}, 
 {{{0., 0.0035063627412002317, 0.0035063627412055915, 0.003506362741208164}, 
   {-0.0035063627412002317, 0., -0.0036887976352741074, 
    0.0036887976352689682}, {-0.0035063627412055915, 0.0036887976352741074, 
    0., -0.003688797635262785}, {-0.003506362741208164, 
    -0.0036887976352689682, 0.003688797635262785, 0.}}, 
  {{0., 0.0035063627412100333, 0.003506362741204852, 0.0035063627411992568}, 
   {-0.0035063627412100333, 0., -0.0036887976352602816, 
    0.003688797635270438}, {-0.003506362741204852, 0.0036887976352602816, 0., 
    -0.0036887976352748975}, {-0.0035063627411992568, -0.003688797635270438, 
    0.0036887976352748975, 0.}}}, {0, 0}, 
 {{-1.5745843586974906, -1.5745722123006547}, {-0.7873249619450732, 
   -0.3936788207242681, 0.000016339751731486718}, 
  {-1.5745968210808312, -1.5745846746839953}, {{2, 1.864420746166065*^-6}, 
   {3, 1.6203848997851412*^-6}, {4, 1.4070225759629448*^-6}, 
   {5, 1.2226204623017045*^-6}, {6, 1.062043403249769*^-6}, 
   {7, 9.231101314832561*^-7}}, {{2, 0.0001813248109304996}, 
   {3, 0.00018161403114632887}, {4, 0.000181864141468932}, 
   {5, 0.00018208186208373166}, {6, 0.00018227054260202877}, 
   {7, 0.00018243489406389132}}, {2.519468801218831*^-15, 
   0.9997792836411036}}}
{8, 20, {{{-0.5248725168861387, 0, -5.374334914371008*^-6, 
    5.374336963204143*^-6}, {0, 0.999963210556692, 1.7648203940363137*^-6, 
    1.7648236195044173*^-6}, {-5.374339836087329*^-6, 1.764820013459518*^-6, 
    -4.283818281890922*^-7, 0.00034188575280814937}, 
   {5.3743377865384716*^-6, 1.7648167870589396*^-6, 0.0003418857528054755, 
    -4.283818342640938*^-7}}, {{-0.5248725168861383, 5.3743346704254826*^-6, 
    0, -5.374337784568377*^-6}, {5.374340079959878*^-6, 
    -4.28381830687094*^-7, 1.764820390921821*^-6, 0.00034188575280716025}, 
   {0, 1.764820016575549*^-6, 0.9999632105566921, 1.76482467091919*^-6}, 
   {-5.3743369651749145*^-6, 0.00034188575280676554, 1.7648157357305168*^-6, 
    -4.2838183064719537*^-7}}, {{-0.5248725168861411, -5.374340081644103*^-6, 
    5.374339836881096*^-6, 0}, {-5.374334668597754*^-6, 
    -4.2838182429984217*^-7, 0.0003418857528077404, 1.7648236202338617*^-6}, 
   {5.374334913480405*^-6, 0.00034188575281082317, -4.283818261785477*^-7, 
    1.7648246733471095*^-6}, {0, 1.7648167866733634*^-6, 
    1.7648157337655736*^-6, 0.999963210556692}}}, 
 {{{0., 0.0035063627412002317, 0.0035063627412055915, 0.003506362741208164}, 
   {-0.0035063627412002317, 0., -0.0036887976352741074, 
    0.0036887976352689682}, {-0.0035063627412055915, 0.0036887976352741074, 
    0., -0.003688797635262785}, {-0.003506362741208164, 
    -0.0036887976352689682, 0.003688797635262785, 0.}}, 
  {{0., 0.0035063627412100333, 0.003506362741204852, 0.0035063627411992568}, 
   {-0.0035063627412100333, 0., -0.0036887976352602816, 
    0.003688797635270438}, {-0.003506362741204852, 0.0036887976352602816, 0., 
    -0.0036887976352748975}, {-0.0035063627411992568, -0.003688797635270438, 
    0.0036887976352748975, 0.}}}, {0, 0}, 
 {{-1.5745843586974906, -1.5745722123006547}, {-0.7873249619450732, 
   -0.3936788207242681, 0.000016339751731486718}, 
  {-1.5745968210808312, -1.5745846746839953}, {{2, 1.864420746166065*^-6}, 
   {3, 1.6203848997851412*^-6}, {4, 1.4070225759629448*^-6}, 
   {5, 1.2226204623017045*^-6}, {6, 1.062043403249769*^-6}, 
   {7, 9.231101314832561*^-7}}, {{2, 0.0001813248109304996}, 
   {3, 0.00018161403114632887}, {4, 0.000181864141468932}, 
   {5, 0.00018208186208373166}, {6, 0.00018227054260202877}, 
   {7, 0.00018243489406389132}}, {2.519468801218831*^-15, 
   0.9997792836411036}}}
