{10, 32, {{{-0.5241701347807541, 0, -0.00042416647389924365, 
    0.0004241664738992608}, {0, 0.9977414933210669, 0.00008594835339920952, 
    0.00008594835339895577}, {-0.000424166473899218, 0.00008594835339904367, 
    -0.000021807488949622533, 0.0010273882636735307}, 
   {0.0004241664738992188, 0.00008594835339901949, 0.0010273882636735467, 
    -0.00002180748894955401}}, {{-0.5241701347807541, 0.0004241664738992366, 
    0, -0.00042416647389925883}, {0.00042416647389920917, 
    -0.000021807488949632508, 0.00008594835339904475, 0.001027388263673477}, 
   {0, 0.00008594835339921373, 0.9977414933210667, 0.00008594835339898985}, 
   {-0.0004241664738992148, 0.001027388263673545, 0.00008594835339898356, 
    -0.000021807488949532328}}, 
  {{-0.5241701347807544, -0.0004241664738991845, 0.00042416647389918434, 0}, 
   {-0.0004241664738991416, -0.000021807488949809016, 0.00102738826367353, 
    0.00008594835339902757}, {0.0004241664738991402, 0.001027388263673541, 
    -0.000021807488949865395, 0.00008594835339897976}, 
   {0, 0.00008594835339894802, 0.0000859483533989707, 0.9977414933210673}}}, 
 {{{0., 0.01412899781247342, 0.01412899781247343, 0.014128997812473447}, 
   {-0.01412899781247342, 0., -0.014367768646955659, 0.014367768646955636}, 
   {-0.01412899781247343, 0.014367768646955659, 0., -0.014367768646955627}, 
   {-0.014128997812473447, -0.014367768646955636, 0.014367768646955627, 0.}}, 
  {{0., 0.014128997812473421, 0.014128997812473424, 0.014128997812473471}, 
   {-0.014128997812473421, 0., -0.014367768646955607, 0.014367768646955714}, 
   {-0.014128997812473424, 0.014367768646955607, 0., -0.01436776864695574}, 
   {-0.014128997812473471, -0.014367768646955714, 0.01436776864695574, 0.}}}, 
 {0, 0}, {{-1.565152779256096, -1.5607477936832734}, 
  {-6.298418887178168, -1.5695577648289185, -1.5796516787601655}, 
  {-1.56959498551842, -1.5651899999455974}, {{2, 0.006746507903870148}, 
   {3, 0.0026506309861883404}, {4, 0.0010422926604977262}, 
   {5, 0.00041000693341877725}, {6, 0.00016130896809738587}, 
   {7, 0.0000634676009714577}, {8, 0.00002497215610744452}, 
   {9, 9.825713490139998*^-6}}, {{2, 0.10055365636560362}, 
   {3, 0.040952463616713376}, {4, 0.020677963349326485}, 
   {5, 0.013120074755792077}, {6, 0.010207489243871925}, 
   {7, 0.009070739140660394}, {8, 0.008624884288716696}, 
   {9, 0.008449673418147025}}, {8.797027662665143*^-12, 0.9865252426964264}}}
