{9, 32, {{{-0.5209661380007233, 0, -0.0024921769153307604, 
    0.0024921769153307405}, {0, 0.9873233489924554, 0.0005064260238644906, 
    0.000506426023864539}, {-0.0024921769153307097, 0.0005064260238644906, 
    -0.0001102148799874054, 0.005848322349485413}, 
   {0.0024921769153307457, 0.0005064260238644696, 0.005848322349485432, 
    -0.00011021487998750905}}, {{-0.5209661380007233, 0.0024921769153307487, 
    0, -0.0024921769153307427}, {0.002492176915330723, 
    -0.00011021487998740453, 0.000506426023864504, 0.005848322349485482}, 
   {0, 0.0005064260238644928, 0.9873233489924553, 0.0005064260238644761}, 
   {-0.00249217691533075, 0.005848322349485397, 0.0005064260238645213, 
    -0.0001102148799874969}}, {{-0.5209661380007231, -0.002492176915330714, 
    0.0024921769153307093, 0}, {-0.0024921769153306724, 
    -0.00011021487998750558, 0.00584832234948543, 0.0005064260238644776}, 
   {0.0024921769153306616, 0.005848322349485508, -0.00011021487998755242, 
    0.0005064260238645425}, {0, 0.0005064260238645134, 0.0005064260238644714, 
    0.9873233489924553}}}, 
 {{{0., 0.03340445996426999, 0.03340445996426999, 0.03340445996427003}, 
   {-0.03340445996426999, 0., -0.034111572495245095, 0.034111572495244914}, 
   {-0.03340445996426999, 0.034111572495245095, 0., -0.03411157249524491}, 
   {-0.03340445996427003, -0.034111572495244914, 0.03411157249524491, 0.}}, 
  {{0., 0.033404459964269995, 0.03340445996426998, 0.033404459964270085}, 
   {-0.033404459964269995, 0., -0.03411157249524495, 0.034111572495245115}, 
   {-0.03340445996426998, 0.03411157249524495, 0., -0.03411157249524513}, 
   {-0.033404459964270085, -0.034111572495245115, 0.03411157249524513, 0.}}}, 
 {0, 0}, {{-1.5221332169039772, -1.4978327637238207}, 
  {-6.29752150194697, -1.5464336700841328, -1.6023270808893522}, 
  {-1.5466908685985006, -1.522390415418344}, {{2, 0.016094177343599643}, 
   {3, 0.006437230166723845}, {4, 0.0025888797217819837}, 
   {5, 0.0010437244006280405}, {6, 0.0004212156472669093}, 
   {7, 0.00017006124459725824}, {8, 0.00006867208218311327}}, 
  {{2, 0.10401963730257782}, {3, 0.04392893441147734}, 
   {4, 0.02326355845685104}, {5, 0.01541383933921724}, 
   {6, 0.012319546136602556}, {7, 0.011081961160252063}, 
   {8, 0.010584103615675081}}, {1.5754711013582482*^-9, 0.9263101994438169}}}
