{4, 40, {{{-0.000032926970146854333, 0, -9.200751479874096*^-6, 
    9.200751479869077*^-6}, {0, 0.000048697028542949306, 
    1.3157223212820454*^-6, 1.3157223212781833*^-6}, 
   {-9.200751479869062*^-6, 1.3157223212803473*^-6, -7.885029126272825*^-6, 
    0.000030295525394728453}, {9.200751479873404*^-6, 1.3157223212802456*^-6, 
    0.00003029552539473095, -7.885029126270182*^-6}}, 
  {{-0.00003292697014684806, 9.200751479869836*^-6, 0, 
    -9.200751479868994*^-6}, {9.200751479870485*^-6, -7.885029126269542*^-6, 
    1.3157223212811429*^-6, 0.000030295525394723428}, 
   {0, 1.3157223212797334*^-6, 0.000048697028542947775, 
    1.3157223212783998*^-6}, {-9.20075147987161*^-6, 0.000030295525394723997, 
    1.3157223212762813*^-6, -7.885029126269125*^-6}}, 
  {{-0.00003292697014685653, -9.20075147987045*^-6, 9.200751479872618*^-6, 
    0}, {-9.200751479873138*^-6, -7.885029126273043*^-6, 
    0.000030295525394732363, 1.3157223212799308*^-6}, 
   {9.200751479871366*^-6, 0.000030295525394734325, -7.88502912627376*^-6, 
    1.315722321279264*^-6}, {0, 1.3157223212796665*^-6, 
    1.3157223212813008*^-6, 0.00004869702854295509}}}, 
 {{{0., 0.5773502681040688, 0.5773502681040685, 0.5773502681040696}, 
   {-0.5773502681040688, 0., -0.5773502677805491, 0.5773502677805479}, 
   {-0.5773502681040685, 0.5773502677805491, 0., -0.5773502677805482}, 
   {-0.5773502681040696, -0.5773502677805479, 0.5773502677805482, 0.}}, 
  {{0., 0.5773502681040685, 0.5773502681040685, 0.5773502681040703}, 
   {-0.5773502681040685, 0., -0.5773502677805497, 0.5773502677805479}, 
   {-0.5773502681040685, 0.5773502677805497, 0., -0.5773502677805479}, 
   {-0.5773502681040703, -0.5773502677805479, 0.5773502677805479, 0.}}}, 
 {0, 0}, {{-0.16000000262925887, 0.6799999957913394}, 
  {-5.68000000056494, -1.000000001049858, -1.839999999232612}, 
  {-1.0000000008145082, -0.16000000239390988}, {{2, 0.000011043617165438257}, 
   {3, 9.21583081708522*^-6}}, {{2, 3.9324487688207793*^-10}, 
   {3, 2.801770741055219*^-10}}, {0.03703703649468292, 
   1.3335667853669584*^-26}}}
