{11, 32, {{{-0.5238092873525881, 0, -0.0006403858620042686, 
    0.000640385862004248}, {0, 0.9966248959075819, 0.0001186430498541567, 
    0.00011864304985409859}, {-0.0006403858620042241, 0.00011864304985422343, 
    -0.000020392307328359095, 0.0015477687272814561}, 
   {0.00064038586200428, 0.00011864304985405647, 0.001547768727281394, 
    -0.00002039230732825848}}, {{-0.5238092873525884, 0.0006403858620042651, 
    0, -0.0006403858620042491}, {0.000640385862004223, 
    -0.000020392307328347386, 0.00011864304985423541, 0.0015477687272814264}, 
   {0, 0.00011864304985416941, 0.9966248959075816, 0.0001186430498541237}, 
   {-0.0006403858620042753, 0.0015477687272813976, 0.00011864304985404023, 
    -0.000020392307328170878}}, 
  {{-0.5238092873525885, -0.0006403858620042265, 0.00064038586200423, 0}, 
   {-0.000640385862004173, -0.000020392307328470985, 0.0015477687272814633, 
    0.00011864304985408276}, {0.0006403858620041699, 0.0015477687272814373, 
    -0.000020392307328448434, 0.00011864304985406584}, 
   {0, 0.00011864304985409569, 0.0001186430498541028, 0.9966248959075824}}}, 
 {{{0., 0.01739413713011384, 0.01739413713011385, 0.017394137130113854}, 
   {-0.01739413713011384, 0., -0.01752041587053775, 0.017520415870537664}, 
   {-0.01739413713011385, 0.01752041587053775, 0., -0.01752041587053764}, 
   {-0.017394137130113854, -0.017520415870537664, 0.01752041587053764, 0.}}, 
  {{0., 0.017394137130113833, 0.017394137130113844, 0.017394137130113892}, 
   {-0.017394137130113833, 0., -0.017520415870537674, 0.017520415870537757}, 
   {-0.017394137130113844, 0.017520415870537674, 0., -0.017520415870537744}, 
   {-0.017394137130113892, -0.017520415870537757, 0.017520415870537744, 
    0.}}}, {0, 0}, {{-1.5604037410311982, -1.5537756845932993}, 
  {-6.298381062595682, -1.5670317974690975, -1.5821587338287437}, 
  {-1.5670558568004735, -1.5604278003625747}, {{2, 0.008312235467058764}, 
   {3, 0.0032718320308676024}, {4, 0.0012895384339939309}, 
   {5, 0.0005085414214961656}, {6, 0.00020059505615799972}, 
   {7, 0.0000791324981701258}, {8, 0.0000312180446259136}, 
   {9, 0.000012315808032362097}, {10, 4.858728691756187*^-6}}, 
  {{2, 0.09503965831873254}, {3, 0.03598162919065967}, 
   {4, 0.015869887380898062}, {5, 0.008358269507899568}, 
   {6, 0.005456815156825443}, {7, 0.004321579417688079}, 
   {8, 0.0038751679420733565}, {9, 0.0036992782599693822}, 
   {10, 0.003629922527321877}}, {2.892454014625891*^-11, 0.9799194783654901}}}
