{46, 40, {{{-0.4645570185455826, 0, -0.03108906153088271, 
    0.031089061530882547}, {0, 0.8668410008087051, -0.008644026651557567, 
    -0.008644026651557574}, {-0.031089061530882617, -0.00864402665155769, 
    0.015421778778172728, 0.07313491427903536}, {0.031089061530882558, 
    -0.008644026651557748, 0.07313491427903537, 0.015421778778172954}}, 
  {{-0.4645570185455825, 0.031089061530882707, 0, -0.031089061530882547}, 
   {0.031089061530882603, 0.015421778778172742, -0.008644026651557701, 
    0.07313491427903537}, {0, -0.008644026651557578, 0.8668410008087051, 
    -0.008644026651557581}, {-0.031089061530882558, 0.07313491427903537, 
    -0.008644026651557741, 0.01542177877817294}}, 
  {{-0.4645570185455826, -0.03108906153088253, 0.03108906153088254, 0}, 
   {-0.031089061530882565, 0.015421778778172789, 0.07313491427903537, 
    -0.00864402665155763}, {0.031089061530882575, 0.07313491427903536, 
    0.015421778778172746, -0.00864402665155763}, {0, -0.008644026651557911, 
    -0.008644026651557894, 0.8668410008087049}}}, 
 {{{0., 0.2642970242158136, 0.26429702421581347, 0.26429702421581425}, 
   {-0.2642970242158136, 0., -0.20303411395081064, 0.20303411395080984}, 
   {-0.26429702421581347, 0.20303411395081064, 0., -0.2030341139508099}, 
   {-0.26429702421581425, -0.20303411395080984, 0.2030341139508099, 0.}}, 
  {{0., 0.26429702421581347, 0.26429702421581347, 0.2642970242158145}, 
   {-0.26429702421581347, 0., -0.2030341139508102, 0.20303411395081059}, 
   {-0.26429702421581347, 0.2030341139508102, 0., -0.2030341139508106}, 
   {-0.2642970242158145, -0.20303411395081059, 0.2030341139508106, 0.}}}, 
 {0, 0}, {{-1.0972068517325508, -0.776763739770814}, 
  {-6.191761385340776, -1.417649963694286, -1.6782307289761018}, 
  {-1.3805112980748055, -1.0600681861130687}, {{2, 0.00019995981252446393}, 
   {3, 0.00018988207568187976}, {4, 0.00017643875236633688}, 
   {5, 0.00016430946033790805}, {6, 0.0001530002531565655}, 
   {7, 0.00014248283708845344}, {8, 0.00013269799814058514}, 
   {9, 0.00012359360629127236}, {10, 0.00011512121367229788}, 
   {11, 0.0001072359834971559}, {12, 0.00009989638527874156}, 
   {13, 0.00009306393592778406}, {14, 0.0000867029617877546}, 
   {15, 0.00008078038117620423}, {16, 0.0000752655053239959}, 
   {17, 0.00007012985597198984}, {18, 0.00006534699806126643}, 
   {19, 0.000060892386119948405}, {20, 0.00005674322310017521}, 
   {21, 0.00005287833054012925}, {22, 0.00004927802904880485}, 
   {23, 0.000045924028205246437}, {24, 0.000042799325059628135}, 
   {25, 0.000039888110495267526}, {26, 0.000037175682791490416}, 
   {27, 0.00003464836778066527}, {28, 0.00003229344505567555}, 
   {29, 0.00003009907973255954}, {30, 0.000028054259315513086}, 
   {31, 0.000026148735257414124}, {32, 0.00002437296883944784}, 
   {33, 0.000022718081031491977}, {34, 0.000021175806019901877}, 
   {35, 0.00001973844812008796}, {36, 0.00001839884181126239}, 
   {37, 0.000017150314657210508}, {38, 0.00001598665289126444}, 
   {39, 0.000014902069466915524}, {40, 0.000013891174388880323}, 
   {41, 0.000012948947153923474}, {42, 0.000012070711145673041}, 
   {43, 0.00001125210984048719}, {44, 0.000010489084690201711}, 
   {45, 9.777854560799604*^-6}}, {{2, 0.11409049953054096}, 
   {3, 0.11422775046171818}, {4, 0.11434973548422078}, 
   {5, 0.11446345699260958}, {6, 0.11456907942018771}, 
   {7, 0.11466723599677447}, {8, 0.1147584716251894}, 
   {9, 0.11484329168735452}, {10, 0.11492216218279075}, 
   {11, 0.1149955133303309}, {12, 0.11506374254813301}, 
   {13, 0.11512721717439874}, {14, 0.11518627693331558}, 
   {15, 0.11524123617511894}, {16, 0.11529238591370455}, 
   {17, 0.11533999568260972}, {18, 0.1153843152277372}, 
   {19, 0.11542557605308824}, {20, 0.11546399283392945}, 
   {21, 0.11549976471020959}, {22, 0.11553307647163669}, 
   {23, 0.1155640996445888}, {24, 0.11559299348995103}, 
   {25, 0.11561990592001348}, {26, 0.11564497434172527}, 
   {27, 0.11566832643285377}, {28, 0.11569008085694354}, 
   {29, 0.11571034792238184}, {30, 0.11572923019036147}, 
   {31, 0.11574682303607067}, {32, 0.1157632151670277}, 
   {33, 0.11577848910211058}, {34, 0.11579272161450638}, 
   {35, 0.11580598414150774}, {36, 0.1158183431638222}, 
   {37, 0.11582986055682354}, {38, 0.11584059391595972}, 
   {39, 0.1158505968583395}, {40, 0.11585991930234946}, 
   {41, 0.11586860772699188}, {42, 0.11587670541249581}, 
   {43, 0.11588425266362284}, {44, 0.11589128701697293}, 
   {45, 0.11589784343349019}}, {0.00007005095933710563, 0.4242644757952432}}}
