{8, 32, {{{-0.5237509104221753, 0, -0.000644564133180131, 
    0.0006445641331801447}, {0, 0.996675809737066, 0.00006585267579956917, 
    0.00006585267579956364}, {-0.0006445641331801119, 0.00006585267579956397, 
    0.00003752382998242895, 0.001572625592233672}, 
   {0.0006445641331801191, 0.00006585267579954651, 0.001572625592233594, 
    0.00003752382998239295}}, {{-0.5237509104221753, 0.0006445641331801367, 
    0, -0.0006445641331801434}, {0.0006445641331800964, 
    0.00003752382998237517, 0.00006585267579956386, 0.0015726255922336287}, 
   {0, 0.00006585267579956982, 0.996675809737066, 0.00006585267579960885}, 
   {-0.0006445641331801167, 0.0015726255922336222, 0.00006585267579950032, 
    0.000037523829982510915}}, {{-0.5237509104221756, -0.0006445641331801027, 
    0.0006445641331800936, 0}, {-0.0006445641331800644, 
    0.00003752382998233571, 0.0015726255922337115, 0.00006585267579957096}, 
   {0.0006445641331800661, 0.001572625592233656, 0.00003752382998223336, 
    0.00006585267579952927}, {0, 0.00006585267579956012, 
    0.0000658526757995948, 0.9966758097370663}}}, 
 {{{0., 0.017865969502391242, 0.01786596950239125, 0.017865969502391263}, 
   {-0.017865969502391242, 0., -0.0171533006997753, 0.017153300699775168}, 
   {-0.01786596950239125, 0.0171533006997753, 0., -0.017153300699775182}, 
   {-0.017865969502391263, -0.017153300699775168, 0.017153300699775182, 0.}}, 
  {{0., 0.017865969502391235, 0.01786596950239124, 0.017865969502391287}, 
   {-0.017865969502391235, 0., -0.01715330069977524, 0.017153300699775286}, 
   {-0.01786596950239124, 0.01715330069977524, 0., -0.017153300699775297}, 
   {-0.017865969502391287, -0.017153300699775286, 0.017153300699775297, 
    0.}}}, {0, 0}, {{-1.5601793181164074, -1.553371469397392}, 
  {-6.298397319530276, -1.5669871668354227, -1.582211492929715}, 
  {-1.5668513851921624, -1.5600435364731469}, {{2, 0.008547885897386247}, 
   {3, 0.003364550900086326}, {4, 0.0013261638472789328}, 
   {5, 0.0005230338556412306}, {6, 0.00020633358355047482}, 
   {7, 0.00008140537201706266}}, {{2, 0.06633114724610739}, 
   {3, 0.010165242702981159}, {4, 0.008961247020812822}, 
   {5, 0.016105268870119233}, {6, 0.018864979442862105}, 
   {7, 0.019944867881942267}}, {2.5473358374078493*^-11, 0.9802198792030784}}}
