{3, 20, {{{-0.5248732444938892, 0, -5.001341707661653*^-6, 
    5.001341707954513*^-6}, {0, 0.9999654179413786, 1.7528639010730058*^-6, 
    1.7528639002438215*^-6}, {-5.001341707561179*^-6, 1.7528638995803*^-6, 
    -1.4888093468126695*^-8, 0.00017915601749431858}, 
   {5.0013417082480705*^-6, 1.7528639004197062*^-6, 0.00017915601748601066, 
    -1.4888096613180357*^-8}}, {{-0.5248732444938887, 5.00134170755186*^-6, 
    0, -5.00134170799849*^-6}, {5.001341707672953*^-6, 
    -1.488810021793574*^-8, 1.7528638995959463*^-6, 0.00017915601749433696}, 
   {0, 1.7528639010400494*^-6, 0.9999654179413785, 1.752863900612596*^-6}, 
   {-5.001341708208914*^-6, 0.00017915601748588113, 1.7528639000048962*^-6, 
    -1.4888095589693506*^-8}}, {{-0.5248732444938896, -5.00134170768373*^-6, 
    5.001341707839167*^-6, 0}, {-5.001341707386067*^-6, 
    -1.4888093143733405*^-8, 0.00017915601749456003, 1.752863901102635*^-6}, 
   {5.0013417071961394*^-6, 0.00017915601749143831, -1.4888097421561497*^-8, 
    1.7528639003985244*^-6}, {0, 1.752863899837117*^-6, 
    1.7528639005102544*^-6, 0.9999654179413806}}}, 
 {{{0., 0.0033857527194703, 0.003385752719470256, 0.00338575271947018}, 
   {-0.0033857527194703, 0., -0.003591810564127779, 0.0035918105641284817}, 
   {-0.003385752719470256, 0.003591810564127779, 0., -0.003591810564129181}, 
   {-0.00338575271947018, -0.0035918105641284817, 0.003591810564129181, 0.}}, 
  {{0., 0.003385752719470313, 0.003385752719470326, 0.0033857527194701407}, 
   {-0.003385752719470313, 0., -0.003591810564127833, 0.003591810564128832}, 
   {-0.003385752719470326, 0.003591810564127833, 0., -0.003591810564128945}, 
   {-0.0033857527194701407, -0.003591810564128832, 0.003591810564128945, 
    0.}}}, {0, 0}, {{-1.5745879412627068, -1.574576212671243}, 
  {-0.7873251604372727, -0.39367785881082595, 0.000015278592189582607}, 
  {-1.574600026756827, -1.5745882981653632}, {{2, 0.00002104393229484169}}, 
  {{2, 0.00020605784465825604}}, {2.147239761978656*^-15, 
   0.9997925255862301}}}
