{20, 32, {{{-0.5240646982740074, 0, -0.00030950926345145, 
    0.0003095092634514289}, {0, 0.9985384787751848, -0.00018594614052689184, 
    -0.00018594614052679047}, {-0.0003095092634514071, 
    -0.00018594614052689043, 0.0002585811340674194, 0.0008939090259503291}, 
   {0.0003095092634514539, -0.00018594614052679163, 0.0008939090259503177, 
    0.00025858113406737604}}, {{-0.5240646982740075, 0.00030950926345144823, 
    0, -0.00030950926345143723}, {0.0003095092634514329, 
    0.00025858113406739425, -0.0001859461405268885, 0.0008939090259503914}, 
   {0, -0.00018594614052689398, 0.9985384787751848, -0.0001859461405268016}, 
   {-0.00030950926345146325, 0.0008939090259503754, -0.00018594614052676805, 
    0.0002585811340675426}}, {{-0.5240646982740076, -0.00030950926345142714, 
    0.0003095092634514312, 0}, {-0.00030950926345140866, 
    0.0002585811340673188, 0.0008939090259502634, -0.00018594614052680944}, 
   {0.0003095092634513928, 0.0008939090259506719, 0.000258581134067265, 
    -0.00018594614052677737}, {0, -0.00018594614052679502, 
    -0.0001859461405268038, 0.998538478775185}}}, 
 {{{0., 0.030307029850431336, 0.030307029850431336, 0.030307029850431433}, 
   {-0.030307029850431336, 0., -0.019517452813908914, 0.019517452813909}, 
   {-0.030307029850431336, 0.019517452813908914, 0., -0.019517452813908945}, 
   {-0.030307029850431433, -0.019517452813909, 0.019517452813908945, 0.}}, 
  {{0., 0.03030702985043133, 0.030307029850431315, 0.030307029850431464}, 
   {-0.03030702985043133, 0., -0.01951745281390891, 0.01951745281390907}, 
   {-0.030307029850431315, 0.01951745281390891, 0., -0.019517452813909125}, 
   {-0.030307029850431464, -0.01951745281390907, 0.019517452813909125, 0.}}}, 
 {0, 0}, {{-1.5674025164052308, -1.5621531848524843}, 
  {-6.298461721936625, -1.5726518479579759, -1.5765790130103365}, 
  {-1.5717174431770045, -1.566468111624258}, {{2, 0.005185889164856313}, 
   {3, 0.004063777185224278}, {4, 0.0031847751643749415}, 
   {5, 0.0024961991991107914}, {6, 0.001956732449083256}, 
   {7, 0.0015340204869794365}, {8, 0.0012027417120845582}, 
   {9, 0.000943080440689921}, {10, 0.000739527400368839}, 
   {11, 0.0005799407942867867}, {12, 0.00045481246917157894}, 
   {13, 0.0003566946422002282}, {14, 0.0002797520059140135}, 
   {15, 0.00021941165760666279}, {16, 0.0001720893570725454}, 
   {17, 0.000134975366608385}, {18, 0.00010586682954243087}, 
   {19, 0.00008303652239939618}}, {{2, 0.32483009267059393}, 
   {3, 0.1137354708414349}, {4, 0.01130590258390007}, 
   {5, 0.047780110342971895}, {6, 0.0853051240137336}, 
   {7, 0.11061262567209246}, {8, 0.12837987087756902}, 
   {9, 0.14120832821575288}, {10, 0.15065977806390743}, 
   {11, 0.157727359459364}, {12, 0.1630712665806316}, 
   {13, 0.1671458667768344}, {14, 0.17027254584845825}, 
   {15, 0.17268360554811307}, {16, 0.17454986401531852}, 
   {17, 0.17599864958548217}, {18, 0.17712590155472277}, 
   {19, 0.17800452716366735}}, {5.527628259217386*^-11, 0.9912628509463867}}}
