{10, 32, {{{-0.5155222353002598, 0, -0.006095887977359881, 
    0.006095887977359886}, {0, 0.9712962905537768, 0.0008028634114533809, 
    0.0008028634114534573}, {-0.006095887977359838, 0.0008028634114533311, 
    0.000270689747211123, 0.013840966063259018}, 
   {0.006095887977359851, 0.0008028634114533961, 0.013840966063258991, 
    0.000270689747211038}}, {{-0.5155222353002598, 0.006095887977359891, 0, 
    -0.006095887977359892}, {0.0060958879773598505, 0.00027068974721114643, 
    0.0008028634114533311, 0.01384096606325903}, {0, 0.0008028634114533788, 
    0.9712962905537768, 0.0008028634114534568}, {-0.0060958879773598635, 
    0.013840966063258998, 0.0008028634114533932, 0.0002706897472110614}}, 
  {{-0.5155222353002598, -0.006095887977359844, 0.0060958879773598314, 0}, 
   {-0.006095887977359809, 0.00027068974721104234, 0.013840966063259012, 
    0.0008028634114534338}, {0.0060958879773598, 0.013840966063259018, 
    0.0002706897472110614, 0.0008028634114534442}, 
   {0, 0.0008028634114534052, 0.0008028634114534176, 0.9712962905537766}}}, 
 {{{0., 0.051810750793053084, 0.051810750793053084, 0.051810750793053126}, 
   {-0.051810750793053084, 0., -0.05084422967674111, 0.05084422967674084}, 
   {-0.051810750793053084, 0.05084422967674111, 0., -0.050844229676740835}, 
   {-0.051810750793053126, -0.05084422967674084, 0.050844229676740835, 0.}}, 
  {{0., 0.05181075079305307, 0.05181075079305307, 0.05181075079305322}, 
   {-0.05181075079305307, 0., -0.050844229676740925, 0.05084422967674112}, 
   {-0.05181075079305307, 0.050844229676740925, 0., -0.05084422967674111}, 
   {-0.05181075079305322, -0.05084422967674112, 0.05084422967674111, 0.}}}, 
 {0, 0}, {{-1.4545894775224668, -1.3989513888163179}, 
  {-6.293300588899833, -1.51022756622862, -1.6364227282212966}, 
  {-1.5097086064878058, -1.4540705177816569}, {{2, 0.02518985153809722}, 
   {3, 0.010382076652079866}, {4, 0.004344607213178711}, 
   {5, 0.0018308925297855216}, {6, 0.0007739439062972586}, 
   {7, 0.0003275887043469039}, {8, 0.00013873702193081816}, 
   {9, 0.00005877050748903656}}, {{2, 0.08219602202320112}, 
   {3, 0.024359039080339602}, {4, 0.004087342684127701}, 
   {5, 0.0038733631022374823}, {6, 0.007141701484807799}, 
   {7, 0.008508270935578925}, {8, 0.009084046005572822}, 
   {9, 0.009327418552306637}}, {1.7276271929609682*^-8, 0.8396733718453027}}}
