{33, 40, {{{-0.5215662942716117, 0, -0.0020840546765906608, 
    0.0020840546765906413}, {0, 0.9893401985524949, 0.0004114093026697748, 
    0.00041140930266981104}, {-0.0020840546765906265, 0.00041140930266979825, 
    -0.00008253400647914057, 0.004914939121699727}, 
   {0.002084054676590631, 0.0004114093026697382, 0.0049149391216997355, 
    -0.00008253400647900786}}, {{-0.5215662942716117, 0.0020840546765906517, 
    0, -0.002084054676590638}, {0.002084054676590625, 
    -0.00008253400647909373, 0.0004114093026698002, 0.004914939121699751}, 
   {0, 0.00041140930266977114, 0.989340198552495, 0.00041140930266977526}, 
   {-0.002084054676590628, 0.004914939121699706, 0.00041140930266977754, 
    -0.00008253400647895148}}, {{-0.5215662942716118, -0.0020840546765906313, 
    0.0020840546765906252, 0}, {-0.0020840546765905697, 
    -0.00008253400647912626, 0.004914939121699732, 0.0004114093026697542}, 
   {0.0020840546765905623, 0.004914939121699801, -0.00008253400647914577, 
    0.00041140930266979315}, {0, 0.0004114093026697847, 
    0.0004114093026697445, 0.989340198552495}}}, 
 {{{0., 0.06143011745828973, 0.061430117458289746, 0.06143011745829004}, 
   {-0.06143011745828973, 0., -0.06248077360140893, 0.06248077360140873}, 
   {-0.061430117458289746, 0.06248077360140893, 0., -0.06248077360140873}, 
   {-0.06143011745829004, -0.06248077360140873, 0.06248077360140873, 0.}}, 
  {{0., 0.06143011745828974, 0.061430117458289746, 0.061430117458290114}, 
   {-0.06143011745828974, 0., -0.062480773601408746, 0.06248077360140912}, 
   {-0.061430117458289746, 0.062480773601408746, 0., -0.06248077360140912}, 
   {-0.061430117458290114, -0.06248077360140912, 0.06248077360140912, 0.}}}, 
 {0, 0}, {{-1.529548457716964, -1.4997564340422123}, 
  {-6.297761043961501, -1.5593404813917142, -1.589540040589036}, 
  {-1.5595952519666783, -1.5298032282919265}, {{2, 0.010129649390524558}, 
   {3, 0.008010072317243183}, {4, 0.0063373813374834435}, 
   {5, 0.005017082081361056}, {6, 0.003974269531185445}, 
   {7, 0.0031499653975365083}, {8, 0.0024978516341518514}, 
   {9, 0.001981566149527131}, {10, 0.001572541352088723}, 
   {11, 0.001248305279703911}, {12, 0.0009911561009838116}, 
   {13, 0.0007871303547631048}, {14, 0.0006251995880830613}, 
   {15, 0.0004966438111568619}, {16, 0.0003945617773210078}, 
   {17, 0.00031348731323914414}, {18, 0.0002490880598287337}, 
   {19, 0.000197928441632092}, {20, 0.00015728283958397343}, 
   {21, 0.0001249881105167619}, {22, 0.0000993270184735523}, 
   {23, 0.00007893600145163909}, {24, 0.0000627321299275646}, 
   {25, 0.000049855222880243466}, {26, 0.00003962194955670767}, 
   {27, 0.00003148941831695312}, {28, 0.00002502628084438685}, 
   {29, 0.000019889793678430634}, {30, 0.000015807604516457352}, 
   {31, 0.000012563287330180639}, {32, 9.984852945024714*^-6}}, 
  {{2, 0.8512716891326939}, {3, 0.5019137582858679}, {4, 0.3324262632686548}, 
   {5, 0.23451541514609575}, {6, 0.17215780015095278}, 
   {7, 0.12993259267742638}, {8, 0.10013488321892242}, 
   {9, 0.07848673728655385}, {10, 0.06242366241846437}, 
   {11, 0.05031646025568496}, {12, 0.04108238531999934}, 
   {13, 0.033975779064991427}, {14, 0.02846833857409694}, 
   {15, 0.024177141247015227}, {16, 0.020819514461157814}, 
   {17, 0.0181836972431368}, {18, 0.01610916394148374}, 
   {19, 0.014473066632644084}, {20, 0.013180672677306944}, 
   {21, 0.012158483042714677}, {22, 0.011349193869683836}, 
   {23, 0.010707953289743066}, {24, 0.010199546115478027}, 
   {25, 0.009796254555594741}, {26, 0.009476218743851456}, 
   {27, 0.009222171486651262}, {28, 0.009020456208681459}, 
   {29, 0.008860261152097048}, {30, 0.008733019952416623}, 
   {31, 0.008631941013640725}, {32, 0.008551637100746433}}, 
  {5.9494715012674296*^-8, 0.9377216289192246}}}
