{9, 32, {{{-0.5247929560486142, 0, -0.00004638747901345127, 
    0.000046387479013427083}, {0, 0.9997506946442634, 9.264241751495912*^-6, 
    9.264241751178268*^-6}, {-0.000046387479013418274, 9.264241751235992*^-6, 
    -2.302973505755642*^-6, 0.00011319420125516172}, 
   {0.00004638747901344981, 9.264241751204658*^-6, 0.00011319420125529169, 
    -2.3029735055496436*^-6}}, {{-0.5247929560486142, 0.00004638747901345479, 
    0, -0.00004638747901342415}, {0.000046387479013430404, 
    -2.3029735056242367*^-6, 9.264241751235172*^-6, 0.00011319420125522298}, 
   {0, 9.264241751502817*^-6, 0.9997506946442631, 9.264241751031403*^-6}, 
   {-0.00004638747901344394, 0.00011319420125505665, 9.26424175134943*^-6, 
    -2.302973505591277*^-6}}, {{-0.5247929560486148, -0.00004638747901343206, 
    0.00004638747901342601, 0}, {-0.00004638747901340092, 
    -2.302973506054448*^-6, 0.00011319420125480219, 9.264241751209239*^-6}, 
   {0.000046387479013379026, 0.00011319420125523944, -2.3029735059520995*^-6, 
    9.264241751352594*^-6}, {0, 9.26424175117019*^-6, 9.264241751019807*^-6, 
    0.9997506946442638}}}, 
 {{{0., 0.004701895534195613, 0.004701895534195607, 0.004701895534195606}, 
   {-0.004701895534195613, 0., -0.004769499077126061, 0.004769499077126092}, 
   {-0.004701895534195607, 0.004769499077126061, 0., -0.004769499077126122}, 
   {-0.004701895534195606, -0.004769499077126092, 0.004769499077126122, 0.}}, 
  {{0., 0.0047018955341956055, 0.004701895534195604, 0.004701895534195612}, 
   {-0.0047018955341956055, 0., -0.004769499077126009, 
    0.0047694990771261336}, {-0.004701895534195604, 0.004769499077126009, 0., 
    -0.004769499077126137}, {-0.004701895534195612, -0.0047694990771261336, 
    0.004769499077126137, 0.}}}, {0, 0}, 
 {{-1.5735640552094736, -1.5730754198920471}, {-6.2984468386746695, 
   -1.5740526905268997, -1.575170728810435}, {-1.5740562033100338, 
   -1.5735675679926073}, {{2, 0.0022418911695543725}, 
   {3, 0.0008779602087064207}, {4, 0.000343854651372948}, 
   {5, 0.0001346766192916616}, {6, 0.00005274927716765812}, 
   {7, 0.00002066063199118555}, {8, 8.092296506851532*^-6}}, 
  {{2, 0.09866850668917154}, {3, 0.039275936557825214}, 
   {4, 0.01911084097028196}, {5, 0.011618663537083124}, 
   {6, 0.008742904365820505}, {7, 0.00762534823094998}, 
   {8, 0.0071889669218320644}}, {1.1771630309628386*^-14, 
   0.9985050998531423}}}
