{5, 32, {{{-0.5245787812104195, 0, -0.00018758368426918147, 
    0.00018758368426917548}, {0, 0.9989612367913698, 0.00006024795725100166, 
    0.00006024795725106201}, {-0.00018758368426913052, 
    0.00006024795725127027, -0.00003384398247897229, 0.0004516573966326677}, 
   {0.0001875836842691719, 0.00006024795725108087, 0.0004516573966326522, 
    -0.00003384398247888946}}, {{-0.5245787812104196, 0.00018758368426917367, 
    0, -0.0001875836842691722}, {0.00018758368426915133, 
    -0.00003384398247896015, 0.00006024795725126516, 0.00045165739663269723}, 
   {0, 0.00006024795725099674, 0.99896123679137, 0.00006024795725103754}, 
   {-0.0001875836842691716, 0.00045165739663262605, 0.00006024795725110456, 
    -0.00003384398247871512}}, 
  {{-0.5245787812104198, -0.00018758368426916014, 0.0001875836842691639, 0}, 
   {-0.0001875836842691113, -0.00003384398247912451, 0.00045165739663279394, 
    0.00006024795725109356}, {0.000187583684269095, 0.0004516573966329997, 
    -0.00003384398247918696, 0.000060247957251116475}, 
   {0, 0.00006024795725105061, 0.00006024795725103149, 0.9989612367913707}}}, 
 {{{0., 0.018235771789818236, 0.018235771789818243, 0.018235771789818285}, 
   {-0.018235771789818236, 0., -0.01982151471776336, 0.01982151471776293}, 
   {-0.018235771789818243, 0.01982151471776336, 0., -0.019821514717763042}, 
   {-0.018235771789818285, -0.01982151471776293, 0.019821514717763042, 0.}}, 
  {{0., 0.01823577178981825, 0.018235771789818247, 0.01823577178981832}, 
   {-0.01823577178981825, 0., -0.01982151471776335, 0.019821514717763045}, 
   {-0.018235771789818247, 0.01982151471776335, 0., -0.01982151471776314}, 
   {-0.01823577178981832, -0.019821514717763045, 0.01982151471776314, 0.}}}, 
 {0, 0}, {{-1.5699407060102022, -1.5667821776846829}, 
  {-6.299153265969015, -1.573099234335722, -1.5764773986487857}, 
  {-1.573236563701669, -1.5700780353761496}, {{2, 0.004964725838279654}, 
   {3, 0.0038906429681626158}, {4, 0.0030492026705484475}}, 
  {{2, 0.3768157315398238}, {3, 0.15238428705912094}, 
   {4, 0.04347890909750973}}, {6.064863567811072*^-11, 0.99378358378362}}}
{5, 32, {{{-0.5245787812104195, 0, -0.00018758368426918147, 
    0.00018758368426917548}, {0, 0.9989612367913698, 0.00006024795725100166, 
    0.00006024795725106201}, {-0.00018758368426913052, 
    0.00006024795725127027, -0.00003384398247897229, 0.0004516573966326677}, 
   {0.0001875836842691719, 0.00006024795725108087, 0.0004516573966326522, 
    -0.00003384398247888946}}, {{-0.5245787812104196, 0.00018758368426917367, 
    0, -0.0001875836842691722}, {0.00018758368426915133, 
    -0.00003384398247896015, 0.00006024795725126516, 0.00045165739663269723}, 
   {0, 0.00006024795725099674, 0.99896123679137, 0.00006024795725103754}, 
   {-0.0001875836842691716, 0.00045165739663262605, 0.00006024795725110456, 
    -0.00003384398247871512}}, 
  {{-0.5245787812104198, -0.00018758368426916014, 0.0001875836842691639, 0}, 
   {-0.0001875836842691113, -0.00003384398247912451, 0.00045165739663279394, 
    0.00006024795725109356}, {0.000187583684269095, 0.0004516573966329997, 
    -0.00003384398247918696, 0.000060247957251116475}, 
   {0, 0.00006024795725105061, 0.00006024795725103149, 0.9989612367913707}}}, 
 {{{0., 0.018235771789818236, 0.018235771789818243, 0.018235771789818285}, 
   {-0.018235771789818236, 0., -0.01982151471776336, 0.01982151471776293}, 
   {-0.018235771789818243, 0.01982151471776336, 0., -0.019821514717763042}, 
   {-0.018235771789818285, -0.01982151471776293, 0.019821514717763042, 0.}}, 
  {{0., 0.01823577178981825, 0.018235771789818247, 0.01823577178981832}, 
   {-0.01823577178981825, 0., -0.01982151471776335, 0.019821514717763045}, 
   {-0.018235771789818247, 0.01982151471776335, 0., -0.01982151471776314}, 
   {-0.01823577178981832, -0.019821514717763045, 0.01982151471776314, 0.}}}, 
 {0, 0}, {{-1.5699407060102022, -1.5667821776846829}, 
  {-6.299153265969015, -1.573099234335722, -1.5764773986487857}, 
  {-1.573236563701669, -1.5700780353761496}, {{2, 0.004964725838279654}, 
   {3, 0.0038906429681626158}, {4, 0.0030492026705484475}}, 
  {{2, 0.3768157315398238}, {3, 0.15238428705912094}, 
   {4, 0.04347890909750973}}, {6.064863567811072*^-11, 0.99378358378362}}}
