{8, 20, {{{-0.5248725414302317, 0, -5.3370201551822835*^-6, 
    5.337023335597879*^-6}, {0, 0.9999628946848307, 1.8600764242229334*^-6, 
    1.8600826865333126*^-6}, {-5.337026895481677*^-6, 1.8600739018366622*^-6, 
    -4.815994463416157*^-7, 0.0003433478254315227}, 
   {5.33702371366518*^-6, 1.8600676383732814*^-6, 0.0003433478254303438, 
    -4.815994513063943*^-7}}, {{-0.5248725414302327, 5.337019115754027*^-6, 
    0, -5.337023709222573*^-6}, {5.337027934976377*^-6, 
    -4.81599447920214*^-7, 1.8600764159855718*^-6, 0.0003433478254299766}, 
   {0, 1.8600739100748368*^-6, 0.9999628946848325, 1.8600834367760285*^-6}, 
   {-5.3370233400315396*^-6, 0.0003433478254329447, 1.8600668881037517*^-6, 
    -4.815994475160235*^-7}}, {{-0.5248725414302311, -5.337027936951182*^-6, 
    5.33702689760802*^-6, 0}, {-5.33701911360399*^-6, -4.815994524270256*^-7, 
    0.0003433478254354547, 1.86008269020682*^-6}, 
   {5.337020152875843*^-6, 0.0003433478254291947, -4.815994534279611*^-7, 
    1.8600834393530517*^-6}, {0, 1.8600676350748131*^-6, 
    1.8600668858131913*^-6, 0.9999628946848328}}}, 
 {{{0., 0.0035023761995696422, 0.003502376199561055, 0.0035023761995566774}, 
   {-0.0035023761995696422, 0., -0.003711451862745196, 0.003711451862742392}, 
   {-0.003502376199561055, 0.003711451862745196, 0., -0.0037114518627511493}, 
   {-0.0035023761995566774, -0.003711451862742392, 0.0037114518627511493, 
    0.}}, {{0., 0.0035023761995558803, 0.0035023761995652053, 
    0.0035023761995662383}, {-0.0035023761995558803, 0., 
    -0.0037114518627448393, 0.0037114518627501935}, 
   {-0.0035023761995652053, 0.0037114518627448393, 0., 
    -0.0037114518627413932}, {-0.0035023761995662383, -0.0037114518627501935, 
    0.0037114518627413932, 0.}}}, {0, 0}, 
 {{-1.5745838649375572, -1.574571732350508}, {-0.787324961888803, 
   -0.39367891727419485, 0.000016436329793367843}, 
  {-1.5745963596542782, -1.574584227067229}, {{2, 1.8640682078957874*^-6}, 
   {3, 1.6201178575942637*^-6}, {4, 1.406714312899432*^-6}, 
   {5, 1.2223838137970927*^-6}, {6, 1.0617700213710023*^-6}, 
   {7, 9.229008143115877*^-7}}, {{2, 0.000207965702382967}, 
   {3, 0.00020825494033178984}, {4, 0.00020850496114299907}, 
   {5, 0.00020872269619773702}, {6, 0.00020891129714566042}, 
   {7, 0.00020907566318341086}}, {2.6137436633932527*^-15, 
   0.9997773887600364}}}
{8, 20, {{{-0.5248725414302317, 0, -5.3370201551822835*^-6, 
    5.337023335597879*^-6}, {0, 0.9999628946848307, 1.8600764242229334*^-6, 
    1.8600826865333126*^-6}, {-5.337026895481677*^-6, 1.8600739018366622*^-6, 
    -4.815994463416157*^-7, 0.0003433478254315227}, 
   {5.33702371366518*^-6, 1.8600676383732814*^-6, 0.0003433478254303438, 
    -4.815994513063943*^-7}}, {{-0.5248725414302327, 5.337019115754027*^-6, 
    0, -5.337023709222573*^-6}, {5.337027934976377*^-6, 
    -4.81599447920214*^-7, 1.8600764159855718*^-6, 0.0003433478254299766}, 
   {0, 1.8600739100748368*^-6, 0.9999628946848325, 1.8600834367760285*^-6}, 
   {-5.3370233400315396*^-6, 0.0003433478254329447, 1.8600668881037517*^-6, 
    -4.815994475160235*^-7}}, {{-0.5248725414302311, -5.337027936951182*^-6, 
    5.33702689760802*^-6, 0}, {-5.33701911360399*^-6, -4.815994524270256*^-7, 
    0.0003433478254354547, 1.86008269020682*^-6}, 
   {5.337020152875843*^-6, 0.0003433478254291947, -4.815994534279611*^-7, 
    1.8600834393530517*^-6}, {0, 1.8600676350748131*^-6, 
    1.8600668858131913*^-6, 0.9999628946848328}}}, 
 {{{0., 0.0035023761995696422, 0.003502376199561055, 0.0035023761995566774}, 
   {-0.0035023761995696422, 0., -0.003711451862745196, 0.003711451862742392}, 
   {-0.003502376199561055, 0.003711451862745196, 0., -0.0037114518627511493}, 
   {-0.0035023761995566774, -0.003711451862742392, 0.0037114518627511493, 
    0.}}, {{0., 0.0035023761995558803, 0.0035023761995652053, 
    0.0035023761995662383}, {-0.0035023761995558803, 0., 
    -0.0037114518627448393, 0.0037114518627501935}, 
   {-0.0035023761995652053, 0.0037114518627448393, 0., 
    -0.0037114518627413932}, {-0.0035023761995662383, -0.0037114518627501935, 
    0.0037114518627413932, 0.}}}, {0, 0}, 
 {{-1.5745838649375572, -1.574571732350508}, {-0.787324961888803, 
   -0.39367891727419485, 0.000016436329793367843}, 
  {-1.5745963596542782, -1.574584227067229}, {{2, 1.8640682078957874*^-6}, 
   {3, 1.6201178575942637*^-6}, {4, 1.406714312899432*^-6}, 
   {5, 1.2223838137970927*^-6}, {6, 1.0617700213710023*^-6}, 
   {7, 9.229008143115877*^-7}}, {{2, 0.000207965702382967}, 
   {3, 0.00020825494033178984}, {4, 0.00020850496114299907}, 
   {5, 0.00020872269619773702}, {6, 0.00020891129714566042}, 
   {7, 0.00020907566318341086}}, {2.6137436633932527*^-15, 
   0.9997773887600364}}}
