{6, 20, {{{-0.5245337872116399, 0, -0.0001896623035720358, 
    0.0001896623035717762}, {0, 0.9994715473696156, -0.00010809780124931832, 
    -0.00010809780124972788}, {-0.00018966230357190953, 
    -0.00010809780125034392, 0.00011200859887915658, 0.0015183405827704371}, 
   {0.0001896623035721748, -0.00010809780124954976, 0.0015183405827706462, 
    0.00011200859887549632}}, {{-0.5245337872116397, 0.0001896623035720661, 
    0, -0.00018966230357177232}, {0.0001896623035719599, 
    0.00011200859887849999, -0.00010809780125029503, 0.0015183405827704887}, 
   {0, -0.00010809780124919742, 0.999471547369617, -0.00010809780125007855}, 
   {-0.00018966230357217402, 0.0015183405827699822, -0.00010809780124920886, 
    0.00011200859887575002}}, {{-0.5245337872116411, -0.00018966230357212165, 
    0.00018966230357209373, 0}, {-0.00018966230357198656, 
    0.00011200859887773584, 0.0015183405827681271, -0.00010809780124933343}, 
   {0.00018966230357195745, 0.0015183405827704412, 0.00011200859887680603, 
    -0.0001080978012489656}, {0, -0.00010809780124959307, 
    -0.00010809780125003123, 0.999471547369619}}}, 
 {{{0, 0.01996573104754415, 0.019965731047544143, 0.019965731047544028}, 
   {-0.01996573104754415, 0, -0.010521894517278058, 0.01052189451727825}, 
   {-0.019965731047544143, 0.010521894517278058, 0, -0.010521894517278536}, 
   {-0.019965731047544028, -0.01052189451727825, 0.010521894517278536, 0}}, 
  {{0, 0.01996573104754417, 0.019965731047544073, 0.019965731047544073}, 
   {-0.01996573104754417, 0, -0.01052189451727761, 0.010521894517278302}, 
   {-0.019965731047544073, 0.01052189451727761, 0, -0.010521894517278172}, 
   {-0.019965731047544073, -0.010521894517278302, 0.010521894517278172, 0}}}, 
 {0, 0}, {{-1.567049346988059, -1.5601330148711388}, 
  {-6.2986009466841475, -1.5755653982554665, -1.5737350750866073}, 
  {-1.5723299586361, -1.5654136265191796}, {{2, 0.0028480087060623266}, 
   {3, 0.0006212697175203945}, {4, 0.000319060907901897}, 
   {5, 0.0003066986663579365}}, {{2, 0.009561884064560464}, 
   {3, 0.009463669261070696}, {4, 0.009442567005381323}, 
   {5, 0.00944383653026595}}, {1.3569494268012743*^-12, 0.9968334702000745}}}
