{3, 20, {{{-0.5248741578222954, 0, -4.612395026055907*^-6, 
    4.612395027726029*^-6}, {0, 0.9999692194251737, 1.435847284894293*^-6, 
    1.4358472843332421*^-6}, {-4.612395026795337*^-6, 1.4358472837110253*^-6, 
    1.0061994343973923*^-7, 0.00011765001106377288}, 
   {4.612395025921459*^-6, 1.4358472828881023*^-6, 0.00011765001106626581, 
    1.0061994176226163*^-7}}, {{-0.5248741578222955, 4.6123950265159376*^-6, 
    0, -4.612395027749746*^-6}, {4.61239502637383*^-6, 
    1.0061994183165057*^-7, 1.435847283723358*^-6, 0.0001176500110626317}, 
   {0, 1.4358472848570134*^-6, 0.9999692194251735, 1.435847283860886*^-6}, 
   {-4.612395025906596*^-6, 0.00011765001106717055, 1.4358472833459354*^-6, 
    1.0061993901966382*^-7}}, {{-0.5248741578222946, -4.61239502661715*^-6, 
    4.612395026174783*^-6, 0}, {-4.61239502610771*^-6, 
    1.0061994151246145*^-7, 0.00011765001106275955, 1.4358472832871632*^-6}, 
   {4.612395026529611*^-6, 0.00011765001106351847, 1.0061994135113217*^-7, 
    1.435847283878881*^-6}, {0, 1.4358472842558131*^-6, 
    1.435847283648299*^-6, 0.9999692194251755}}}, 
 {{{0., 0.0032283386490980608, 0.0032283386490976856, 0.0032283386490991354}, 
   {-0.0032283386490980608, 0., -0.003378361138692816, 0.003378361138689618}, 
   {-0.0032283386490976856, 0.003378361138692816, 0., 
    -0.0033783611386898867}, {-0.0032283386490991354, -0.003378361138689618, 
    0.0033783611386898867, 0.}}, 
  {{0., 0.003228338649098002, 0.003228338649097596, 0.003228338649099143}, 
   {-0.003228338649098002, 0., -0.003378361138692644, 0.0033783611386895883}, 
   {-0.003228338649097596, 0.003378361138692644, 0., -0.003378361138690481}, 
   {-0.003228338649099143, -0.0033783611386895883, 0.003378361138690481, 
    0.}}}, {0, 0}, {{-1.5745940889001906, -1.574582905607061}, 
  {-0.7873254193452227, -0.3936762481433373, 0.000013538470725937835}, 
  {-1.5746055320398935, -1.574594348746764}, {{2, 0.00005049167095260744}}, 
  {{2, 0.00015002248959256853}}, {1.486744828495663*^-15, 
   0.9998153307621188}}}
