{11, 32, {{{-0.5234013241774715, 0, -0.0009021427277293283, 
    0.0009021427277293407}, {0, 0.9952525955051251, 0.00018332281405645482, 
    0.00018332281405645547}, {-0.000902142727729317, 0.00018332281405651803, 
    -0.00004533628004367964, 0.00216687023218829}, 
   {0.0009021427277293198, 0.00018332281405641205, 0.0021668702321882413, 
    -0.00004533628004345196}}, {{-0.5234013241774715, 0.000902142727729348, 
    0, -0.0009021427277293454}, {0.0009021427277293062, 
    -0.00004533628004370349, 0.0001833228140565183, 0.002166870232188302}, 
   {0, 0.0001833228140564435, 0.9952525955051248, 0.00018332281405646878}, 
   {-0.0009021427277293174, 0.0021668702321882482, 0.00018332281405640923, 
    -0.0000453362800433843}}, {{-0.5234013241774716, -0.0009021427277293064, 
    0.0009021427277292951, 0}, {-0.0009021427277292452, 
    -0.000045336280043712165, 0.0021668702321883237, 0.0001833228140564197}, 
   {0.0009021427277292639, 0.0021668702321883467, -0.00004533628004371737, 
    0.0001833228140564173}, {0, 0.00018332281405644642, 
    0.00018332281405645352, 0.9952525955051251}}}, 
 {{{0., 0.020469623905105434, 0.02046962390510544, 0.02046962390510545}, 
   {-0.020469623905105434, 0., -0.02084311995759901, 0.020843119957598973}, 
   {-0.02046962390510544, 0.02084311995759901, 0., -0.020843119957598993}, 
   {-0.02046962390510545, -0.020843119957598973, 0.020843119957598993, 0.}}, 
  {{0., 0.02046962390510543, 0.020469623905105427, 0.020469623905105486}, 
   {-0.02046962390510543, 0., -0.02084311995759893, 0.020843119957599115}, 
   {-0.020469623905105427, 0.02084311995759893, 0., -0.020843119957599108}, 
   {-0.020469623905105486, -0.020843119957599115, 0.020843119957599108, 
    0.}}}, {0, 0}, {{-1.5547884442037723, -1.5455702927637502}, 
  {-6.2983168366751885, -1.5640065956437934, -1.5851518226938008}, 
  {-1.564090694481909, -1.554872543041887}, {{2, 0.009793745158407044}, 
   {3, 0.0038637395379881798}, {4, 0.0015271181829109443}, 
   {5, 0.0006040738871464779}, {6, 0.00023902995069705751}, 
   {7, 0.00009459599180129674}, {8, 0.000037438314967941366}, 
   {9, 0.000014817298613988006}, {10, 5.864424640233956*^-6}}, 
  {{2, 0.10169164555068985}, {3, 0.04194702977291407}, 
   {4, 0.02157375515735916}, {5, 0.013946631519742}, 
   {6, 0.010992273716509036}, {7, 0.009832829983549368}, 
   {8, 0.009375468246909534}, {9, 0.009194690072793006}, 
   {10, 0.009123178184051067}}, {8.199292281941986*^-11, 0.9718515084514274}}}
