{10, 28, {{{-0.5131292998977122, 0, -0.008053711203930947, 
    0.008053711203930905}, {0, 0.9620343874988269, 0.0015109425019851049, 
    0.0015109425019850823}, {-0.008053711203930902, 0.001510942501984928, 
    -0.00005083472817900888, 0.018107105828342115}, 
   {0.008053711203930895, 0.0015109425019849574, 0.018107105828342147, 
    -0.00005083472817902796}}, {{-0.5131292998977122, 0.008053711203930941, 
    0, -0.008053711203930902}, {0.00805371120393089, 
    -0.000050834728179013217, 0.0015109425019849206, 0.01810710582834213}, 
   {0, 0.0015109425019851066, 0.9620343874988269, 0.0015109425019850437}, 
   {-0.008053711203930888, 0.01810710582834213, 0.001510942501984974, 
    -0.00005083472817904444}}, {{-0.5131292998977122, -0.008053711203930896, 
    0.00805371120393089, 0}, {-0.008053711203930839, -0.00005083472817905138, 
    0.018107105828342185, 0.0015109425019850173}, 
   {0.008053711203930846, 0.018107105828342185, -0.0000508347281790722, 
    0.0015109425019850325}, {0, 0.0015109425019849613, 0.0015109425019849657, 
    0.9620343874988266}}}, 
 {{{0., 0.05815317389251984, 0.05815317389251981, 0.05815317389251985}, 
   {-0.05815317389251984, 0., -0.05911899241483111, 0.05911899241483083}, 
   {-0.05815317389251981, 0.05911899241483111, 0., -0.059118992414830866}, 
   {-0.05815317389251985, -0.05911899241483083, 0.059118992414830866, 0.}}, 
  {{0., 0.058153173892519824, 0.05815317389251981, 0.058153173892519956}, 
   {-0.058153173892519824, 0., -0.05911899241483092, 0.059118992414831165}, 
   {-0.05815317389251981, 0.05911899241483092, 0., -0.05911899241483117}, 
   {-0.058153173892519956, -0.059118992414831165, 0.05911899241483117, 0.}}}, 
 {0, 0}, {{-1.4205824938434508, -1.3500755175811885}, 
  {-6.289693365044163, -1.4910894701057131, -1.6537572124163682}, 
  {-1.4916749664687503, -1.421167990206488}, {{2, 0.028434916267920093}, 
   {3, 0.011918504390996176}, {4, 0.00509941138399643}, 
   {5, 0.0022029444837626533}, {6, 0.0009557950259895392}, 
   {7, 0.0004154828888881801}, {8, 0.00018076045777953853}, 
   {9, 0.0000786704472505173}}, {{2, 0.10495790867882551}, 
   {3, 0.04444356528382616}, {4, 0.022993252697691206}, 
   {5, 0.014411349454156445}, {6, 0.010807123820825779}, 
   {7, 0.009262169375120368}, {8, 0.008594087558361373}, 
   {9, 0.008304091227214976}}, {4.269353756575539*^-8, 0.7927633713291515}}}
