{7, 28, {{{-0.5246650672340878, 0, -0.00012847865852563684, 
    0.00012847865852565164}, {0, 0.9993043606493326, 0.000030085484688207424, 
    0.000030085484687953626}, {-0.000128478658525608, 
    0.000030085484687665878, -0.000011125000169325341, 
    0.0003120686187843526}, {0.0001284786585256373, 0.000030085484687874275, 
    0.0003120686187843443, -0.000011125000169511824}}, 
  {{-0.5246650672340877, 0.00012847865852566034, 0, -0.00012847865852565196}, 
   {0.00012847865852563413, -0.000011125000169396465, 0.00003008548468768298, 
    0.0003120686187843289}, {0, 0.000030085484688211408, 0.9993043606493326, 
    0.000030085484688025196}, {-0.00012847865852563952, 
    0.0003120686187844298, 0.000030085484687807705, 
    -0.000011125000169420751}}, 
  {{-0.524665067234088, -0.00012847865852560862, 0.00012847865852559453, 0}, 
   {-0.00012847865852557208, -0.00001112500016949361, 0.0003120686187843861, 
    0.000030085484687879168}, {0.00012847865852555083, 0.0003120686187842108, 
    -0.000011125000169531774, 0.00003008548468781099}, 
   {0, 0.00003008548468796053, 0.000030085484688026118, 0.999304360649333}}}, 
 {{{0., 0.007742250910417591, 0.0077422509104175825, 0.007742250910417593}, 
   {-0.007742250910417591, 0., -0.008009498317981516, 0.008009498317981319}, 
   {-0.0077422509104175825, 0.008009498317981516, 0., -0.008009498317981277}, 
   {-0.007742250910417593, -0.008009498317981319, 0.008009498317981277, 0.}}, 
  {{0., 0.0077422509104175825, 0.007742250910417572, 0.0077422509104176085}, 
   {-0.0077422509104175825, 0., -0.00800949831798151, 0.00800949831798135}, 
   {-0.007742250910417572, 0.00800949831798151, 0., -0.008009498317981338}, 
   {-0.0077422509104176085, -0.00800949831798135, 0.008009498317981338, 
    0.}}}, {0, 0}, {{-1.5717390988554982, -1.5703981016613187}, 
  {-6.298511451251641, -1.5730800960496771, -1.5761756295761433}, 
  {-1.5731032403540817, -1.571762243159902}, {{2, 0.0037043604724007993}, 
   {3, 0.0014516390608340507}, {4, 0.0005690014503573638}, 
   {5, 0.0002230568201930412}, {6, 0.00008744539162219497}}, 
  {{2, 0.10871821128748738}, {3, 0.04832674518035277}, 
   {4, 0.027814798750279358}, {5, 0.020188608982572992}, 
   {6, 0.017259025227676476}}, {2.640169970810116*^-13, 0.9958334158785072}}}
