{9, 28, {{{-0.519275588136898, 0, -0.0036555910008152642, 
    0.003655591000815275}, {0, 0.9817233295410461, 0.0007552626965174134, 
    0.0007552626965174006}, {-0.003655591000815232, 0.0007552626965173276, 
    -0.0001571530575364133, 0.00848200325859052}, 
   {0.0036555910008152642, 0.0007552626965173323, 0.008482003258590564, 
    -0.0001571530575363916}}, {{-0.519275588136898, 0.0036555910008152664, 0, 
    -0.003655591000815275}, {0.003655591000815241, -0.00015715305753645492, 
    0.0007552626965173399, 0.008482003258590574}, 
   {0, 0.0007552626965174195, 0.9817233295410464, 0.0007552626965173318}, 
   {-0.003655591000815265, 0.008482003258590505, 0.000755262696517403, 
    -0.00015715305753638553}}, {{-0.519275588136898, -0.003655591000815219, 
    0.0036555910008152313, 0}, {-0.0036555910008151987, 
    -0.00015715305753647747, 0.00848200325859048, 0.0007552626965173712}, 
   {0.0036555910008151996, 0.008482003258590583, -0.0001571530575364688, 
    0.0007552626965174258}, {0, 0.0007552626965173449, 0.0007552626965172872, 
    0.9817233295410464}}}, 
 {{{0., 0.04003332624389552, 0.040033326243895516, 0.04003332624389555}, 
   {-0.04003332624389552, 0., -0.0410206997158206, 0.04102069971582048}, 
   {-0.040033326243895516, 0.0410206997158206, 0., -0.04102069971582046}, 
   {-0.04003332624389555, -0.04102069971582048, 0.04102069971582046, 0.}}, 
  {{0., 0.04003332624389552, 0.04003332624389552, 0.040033326243895634}, 
   {-0.04003332624389552, 0., -0.04102069971582048, 0.0410206997158207}, 
   {-0.04003332624389552, 0.04102069971582048, 0., -0.04102069971582069}, 
   {-0.040033326243895634, -0.0410206997158207, 0.04102069971582069, 0.}}}, 
 {0, 0}, {{-1.499493002110668, -1.4648231245854644}, 
  {-6.296553696184462, -1.534162879635872, -1.6141139684563592}, 
  {-1.5345904248907267, -1.499920547365523}, {{2, 0.019368221317729764}, 
   {3, 0.00782478753723373}, {4, 0.0031878307573845743}, 
   {5, 0.0013036429111566161}, {6, 0.0005339735826310199}, 
   {7, 0.00021886238152468707}, {8, 0.00008973092996285292}}, 
  {{2, 0.10680119395931775}, {3, 0.04633687580268312}, 
   {4, 0.025410477302611773}, {5, 0.017374913299561288}, 
   {6, 0.014165520799548916}, {7, 0.012863483364212308}, 
   {8, 0.012331894006379022}}, {4.764511557507151*^-9, 0.8952300874336395}}}
