{9, 28, {{{-0.5229358921220912, 0, -0.0012109190751201438, 
    0.0012109190751201284}, {0, 0.9936342245557712, 0.0002676066487555933, 
    0.00026760664875564413}, {-0.0012109190751200993, 0.00026760664875564446, 
    -0.00008238598055834018, 0.00289346013758868}, 
   {0.0012109190751201356, 0.00026760664875558624, 0.002893460137588646, 
    -0.0000823859805582916}}, {{-0.5229358921220911, 0.0012109190751201375, 
    0, -0.001210919075120123}, {0.0012109190751200967, 
    -0.00008238598055837834, 0.0002676066487556378, 0.002893460137588736}, 
   {0, 0.0002676066487556003, 0.9936342245557712, 0.00026760664875558635}, 
   {-0.0012109190751201258, 0.0028934601375885855, 0.0002676066487556436, 
    -0.00008238598055826385}}, {{-0.5229358921220912, -0.001210919075120099, 
    0.0012109190751201037, 0}, {-0.001210919075120033, 
    -0.00008238598055831242, 0.0028934601375886202, 0.0002676066487555898}, 
   {0.0012109190751200432, 0.002893460137588655, -0.00008238598055840263, 
    0.0002676066487556328}, {0, 0.0002676066487556418, 0.0002676066487555753, 
    0.9936342245557712}}}, 
 {{{0., 0.023521733719361983, 0.02352173371936198, 0.023521733719361993}, 
   {-0.023521733719361983, 0., -0.024209665200732165, 0.024209665200732092}, 
   {-0.02352173371936198, 0.024209665200732165, 0., -0.02420966520073209}, 
   {-0.023521733719361993, -0.024209665200732092, 0.02420966520073209, 0.}}, 
  {{0., 0.02352173371936197, 0.02352173371936197, 0.023521733719362035}, 
   {-0.02352173371936197, 0., -0.024209665200732092, 0.02420966520073225}, 
   {-0.02352173371936197, 0.024209665200732092, 0., -0.024209665200732235}, 
   {-0.023521733719362035, -0.02420966520073225, 0.024209665200732235, 0.}}}, 
 {0, 0}, {{-1.5482585634896249, -1.5360363121244116}, 
  {-6.298283696846686, -1.5604808148548375, -1.5886610335685054}, 
  {-1.5606595446965161, -1.5484372933313029}, {{2, 0.011275599638088975}, 
   {3, 0.004460148792947281}, {4, 0.0017686800269870184}, 
   {5, 0.000702146665752218}, {6, 0.000278871270617341}, 
   {7, 0.0001107794642615928}, {8, 0.00004400950946110982}}, 
  {{2, 0.1080799263990139}, {3, 0.04766834373340138}, 
   {4, 0.02703462453518667}, {5, 0.01928870066791846}, 
   {6, 0.016278378586171212}, {7, 0.01509274190696264}, 
   {8, 0.01462331581459688}}, {2.01341222553134*^-10, 0.9624080591401727}}}
