{14, 32, {{{-0.5206337879681434, 0, -0.002499773895380374, 
    0.002499773895380371}, {0, 0.9877843610313513, 0.0001599234975154251, 
    0.0001599234975153943}, {-0.0024997738953803413, 0.00015992349751535115, 
    0.000262308127713288, 0.005933189028656973}, 
   {0.0024997738953803526, 0.00015992349751533684, 0.005933189028656973, 
    0.000262308127713151}}, {{-0.5206337879681432, 0.0024997738953803908, 0, 
    -0.002499773895380376}, {0.0024997738953803626, 0.00026230812771325853, 
    0.00015992349751536242, 0.0059331890286570006}, 
   {0, 0.0001599234975154212, 0.9877843610313514, 0.0001599234975153917}, 
   {-0.002499773895380362, 0.005933189028656993, 0.0001599234975153414, 
    0.00026230812771321776}}, {{-0.5206337879681432, -0.002499773895380337, 
    0.0024997738953803283, 0}, {-0.002499773895380292, 0.0002623081277132117, 
    0.005933189028656992, 0.00015992349751537023}, 
   {0.002499773895380294, 0.005933189028656992, 0.00026230812771319, 
    0.00015992349751536608}, {0, 0.0001599234975153466, 
    0.00015992349751536478, 0.9877843610313513}}}, 
 {{{0., 0.06958850478700274, 0.06958850478700272, 0.06958850478700299}, 
   {-0.06958850478700274, 0., -0.06539283041393329, 0.06539283041393298}, 
   {-0.06958850478700272, 0.06539283041393329, 0., -0.06539283041393294}, 
   {-0.06958850478700299, -0.06539283041393298, 0.06539283041393294, 0.}}, 
  {{0., 0.06958850478700274, 0.06958850478700276, 0.0695885047870031}, 
   {-0.06958850478700274, 0., -0.06539283041393305, 0.06539283041393334}, 
   {-0.06958850478700276, 0.06539283041393305, 0., -0.06539283041393334}, 
   {-0.0695885047870031, -0.06539283041393334, 0.06539283041393334, 0.}}}, 
 {0, 0}, {{-1.5211901729596544, -1.4850309251855032}, 
  {-6.298326153520028, -1.5573494207338054, -1.5918136560262086}, 
  {-1.5562593525558803, -1.520100104781729}, {{2, 0.012028593948380384}, 
   {3, 0.009519556817375666}, {4, 0.0075396266092832565}, 
   {5, 0.005976750393228404}, {6, 0.004741954670380494}, 
   {7, 0.003765257113175359}, {8, 0.0029918118743292935}, 
   {9, 0.0023786578831896943}, {10, 0.0018921082244447301}, 
   {11, 0.0015057018606259437}, {12, 0.0011986126311765433}, 
   {13, 0.000954417460816398}}, {{2, 0.6883348985950939}, 
   {3, 0.3812179614880482}, {4, 0.23230475197035594}, 
   {5, 0.1463010605535357}, {6, 0.09152348314179576}, 
   {7, 0.05441691356179433}, {8, 0.028213235181578117}, 
   {9, 0.009157444528922016}, {10, 0.004999773086802778}, 
   {11, 0.0156863997072363}, {12, 0.02385092636801273}, 
   {13, 0.030146317886207214}}, {7.819532925622607*^-8, 0.9289083692965604}}}
