{7, 28, {{{-0.5123885303420246, 0, -0.0059557824304839625, 
    0.005955782430483945}, {0, 0.975143883741456, -0.002404431571300184, 
    -0.0024044315713001724}, {-0.005955782430483916, -0.0024044315713002825, 
    0.003670252654458121, 0.014616101029453514}, 
   {0.005955782430483942, -0.0024044315713002756, 0.014616101029453552, 
    0.0036702526544581315}}, {{-0.5123885303420246, 0.005955782430483963, 0, 
    -0.00595578243048394}, {0.005955782430483921, 0.003670252654458102, 
    -0.0024044315713002747, 0.014616101029453536}, 
   {0, -0.002404431571300174, 0.9751438837414561, -0.00240443157130022}, 
   {-0.00595578243048394, 0.014616101029453493, -0.002404431571300257, 
    0.003670252654458167}}, {{-0.5123885303420245, -0.00595578243048394, 
    0.0059557824304839226, 0}, {-0.00595578243048392, 0.003670252654458063, 
    0.014616101029453526, -0.0024044315713002344}, 
   {0.005955782430483909, 0.01461610102945355, 0.003670252654458084, 
    -0.0024044315713002036}, {0, -0.002404431571300279, 
    -0.0024044315713003086, 0.9751438837414562}}}, 
 {{{0., 0.0598182989711827, 0.05981829897118271, 0.059818298971182744}, 
   {-0.0598182989711827, 0., -0.04174101243777711, 0.041741012437776906}, 
   {-0.05981829897118271, 0.04174101243777711, 0., -0.041741012437776906}, 
   {-0.059818298971182744, -0.041741012437776906, 0.041741012437776906, 0.}}, 
  {{0., 0.059818298971182696, 0.05981829897118271, 0.059818298971182855}, 
   {-0.059818298971182696, 0., -0.04174101243777699, 0.04174101243777712}, 
   {-0.05981829897118271, 0.04174101243777699, 0., -0.04174101243777714}, 
   {-0.059818298971182855, -0.04174101243777712, 0.04174101243777714, 0.}}}, 
 {0, 0}, {{-1.4475273112380536, -1.3853623114137923}, 
  {-6.2942982945357455, -1.5096923110623135, -1.6374568362055593}, 
  {-1.500299077440662, -1.4381340776164007}, {{2, 0.015347640920884933}, 
   {3, 0.00638683008557539}, {4, 0.002686310024817354}, 
   {5, 0.001135170678998848}, {6, 0.00048066626657020106}}, 
  {{2, 0.12217648087216515}, {3, 0.14022599396771893}, 
   {4, 0.14712866306698197}, {5, 0.1499333929519891}, 
   {6, 0.15110164317874014}}, {5.289052435392908*^-9, 0.8598292337796624}}}
