{6, 28, {{{-0.5195739433168347, 0, -0.002333922403206314, 
    0.002333922403206335}, {0, 0.9895658768925061, -0.0010280265757239239, 
    -0.0010280265757237526}, {-0.002333922403206295, -0.0010280265757237187, 
    0.001530009149854403, 0.006126149801914635}, 
   {0.0023339224032063186, -0.0010280265757238644, 0.006126149801914527, 
    0.0015300091498543786}}, {{-0.5195739433168346, 0.00233392240320632, 0, 
    -0.0023339224032063333}, {0.002333922403206291, 0.0015300091498543621, 
    -0.0010280265757237215, 0.00612614980191465}, 
   {0, -0.001028026575723907, 0.9895658768925062, -0.0010280265757237745}, 
   {-0.002333922403206322, 0.006126149801914504, -0.0010280265757238454, 
    0.0015300091498544055}}, {{-0.5195739433168347, -0.002333922403206279, 
    0.0023339224032062757, 0}, {-0.0023339224032062613, 
    0.0015300091498543014, 0.006126149801914543, -0.0010280265757238363}, 
   {0.0023339224032062717, 0.006126149801914599, 0.001530009149854239, 
    -0.0010280265757238237}, {0, -0.0010280265757237953, 
    -0.0010280265757238176, 0.9895658768925065}}}, 
 {{{0., 0.038905255560021355, 0.038905255560021355, 0.038905255560021404}, 
   {-0.038905255560021355, 0., -0.026970726470376363, 0.0269707264703763}, 
   {-0.038905255560021355, 0.026970726470376363, 0., -0.026970726470376294}, 
   {-0.038905255560021404, -0.0269707264703763, 0.026970726470376294, 0.}}, 
  {{0., 0.03890525556002135, 0.038905255560021355, 0.03890525556002147}, 
   {-0.03890525556002135, 0., -0.026970726470376273, 0.026970726470376478}, 
   {-0.038905255560021355, 0.026970726470376273, 0., -0.026970726470376478}, 
   {-0.03890525556002147, -0.026970726470376478, 0.026970726470376478, 0.}}}, 
 {0, 0}, {{-1.520044439492471, -1.4930900877679074}, 
  {-6.298101294595951, -1.546998791217034, -1.6020518560809416}, 
  {-1.5428645490674997, -1.515910197342936}, {{2, 0.012159207156076456}, 
   {3, 0.004871997862340521}, {4, 0.0019616406511313023}, 
   {5, 0.0007914718270356641}}, {{2, 0.11812568661327227}, 
   {3, 0.1415373325228002}, {4, 0.15006854433592426}, 
   {5, 0.15337939460689226}}, {3.8490705140008814*^-10, 0.9390057828301012}}}
