{6, 28, {{{-0.5235200519008254, 0, -0.0005500497879438895, 
    0.0005500497879438736}, {0, 0.9974140851438307, -0.00028084068778213097, 
    -0.0002808406877821455}, {-0.0005500497879438672, 
    -0.00028084068778205936, 0.0004038367392984448, 0.0015368211478513365}, 
   {0.0005500497879438943, -0.0002808406877821071, 0.001536821147851213, 
    0.0004038367392985385}}, {{-0.5235200519008253, 0.0005500497879438865, 0, 
    -0.0005500497879438718}, {0.0005500497879438486, 0.0004038367392984101, 
    -0.00028084068778205296, 0.0015368211478513365}, 
   {0, -0.00028084068778212826, 0.9974140851438309, -0.0002808406877821423}, 
   {-0.0005500497879438982, 0.0015368211478511869, -0.0002808406877821068, 
    0.0004038367392985298}}, {{-0.5235200519008254, -0.0005500497879438438, 
    0.0005500497879438557, 0}, {-0.0005500497879438095, 
    0.00040383673929836415, 0.001536821147851254, -0.0002808406877820952}, 
   {0.0005500497879438282, 0.0015368211478512437, 0.0004038367392982245, 
    -0.00028084068778209476}, {0, -0.0002808406877821666, 
    -0.0002808406877821485, 0.9974140851438311}}}, 
 {{{0., 0.019653476798824978, 0.019653476798824978, 0.019653476798825023}, 
   {-0.019653476798824978, 0., -0.013272265708225227, 0.013272265708225208}, 
   {-0.019653476798824978, 0.013272265708225227, 0., -0.013272265708225227}, 
   {-0.019653476798825023, -0.013272265708225208, 0.013272265708225227, 0.}}, 
  {{0., 0.019653476798824978, 0.019653476798824978, 0.01965347679882505}, 
   {-0.019653476798824978, 0., -0.013272265708225133, 0.013272265708225317}, 
   {-0.019653476798824978, 0.013272265708225133, 0., -0.013272265708225314}, 
   {-0.01965347679882505, -0.013272265708225317, 0.013272265708225314, 0.}}}, 
 {0, 0}, {{-1.5608494342419956, -1.5540412701698074}, 
  {-6.298254838204738, -1.5676575983141836, -1.5814698207881852}, 
  {-1.5665523401319097, -1.5597441760597215}, {{2, 0.013815748043602943}, 
   {3, 0.005477220753245318}, {4, 0.00216401442563937}, 
   {5, 0.0008539508890681585}}, {{2, 0.22099539809286167}, 
   {3, 0.18594176997735504}, {4, 0.16938789491832687}, 
   {5, 0.1623430590912359}}, {5.466009794618617*^-12, 0.984584470029714}}}
