{65, 40, {{{-0.49147770747776165, 0, -0.02002180049297609, 
    0.020021800492975972}, {0, 0.9167108117083665, -0.0022175538597661547, 
    -0.0022175538597661634}, {-0.02002180049297602, -0.0022175538597662805, 
    0.006553776599631744, 0.04464982939862326}, {0.020021800492975972, 
    -0.00221755385976629, 0.04464982939862328, 0.006553776599631923}}, 
  {{-0.49147770747776176, 0.020021800492976072, 0, -0.020021800492975972}, 
   {0.02002180049297601, 0.006553776599631766, -0.0022175538597662995, 
    0.04464982939862329}, {0, -0.002217553859766145, 0.9167108117083665, 
    -0.002217553859766182}, {-0.020021800492975972, 0.044649829398623275, 
    -0.0022175538597662683, 0.006553776599631911}}, 
  {{-0.49147770747776176, -0.020021800492975916, 0.020021800492975923, 0}, 
   {-0.020021800492975965, 0.006553776599631704, 0.044649829398623275, 
    -0.0022175538597662154}, {0.020021800492975965, 0.04464982939862329, 
    0.0065537765996317165, -0.0022175538597661725}, 
   {0, -0.00221755385976637, -0.0022175538597663997, 0.9167108117083664}}}, 
 {{{0., 0.19695045687249496, 0.1969504568724949, 0.19695045687249557}, 
   {-0.19695045687249496, 0., -0.16564036218044464, 0.16564036218044398}, 
   {-0.1969504568724949, 0.16564036218044464, 0., -0.16564036218044403}, 
   {-0.19695045687249557, -0.16564036218044398, 0.16564036218044403, 0.}}, 
  {{0., 0.19695045687249493, 0.19695045687249488, 0.19695045687249582}, 
   {-0.19695045687249493, 0., -0.1656403621804442, 0.16564036218044473}, 
   {-0.19695045687249488, 0.1656403621804442, 0., -0.16564036218044476}, 
   {-0.19695045687249582, -0.16564036218044473, 0.16564036218044476, 0.}}}, 
 {0, 0}, {{-1.249675185221051, -1.0313531385797294}, 
  {-6.2525102930618734, -1.467997231862372, -1.6582579146685648}, 
  {-1.4506434159275163, -1.2323213692861947}, {{2, 0.024378999526559426}, 
   {3, 0.020264641349727754}, {4, 0.016951419807342827}, 
   {5, 0.014275134356752983}, {6, 0.012098292757858925}, 
   {7, 0.010313063707703227}, {8, 0.008836842966439579}, 
   {9, 0.007606590162191368}, {10, 0.0065739665179021245}, 
   {11, 0.0057016020594699846}, {12, 0.004960334250175336}, 
   {13, 0.004327184973628578}, {14, 0.003783876680103493}, 
   {15, 0.0033157377716056813}, {16, 0.0029108889200205046}, 
   {17, 0.002559633060175759}, {18, 0.0022539940298686445}, 
   {19, 0.001987364530986191}, {20, 0.0017542351470637152}, 
   {21, 0.001549983962261997}, {22, 0.001370711866993557}, 
   {23, 0.0012131125899598472}, {24, 0.0010743693386017217}, 
   {25, 0.0009520719877919581}, {26, 0.0008441502577222759}, 
   {27, 0.0007488194252503466}, {28, 0.0006645359299818354}, 
   {29, 0.0005899608458087569}, {30, 0.0005239296465029131}, 
   {31, 0.0004654270403609828}, {32, 0.00041356591272292964}, 
   {33, 0.00036756961743200645}, {34, 0.00032675701432277604}, 
   {35, 0.00029052977091009735}, {36, 0.000258361540990959}, 
   {37, 0.00022978870709522425}, {38, 0.00020440243233349475}, 
   {39, 0.00018184181371447283}, {40, 0.00016178796614202406}, 
   {41, 0.00014395889608720402}, {42, 0.0001281050479592094}, 
   {43, 0.00011400542566053495}, {44, 0.00010146420767062625}, 
   {45, 0.00009030778697824426}, {46, 0.00008038217784583912}, 
   {47, 0.00007155074021109042}, {48, 0.00006369217983892561}, 
   {49, 0.0000566987884377812}, {50, 0.00005047489305701203}, 
   {51, 0.000044935488376113275}, {52, 0.000040005029115802726}, 
   {53, 0.00003561636287546799}, {54, 0.000031709786309286336}, 
   {55, 0.00002823220978495633}, {56, 0.000025136417578702774}, 
   {57, 0.000022380412298544927}, {58, 0.000019926833647709863}, 
   {59, 0.000017742442854629115}, {60, 0.000015797665163713726}, 
   {61, 0.000014066183695482515}, {62, 0.000012524578788641882}, 
   {63, 0.000011152007635739647}, {64, 9.929919634860118*^-6}}, 
  {{2, 0.8732766182736917}, {3, 0.5000512436155784}, {4, 0.3191747451210122}, 
   {5, 0.21390133220960572}, {6, 0.14585663401811277}, 
   {7, 0.09877048576066741}, {8, 0.06458717624122413}, 
   {9, 0.03887409217314059}, {10, 0.01899729129269488}, 
   {11, 0.003297058884254394}, {12, 0.009322039646564135}, 
   {13, 0.0196107014537217}, {14, 0.02809965197038164}, 
   {15, 0.03517408415669933}, {16, 0.04111991336849453}, 
   {17, 0.04615352738754799}, {18, 0.050441496694915766}, 
   {19, 0.05411397418351741}, {20, 0.057274013417642336}, 
   {21, 0.060004180013597065}, {22, 0.062371327355819045}, 
   {23, 0.06443010245830304}, {24, 0.06622555753686246}, 
   {25, 0.06779512151849626}, {26, 0.06917010665818803}, 
   {27, 0.07037687292330318}, {28, 0.07143773731002326}, 
   {29, 0.07237169087391578}, {30, 0.07319496926001715}, 
   {31, 0.07392151050804964}, {32, 0.07456332531567184}, 
   {33, 0.07513079872322889}, {34, 0.0756329376332242}, 
   {35, 0.0760775752152353}, {36, 0.0764715407389174}, 
   {37, 0.07682080149050521}, {38, 0.07713058199645695}, 
   {39, 0.07740546468317838}, {40, 0.07764947525862137}, 
   {41, 0.07786615544758985}, {42, 0.07805862520198659}, 
   {43, 0.07822963610599659}, {44, 0.07838161737897366}, 
   {45, 0.07851671562648185}, {46, 0.0786368292881166}, 
   {47, 0.07874363856836955}, {48, 0.07883863150549558}, 
   {49, 0.07892312672656485}, {50, 0.07899829334963045}, 
   {51, 0.07906516842225825}, {52, 0.0791246722265044}, 
   {53, 0.07917762173134867}, {54, 0.07922474243270854}, 
   {55, 0.07926667878692628}, {56, 0.07930400341485946}, 
   {57, 0.07933722522941598}, {58, 0.07936679661879162}, 
   {59, 0.07939311980016153}, {60, 0.07941655244362701}, 
   {61, 0.0794374126534067}, {62, 0.07945598338225754}, 
   {63, 0.07947251634561638}, {64, 0.07948723549374856}}, 
  {0.00002065366024827513, 0.5934636465089546}}}
