{15, 35, {{{-0.5236068703186358, 0, -0.000756836294458178, 
    0.0007568362944581197}, {0, 0.9946257635800448, 0.00010141443983754722, 
    0.00010141443983758928}, {-0.0007568362944581187, 0.00010141443983747306, 
    -0.005120691429392403, -0.022773130420245605}, 
   {0.000756836294458101, 0.00010141443983779398, -0.022773130420245726, 
    -0.0051206914293916925}}, {{-0.523606870318636, 0.000756836294458118, 0, 
    -0.0007568362944581113}, {0.0007568362944581726, -0.005120691429392435, 
    0.00010141443983745571, -0.02277313042024576}, 
   {0, 0.00010141443983755589, 0.9946257635800448, 0.0001014144398378033}, 
   {-0.0007568362944581158, -0.02277313042024557, 0.00010141443983759818, 
    -0.005120691429391866}}, {{-0.5236068703186361, -0.0007568362944581888, 
    0.0007568362944582356, 0}, {-0.0007568362944582308, 
    -0.0051206914293930985, -0.022773130420244758, 0.00010141443983802123}, 
   {0.0007568362944581815, -0.022773130420245282, -0.005120691429392976, 
    0.00010141443983780819}, {0, 0.00010141443983781523, 
    0.0001014144398380266, 0.9946257635800454}}}, 
 {{{0., 0.03729060965617008, 0.037290609656170065, 0.03729060965617011}, 
   {-0.03729060965617008, 0., -0.03951104998684457, 0.039511049986844356}, 
   {-0.037290609656170065, 0.03951104998684457, 0., -0.03951104998684435}, 
   {-0.03729060965617011, -0.039511049986844356, 0.03951104998684435, 0.}}, 
  {{0., 0.03729060965617005, 0.037290609656170086, 0.037290609656170086}, 
   {-0.03729060965617005, 0., -0.039511049986844606, 0.039511049986844356}, 
   {-0.037290609656170086, 0.039511049986844606, 0., -0.03951104998684439}, 
   {-0.037290609656170086, -0.039511049986844356, 0.03951104998684439, 0.}}}, 
 {0, 0}, {{-1.5608578099868713, -0.7770612816930231, -0.0033676233004125145, 
   -1.5574901866864588, -0.7905317748946771}, {-1.5029742699622786, 
   0.03823044730982664}, {{2, 0.009254001356297822}, 
   {3, 0.003336623483237544}, {4, 0.0012181872935691368}, 
   {5, 0.00044667371369486175}, {6, 0.00016405580098756423}, 
   {7, 0.000060292569584452504}, {8, 0.000022163392439031315}, 
   {9, 8.147898581722934*^-6}, {10, 2.995494888975714*^-6}, 
   {11, 1.1012769491128283*^-6}, {12, 4.048800270189945*^-7}, 
   {13, 1.4885273952325306*^-7}, {14, 5.4725225767660035*^-8}}, 
  {{2, 0.030000832692282882}, {3, 0.029872097168919677}, 
   {4, 0.02981097523051059}, {5, 0.029786678168060077}, 
   {6, 0.02977750312446552}, {7, 0.02977409741294837}, 
   {8, 0.029772840926905526}, {9, 0.02977237839133317}, 
   {10, 0.029772208261531}, {11, 0.029772145703024628}, 
   {12, 0.029772122702123677}, {13, 0.029772114245716245}, 
   {14, 0.02977211113671782}}, {3.804621221463388*^-9, 0.9681847258040118}}}
