{68, 32, {{{-0.0037944177020811315, 0, -0.0010539852127702217, 
    0.001053985212770218}, {0, 0.005791640314556418, 0.000055438896344069565, 
    0.00005543889634408463}, {-0.0010539852127702315, 0.00005543889634408007, 
    -0.0009984755232478083, 0.0036833451035829957}, 
   {0.0010539852127702198, 0.00005543889634406182, 0.0036833451035829944, 
    -0.0009984755232477717}}, {{-0.0037944177020811185, 
    0.0010539852127702206, 0, -0.0010539852127702132}, 
   {0.0010539852127702254, -0.0009984755232478044, 0.000055438896344089765, 
    0.0036833451035829736}, {0, 0.00005543889634405561, 
    0.0057916403145564285, 0.00005543889634408475}, 
   {-0.0010539852127702204, 0.003683345103582995, 0.000055438896344036985, 
    -0.0009984755232477559}}, {{-0.0037944177020813393, 
    -0.0010539852127702805, 0.001053985212770283, 0}, 
   {-0.0010539852127702698, -0.0009984755232478138, 0.003683345103583177, 
    0.00005543889634408608}, {0.00105398521277027, 0.003683345103583191, 
    -0.0009984755232478235, 0.00005543889634407708}, 
   {0, 0.00005543889634405941, 0.000055438896344070385, 
    0.005791640314556753}}}, 
 {{{0., 0.577335875976434, 0.577335875976434, 0.5773358759764351}, 
   {-0.577335875976434, 0., -0.5773293595510921, 0.5773293595510911}, 
   {-0.577335875976434, 0.5773293595510921, 0., -0.5773293595510911}, 
   {-0.5773358759764351, -0.5773293595510911, 0.5773293595510911, 0.}}, 
  {{0., 0.5773358759764329, 0.5773358759764329, 0.5773358759764351}, 
   {-0.5773358759764329, 0., -0.5773293595510935, 0.5773293595510912}, 
   {-0.5773358759764329, 0.5773293595510935, 0., -0.5773293595510913}, 
   {-0.5773358759764351, -0.5773293595510912, 0.5773293595510913, 0.}}}, 
 {0, 0}, {{-0.20003601259725595, 0.5999440435815182}, 
  {-5.60001329871547, -1.0000160687760302, -1.7999905805817047}, 
  {-1.00001155406412, -0.2000314978853458}, {{2, 0.03584782946572041}, 
   {3, 0.030867942113752836}, {4, 0.02691657571258034}, 
   {5, 0.02375698022020828}, {6, 0.021200044907426552}, 
   {7, 0.019104779360495927}, {8, 0.017366835201878345}, 
   {9, 0.015908873308461413}, {10, 0.014673331313686033}, 
   {11, 0.01361704114567891}, {12, 0.012707310494952662}, 
   {13, 0.011919117869634899}, {14, 0.011233116511549679}, 
   {15, 0.010634210968892499}, {16, 0.010110535971348644}, 
   {17, 0.010018674009017237}, {18, 0.010128032222468386}, 
   {19, 0.010264491852282176}, {20, 0.010433249351126106}, 
   {21, 0.010640183634294198}, {22, 0.010892164055252729}, 
   {23, 0.011197428661706033}, {24, 0.01156607315062963}, 
   {25, 0.012010707016529953}, {26, 0.012547360317419542}, 
   {27, 0.01319676916703294}, {28, 0.013986243136675958}, 
   {29, 0.014952446801886787}, {30, 0.016145655739582265}, 
   {31, 0.017636459209319888}, {32, 0.019526581626016504}, 
   {33, 0.02196557813323785}, {34, 0.025155455038043173}, 
   {35, 0.02976914854652668}, {36, 0.033147057365838284}, 
   {37, 0.03673702242614629}, {38, 0.03916463261068437}, 
   {39, 0.04054579243960277}, {40, 0.040406741729971773}, 
   {41, 0.0389566497748321}, {42, 0.03644054013628545}, 
   {43, 0.03329554205328758}, {44, 0.029871520898469034}, 
   {45, 0.02645006170422609}, {46, 0.02319862374957085}, 
   {47, 0.020212159480979458}, {48, 0.017527222631919664}, 
   {49, 0.01514894707002043}, {50, 0.013062655305342938}, 
   {51, 0.011245005374869513}, {52, 0.009668717328202556}, 
   {53, 0.008306282552727348}, {54, 0.0071314005890180734}, 
   {55, 0.0061199534202422}, {56, 0.005250239046786127}, 
   {57, 0.0045030478576299285}, {58, 0.0038615193557991513}, 
   {59, 0.003310964461258205}, {60, 0.0028386391567813557}, 
   {61, 0.002433526780011061}, {62, 0.0020861245210265188}, 
   {63, 0.001788250362505595}, {64, 0.0015328676293707311}, 
   {65, 0.0013139303913379738}, {66, 0.0011262471952830297}, 
   {67, 0.0009653625219766711}}, {{2, 0.6840608524858057}, 
   {3, 0.35541561078424566}, {4, 0.1975537982079923}, 
   {5, 0.10636290689944697}, {6, 0.047868753555912025}, 
   {7, 0.007740244095715731}, {8, 0.021089068507076973}, 
   {9, 0.04249345286414059}, {10, 0.058767599696209594}, 
   {11, 0.07135314231910511}, {12, 0.08119882404951867}, 
   {13, 0.08895277771600248}, {14, 0.095071442582526}, 
   {15, 0.0998843251973236}, {16, 0.10363408683167563}, 
   {17, 0.10650220580463524}, {18, 0.1086258690273398}, 
   {19, 0.11010934062556471}, {20, 0.11103173701126447}, 
   {21, 0.11145238560177875}, {22, 0.1114144983716924}, 
   {23, 0.11094761575716375}, {24, 0.11006909684383018}, 
   {25, 0.10878480521060346}, {26, 0.10708903887878492}, 
   {27, 0.10496365689705439}, {28, 0.10237624400434944}, 
   {29, 0.09927700243338211}, {30, 0.0955938251420055}, 
   {31, 0.0912246198608791}, {32, 0.08602536712061065}, 
   {33, 0.07979267164029112}, {34, 0.07225970300338815}, 
   {35, 0.06272790947328666}, {36, 0.053217800251110815}, 
   {37, 0.043657641464388476}, {38, 0.03488844863285029}, 
   {39, 0.027152484167219812}, {40, 0.020745725768530187}, 
   {41, 0.01564349611309874}, {42, 0.011712487413535849}, 
   {43, 0.008730861256377481}, {44, 0.006491311223581982}, 
   {45, 0.004815704811530555}, {46, 0.0035662143640632035}, 
   {47, 0.0026365916916352068}, {48, 0.0019466429943931062}, 
   {49, 0.001435591223628826}, {50, 0.0010577468000465325}, 
   {51, 0.0007787901522931381}, {52, 0.0005730880173155759}, 
   {53, 0.0004215409853904329}, {54, 0.0003099715931262323}, 
   {55, 0.00022787742266847555}, {56, 0.0001674960827172405}, 
   {57, 0.00012309809462031734}, {58, 0.00009045992701089677}, 
   {59, 0.00006647068847020065}, {60, 0.00004884064124491815}, 
   {61, 0.000035885229064661796}, {62, 0.000026365604755914914}, 
   {63, 0.00001937093778406143}, {64, 0.000014231702924903908}, 
   {65, 0.000010455821729184044}, {66, 7.681673711700197*^-6}, 
   {67, 5.643530580213636*^-6}}, {0.037028989642065975, 
   3.7740660368374*^-14}}}
