{9, 32, {{{-0.5192574048231268, 0, -0.0036670612168697918, 
    0.0036670612168697844}, {0, 0.981730232972847, 0.0007428668102183959, 
    0.0007428668102184165}, {-0.0036670612168697575, 0.00074286681021838, 
    -0.00014321260831269686, 0.008489178468969155}, 
   {0.0036670612168697744, 0.0007428668102183096, 0.008489178468969166, 
    -0.00014321260831261923}}, {{-0.5192574048231268, 0.003667061216869792, 
    0, -0.003667061216869786}, {0.0036670612168697545, 
    -0.00014321260831268385, 0.0007428668102183633, 0.008489178468969193}, 
   {0, 0.0007428668102183904, 0.981730232972847, 0.0007428668102183882}, 
   {-0.0036670612168697735, 0.008489178468969155, 0.0007428668102183589, 
    -0.00014321260831268168}}, {{-0.5192574048231268, -0.0036670612168697558, 
    0.0036670612168697575, 0}, {-0.003667061216869721, 
    -0.00014321260831275107, 0.008489178468969176, 0.0007428668102183638}, 
   {0.0036670612168697245, 0.008489178468969242, -0.00014321260831270943, 
    0.0007428668102183922}, {0, 0.0007428668102183651, 0.0007428668102183516, 
    0.981730232972847}}}, 
 {{{0., 0.04008489933972971, 0.04008489933972971, 0.040084899339729745}, 
   {-0.04008489933972971, 0., -0.040988749449059454, 0.04098874944905924}, 
   {-0.04008489933972971, 0.040988749449059454, 0., -0.04098874944905924}, 
   {-0.040084899339729745, -0.04098874944905924, 0.04098874944905924, 0.}}, 
  {{0., 0.040084899339729696, 0.04008489933972971, 0.040084899339729814}, 
   {-0.040084899339729696, 0., -0.04098874944905931, 0.04098874944905949}, 
   {-0.04008489933972971, 0.04098874944905931, 0., -0.04098874944905948}, 
   {-0.040084899339729814, -0.04098874944905949, 0.04098874944905948, 0.}}}, 
 {0, 0}, {{-1.4994179353585333, -1.464703394222184}, 
  {-6.2964903638879175, -1.5341324764948814, -1.6141127054490774}, 
  {-1.5345238550728277, -1.4998093139364785}, {{2, 0.019392859996457415}, 
   {3, 0.007835586457130603}, {4, 0.0031926439620120622}, 
   {5, 0.0013057942696218516}, {6, 0.0005349322589010552}, 
   {7, 0.0002192875248938353}, {8, 0.00008991851847203747}}, 
  {{2, 0.10554770927790214}, {3, 0.045211699603399935}, 
   {4, 0.024328283063791777}, {5, 0.016308367774654487}, 
   {6, 0.013104816287173502}, {7, 0.01180496864228718}, 
   {8, 0.011274197069441015}}, {4.742288927546742*^-9, 0.8952678593902554}}}
