{7, 32, {{{-0.5246596246683872, 0, -0.00012860879187852914, 
    0.00012860879187852524}, {0, 0.9993047136094533, 0.000029613509251146653, 
    0.000029613509251102363}, {-0.00012860879187850016, 
    0.000029613509251213047, -0.000010602056948463487, 
    0.0003123437221812881}, {0.0001286087918785501, 0.00002961350925103593, 
    0.0003123437221812492, -0.000010602056948313433}}, 
  {{-0.5246596246683873, 0.00012860879187855332, 0, -0.0001286087918785316}, 
   {0.00012860879187851775, -0.000010602056948359837, 
    0.000029613509251203953, 0.00031234372218122983}, 
   {0, 0.000029613509251154764, 0.999304713609453, 0.000029613509251117955}, 
   {-0.00012860879187855155, 0.0003123437221812215, 0.000029613509251025985, 
    -0.000010602056948610938}}, 
  {{-0.5246596246683877, -0.0001286087918785315, 0.00012860879187851355, 0}, 
   {-0.0001286087918784723, -0.000010602056948723695, 0.00031234372218126436, 
    0.000029613509251035712}, {0.00012860879187845577, 
    0.00031234372218132665, -0.000010602056948499916, 
    0.000029613509251028187}, {0, 0.000029613509251100398, 
    0.00002961350925111818, 0.9993047136094535}}}, 
 {{{0., 0.007752209006314244, 0.0077522090063142455, 0.007752209006314251}, 
   {-0.007752209006314244, 0., -0.008002708492432148, 0.008002708492432203}, 
   {-0.0077522090063142455, 0.008002708492432148, 0., -0.008002708492432228}, 
   {-0.007752209006314251, -0.008002708492432203, 0.008002708492432228, 0.}}, 
  {{0., 0.0077522090063142455, 0.007752209006314234, 0.007752209006314268}, 
   {-0.0077522090063142455, 0., -0.008002708492432191, 0.008002708492432278}, 
   {-0.007752209006314234, 0.008002708492432191, 0., -0.00800270849243227}, 
   {-0.007752209006314268, -0.008002708492432278, 0.00800270849243227, 0.}}}, 
 {0, 0}, {{-1.5717220761615098, -1.5703793541745266}, 
  {-6.298452170493807, -1.573064798148491, -1.5761612870984123}, 
  {-1.573086492040354, -1.5717437700533707}, {{2, 0.0037092141848667926}, 
   {3, 0.0014536227023653342}, {4, 0.0005698112546226354}, 
   {5, 0.00022338698386510994}, {6, 0.00008757981808142461}}, 
  {{2, 0.10743231287102946}, {3, 0.04716329110732233}, 
   {4, 0.0266921085076535}, {5, 0.019080708089007255}, 
   {6, 0.016156651988738783}}, {2.6267696220324367*^-13, 0.9958355262853463}}}
