{9, 32, {{{-0.5229263659093036, 0, -0.0012131479082655, 
    0.0012131479082654884}, {0, 0.9936372331495503, 0.0002633039066355971, 
    0.00026330390663561673}, {-0.001213147908265453, 0.0002633039066356707, 
    -0.00007760500685499196, 0.0028959428371267124}, 
   {0.0012131479082654693, 0.00026330390663556534, 0.0028959428371266496, 
    -0.00007760500685486098}}, {{-0.5229263659093035, 0.001213147908265494, 
    0, -0.001213147908265491}, {0.0012131479082654558, 
    -0.00007760500685496767, 0.000263303906635672, 0.0028959428371266903}, 
   {0, 0.0002633039066355881, 0.9936372331495502, 0.00026330390663563077}, 
   {-0.0012131479082654745, 0.0028959428371266808, 0.00026330390663555363, 
    -0.00007760500685480287}}, {{-0.5229263659093036, -0.0012131479082654424, 
    0.0012131479082654445, 0}, {-0.0012131479082654038, 
    -0.0000776050068550093, 0.002895942837126736, 0.0002633039066355813}, 
   {0.0012131479082653981, 0.0028959428371266764, -0.00007760500685505267, 
    0.0002633039066355636}, {0, 0.00026330390663558594, 
    0.00026330390663561613, 0.9936372331495504}}}, 
 {{{0., 0.023551802088030045, 0.023551802088030035, 0.023551802088030073}, 
   {-0.023551802088030045, 0., -0.024189593069111243, 0.024189593069111205}, 
   {-0.023551802088030035, 0.024189593069111243, 0., -0.024189593069111205}, 
   {-0.023551802088030073, -0.024189593069111205, 0.024189593069111205, 0.}}, 
  {{0., 0.023551802088030052, 0.02355180208803003, 0.023551802088030108}, 
   {-0.023551802088030052, 0., -0.02418959306911115, 0.02418959306911138}, 
   {-0.02355180208803003, 0.02418959306911115, 0., -0.02418959306911137}, 
   {-0.023551802088030108, -0.02418959306911138, 0.02418959306911137, 0.}}}, 
 {0, 0}, {{-1.5482235088861083, -1.535985633538226}, 
  {-6.298224139411112, -1.5604613842339905, -1.5886506854715656}, 
  {-1.560627087191567, -1.5483892118436848}, {{2, 0.01129010841702488}, 
   {3, 0.004466161908318}, {4, 0.0017711839010012762}, 
   {5, 0.0007031901443685512}, {6, 0.00027930570686976464}, 
   {7, 0.00011096004296946849}, {8, 0.00004408443687170527}}, 
  {{2, 0.10680655259456961}, {3, 0.04651957880995715}, 
   {4, 0.025927555272972594}, {5, 0.01819684442606621}, 
   {6, 0.015192239866220803}, {7, 0.014008773606404299}, 
   {8, 0.01354017367115512}}, {2.0034170932234303*^-10, 0.9624255435428603}}}
