{10, 32, {{{-0.51309643117016, 0, -0.008083114987283447, 
    0.008083114987283412}, {0, 0.9620425305408344, 0.0014849341052324168, 
    0.0014849341052324203}, {-0.008083114987283388, 0.00148493410523233, 
    -0.00002108635503663553, 0.018122602216345478}, 
   {0.008083114987283391, 0.0014849341052323274, 0.018122602216345457, 
    -0.000021086355036656346}}, {{-0.51309643117016, 0.008083114987283436, 0, 
    -0.008083114987283417}, {0.008083114987283395, -0.000021086355036646805, 
    0.0014849341052323318, 0.018122602216345474}, 
   {0, 0.0014849341052324237, 0.9620425305408344, 0.0014849341052324124}, 
   {-0.00808311498728339, 0.018122602216345447, 0.0014849341052323457, 
    -0.000021086355036642468}}, {{-0.51309643117016, -0.008083114987283375, 
    0.008083114987283367, 0}, {-0.008083114987283344, -0.0000210863550366815, 
    0.018122602216345495, 0.0014849341052323934}, 
   {0.00808311498728334, 0.018122602216345485, -0.000021086355036670223, 
    0.0014849341052324064}, {0, 0.0014849341052323157, 0.0014849341052323086, 
    0.9620425305408344}}}, 
 {{{0., 0.05822952972464266, 0.05822952972464266, 0.058229529724642695}, 
   {-0.05822952972464266, 0., -0.05907819579989077, 0.059078195799890494}, 
   {-0.05822952972464266, 0.05907819579989077, 0., -0.0590781957998905}, 
   {-0.058229529724642695, -0.059078195799890494, 0.0590781957998905, 0.}}, 
  {{0., 0.058229529724642654, 0.058229529724642654, 0.05822952972464279}, 
   {-0.058229529724642654, 0., -0.059078195799890564, 0.05907819579989081}, 
   {-0.058229529724642654, 0.059078195799890564, 0., -0.05907819579989082}, 
   {-0.05822952972464279, -0.05907819579989081, 0.05907819579989082, 0.}}}, 
 {0, 0}, {{-1.4204342487703483, -1.3498346959816028}, 
  {-6.28961490844393, -1.4910338015590945, -1.6537736526628706}, 
  {-1.491548278025441, -1.4209487252366955}, {{2, 0.028471188849376633}, 
   {3, 0.011935501081625}, {4, 0.005107512434463432}, 
   {5, 0.0022068134659304073}, {6, 0.0009576363522154491}, 
   {7, 0.0004163546088968989}, {8, 0.00018117086515177794}, 
   {9, 0.00007886265622639166}}, {{2, 0.10372835206745053}, 
   {3, 0.04335035733553906}, {4, 0.021947177165495286}, 
   {5, 0.013383196285431824}, {6, 0.009785996389549896}, 
   {7, 0.008243813480574456}, {8, 0.007576820656037106}, 
   {9, 0.007287248233509431}}, {4.251707146062485*^-8, 0.7928036337696124}}}
