{3, 32, {{{-0.5246509776157945, 0, -0.00012971270704228904, 
    0.00012971270704229362}, {0, 0.9993090345730576, 0.000022617075465272436, 
    0.000022617075465302685}, {-0.00012971270704225602, 
    0.000022617075465347652, -2.8331020473794898*^-6, 
    0.00031691113436008563}, {0.00012971270704228055, 
    0.000022617075465297223, 0.00031691113436011517, 
    -2.8331020472966567*^-6}}, {{-0.5246509776157946, 0.00012971270704229145, 
    0, -0.00012971270704229394}, {0.00012971270704225686, 
    -2.833102047301861*^-6, 0.00002261707546535817, 0.00031691113436011013}, 
   {0, 0.000022617075465270653, 0.9993090345730575, 0.000022617075465308065}, 
   {-0.00012971270704228242, 0.0003169111343601595, 0.000022617075465296515, 
    -2.8331020473781887*^-6}}, 
  {{-0.5246509776157947, -0.00012971270704225667, 0.00012971270704227578, 0}, 
   {-0.0001297127070422128, -2.8331020475837534*^-6, 0.00031691113436021795, 
    0.000022617075465310837}, {0.00012971270704222125, 0.0003169111343602373, 
    -2.833102047489211*^-6, 0.000022617075465308953}, 
   {0, 0.00002261707546530238, 0.000022617075465308187, 0.999309034573058}}}, 
 {{{0., 0.00790950213065894, 0.007909502130658944, 0.00790950213065896}, 
   {-0.00790950213065894, 0., -0.007909781405331216, 0.007909781405331197}, 
   {-0.007909502130658944, 0.007909781405331216, 0., -0.007909781405331155}, 
   {-0.00790950213065896, -0.007909781405331197, 0.007909781405331155, 0.}}, 
  {{0., 0.007909502130658948, 0.007909502130658939, 0.007909502130658965}, 
   {-0.007909502130658948, 0., -0.0079097814053312, 0.007909781405331263}, 
   {-0.007909502130658939, 0.0079097814053312, 0., -0.007909781405331218}, 
   {-0.007909502130658965, -0.007909781405331263, 0.007909781405331218, 
    0.}}}, {0, 0}, {{-1.5716831005037282, -1.570313134548441}, 
  {-6.298442963674257, -1.5730530664590168, -1.576168415378112}, 
  {-1.5730530906449118, -1.5716831246896246}, {{2, 0.00001038645845979208}}, 
  {{2, 0.00001765437745923965}}, {2.448989307851811*^-13, 
   0.9958613623422857}}}
{7, 32, {{{-0.5246527532763753, 0, -0.00012918200544872953, 
    0.00012918200544871059}, {0, 0.9993105874726966, 0.000023443369906529194, 
    0.00002344336990625073}, {-0.00012918200544869454, 
    0.000023443369906296334, -3.819157723074576*^-6, 0.0003153593954162922}, 
   {0.00012918200544873194, 0.00002344336990622742, 0.0003153593954164911, 
    -3.819157723114475*^-6}}, {{-0.5246527532763753, 0.00012918200544873227, 
    0, -0.00012918200544871468}, {0.00012918200544871, 
    -3.8191577231487354*^-6, 0.000023443369906289985, 
    0.00031535939541641063}, {0, 0.000023443369906521814, 0.9993105874726966, 
    0.0000234433699061628}, {-0.0001291820054487316, 0.00031535939541643384, 
    0.000023443369906312614, -3.819157723239375*^-6}}, 
  {{-0.5246527532763757, -0.00012918200544868324, 0.00012918200544869172, 0}, 
   {-0.00012918200544863968, -3.8191577233660096*^-6, 0.0003153593954165438, 
    0.000023443369906241053}, {0.0001291820054486373, 0.00031535939541667404, 
    -3.819157723489175*^-6, 0.000023443369906326658}, 
   {0, 0.00002344336990624482, 0.000023443369906160226, 
    0.9993105874726973}}}, 
 {{{0., 0.007877455587718522, 0.007877455587718515, 0.007877455587718534}, 
   {-0.007877455587718522, 0., -0.007909688407544711, 0.007909688407544652}, 
   {-0.007877455587718515, 0.007909688407544711, 0., -0.00790968840754465}, 
   {-0.007877455587718534, -0.007909688407544652, 0.00790968840754465, 0.}}, 
  {{0., 0.007877455587718532, 0.007877455587718529, 0.007877455587718542}, 
   {-0.007877455587718532, 0., -0.007909688407544666, 0.007909688407544718}, 
   {-0.007877455587718529, 0.007909688407544666, 0., -0.00790968840754475}, 
   {-0.007877455587718542, -0.007909688407544718, 0.00790968840754475, 0.}}}, 
 {0, 0}, {{-1.5716949008757282, -1.570330485544499}, 
  {-6.298452421731728, -1.5730593162069573, -1.5761668946589067}, 
  {-1.5730621076510383, -1.5716976923198092}, {{2, 0.0037690533648937815}, 
   {3, 0.0014770708907961786}, {4, 0.0005790065370485705}, 
   {5, 0.0002269941389522155}, {6, 0.00008899503487248481}}, 
  {{2, 0.09081729168176678}, {3, 0.032201841374325704}, 
   {4, 0.012292357405271995}, {5, 0.004889758683682198}, 
   {6, 0.0020458902920643296}}, {2.448816551706782*^-13, 0.9958706476306481}}}
