{24, 32, {{{-0.494933856448862, 0, -0.01707159825794924, 
    0.017071598257949145}, {0, 0.9307184018764583, -0.003465946511683397, 
    -0.0034659465116833998}, {-0.017071598257949176, -0.0034659465116835125, 
    0.0071041739802382535, 0.0382758339530373}, {0.017071598257949155, 
    -0.003465946511683523, 0.03827583395303731, 0.007104173980238325}}, 
  {{-0.49493385644886206, 0.017071598257949225, 0, -0.01707159825794914}, 
   {0.01707159825794917, 0.007104173980238267, -0.0034659465116835125, 
    0.0382758339530373}, {0, -0.0034659465116833902, 0.9307184018764583, 
    -0.003465946511683415}, {-0.01707159825794915, 0.03827583395303728, 
    -0.0034659465116834995, 0.007104173980238243}}, 
  {{-0.494933856448862, -0.017071598257949107, 0.017071598257949114, 0}, 
   {-0.017071598257949114, 0.007104173980238188, 0.038275833953037255, 
    -0.003465946511683436}, {0.017071598257949114, 0.0382758339530373, 
    0.007104173980238188, -0.003465946511683432}, 
   {0, -0.003465946511683561, -0.00346594651168357, 0.930718401876458}}}, 
 {{{0., 0.18620188290028336, 0.1862018829002834, 0.18620188290028394}, 
   {-0.18620188290028336, 0., -0.14735693538419864, 0.14735693538419803}, 
   {-0.1862018829002834, 0.14735693538419864, 0., -0.14735693538419803}, 
   {-0.18620188290028394, -0.14735693538419803, 0.14735693538419803, 0.}}, 
  {{0., 0.18620188290028333, 0.18620188290028333, 0.18620188290028417}, 
   {-0.18620188290028333, 0., -0.1473569353841982, 0.1473569353841987}, 
   {-0.18620188290028333, 0.1473569353841982, 0., -0.1473569353841987}, 
   {-0.18620188290028417, -0.1473569353841987, 0.1473569353841987, 0.}}}, 
 {0, 0}, {{-1.2924388943237763, -1.0989322213348074}, 
  {-6.267737345559545, -1.4859455673127444, -1.647923105467028}, 
  {-1.4657611404981836, -1.2722544675092147}, {{2, 0.02555186955871719}, 
   {3, 0.021001679354311464}, {4, 0.017365488463856577}, 
   {5, 0.014450488592463478}, {6, 0.012097649506736224}, 
   {7, 0.01018328848730625}, {8, 0.008613205261838175}, 
   {9, 0.007315858433837807}, {10, 0.0062366237094891586}, 
   {11, 0.005333425158383365}, {12, 0.004573527361654672}, 
   {13, 0.003931202499578124}, {14, 0.003386030933563905}, 
   {15, 0.0029216550436685085}, {16, 0.0025248573978846334}, 
   {17, 0.0021848722629864703}, {18, 0.0018928663081140273}, 
   {19, 0.0016415430745558846}, {20, 0.001424838818527091}, 
   {21, 0.0012376864398350729}, {22, 0.0010758306115905558}, 
   {23, 0.0009356817613142554}}, {{2, 0.6731484475490292}, 
   {3, 0.3598600184892655}, {4, 0.20840572462046003}, 
   {5, 0.12060523229944978}, {6, 0.0641330149980719}, 
   {7, 0.025275119267422475}, {8, 0.0027584376031865145}, 
   {9, 0.023702127045398765}, {10, 0.039773357751295695}, 
   {11, 0.052368011798399686}, {12, 0.062406349879215624}, 
   {13, 0.07051824009739627}, {14, 0.07714839198343032}, 
   {15, 0.08261911337071358}, {16, 0.08716928266650487}, 
   {17, 0.09097939710468297}, {18, 0.09418815489619847}, 
   {19, 0.09690371901249728}, {20, 0.09921154364592633}, 
   {21, 0.10117992285187682}, {22, 0.10286399590646929}, 
   {23, 0.1043086861180877}}, {0.000010238197073228558, 0.6499946834553966}}}
