{20, 40, {{{-0.5105677687291845, 0, -0.009012808998805279, 
    0.009012808998805234}, {0, 0.960263473964863, 0.00014245313441172162, 
    0.00014245313441170254}, {-0.009012808998805237, 0.00014245313441160973, 
    0.0015696855722421108, 0.020168209942834067}, 
   {0.00901280899880521, 0.0001424531344116262, 0.02016820994283411, 
    0.0015696855722421477}}, {{-0.5105677687291844, 0.009012808998805289, 0, 
    -0.00901280899880524}, {0.009012808998805242, 0.0015696855722421143, 
    0.0001424531344116002, 0.02016820994283411}, {0, 0.00014245313441171815, 
    0.9602634739648629, 0.0001424531344116835}, {-0.009012808998805223, 
    0.020168209942834095, 0.0001424531344116493, 0.0015696855722421577}}, 
  {{-0.5105677687291843, -0.009012808998805175, 0.009012808998805175, 0}, 
   {-0.009012808998805178, 0.0015696855722420926, 0.020168209942834067, 
    0.00014245313441168563}, {0.009012808998805183, 0.020168209942834074, 
    0.0015696855722420744, 0.00014245313441170818}, 
   {0, 0.00014245313441161624, 0.0001424531344116035, 0.9602634739648628}}}, 
 {{{0., 0.12836937734912446, 0.12836937734912435, 0.12836937734912496}, 
   {-0.12836937734912446, 0., -0.11714931554690616, 0.11714931554690558}, 
   {-0.12836937734912435, 0.11714931554690616, 0., -0.11714931554690561}, 
   {-0.12836937734912496, -0.11714931554690558, 0.11714931554690561, 0.}}, 
  {{0., 0.1283693773491244, 0.12836937734912435, 0.1283693773491251}, 
   {-0.1283693773491244, 0., -0.11714931554690573, 0.11714931554690625}, 
   {-0.12836937734912435, 0.11714931554690573, 0., -0.11714931554690626}, 
   {-0.1283693773491251, -0.11714931554690625, 0.11714931554690626, 0.}}}, 
 {0, 0}, {{-1.4091036871538003, -1.297932545301467}, 
  {-6.287916089253209, -1.5202748290061319, -1.6236832156204728}, 
  {-1.5154163997297565, -1.4042452578774232}, {{2, 0.00021660527510306005}, 
   {3, 0.0001807361565189236}, {4, 0.000150758738923229}, 
   {5, 0.00012576436703282123}, {6, 0.0001049202278725625}, 
   {7, 0.00008753526018787094}, {8, 0.00007303404343561581}, 
   {9, 0.00006093728752185057}, {10, 0.00005084564850571516}, 
   {11, 0.000042426306825243953}, {12, 0.00003540182498243394}, 
   {13, 0.000029540889722623476}, {14, 0.000024650614501464663}, 
   {15, 0.000020570135442404824}, {16, 0.00001716528075268453}, 
   {17, 0.00001432413179539016}, {18, 0.00001195332536624294}, 
   {19, 9.974972501158863*^-6}}, {{2, 0.040460270280355044}, 
   {3, 0.04102771709845913}, {4, 0.04149953683777485}, 
   {5, 0.04189219846471155}, {6, 0.042219130620392856}, 
   {7, 0.042491439882490656}, {8, 0.04271832455221433}, 
   {9, 0.04290741208116136}, {10, 0.04306503395640472}, 
   {11, 0.04319645049730905}, {12, 0.0433060352764051}, 
   {13, 0.043397426825909524}, {14, 0.043473653719374394}, 
   {15, 0.04353723790120784}, {16, 0.043590280186508984}, 
   {17, 0.04363453110525806}, {18, 0.04367144967104351}, 
   {19, 0.04370225218006474}}, {2.5848689710032223*^-6, 0.7840476512904152}}}
