{21, 40, {{{-0.5238704451004711, 0, -0.0006987847127994037, 
    0.000698784712799376}, {0, 0.994556284429683, 0.0002863281003145802, 
    0.00028632810031456587}, {-0.000698784712799407, 0.0002863281003144848, 
    -0.005345525946376347, -0.022959379656807704}, 
   {0.0006987847127993699, 0.0002863281003145121, -0.02295937965680763, 
    -0.00534552594637597}}, {{-0.5238704451004711, 0.000698784712799406, 0, 
    -0.0006987847127993788}, {0.0006987847127994211, -0.00534552594637635, 
    0.0002863281003144774, -0.022959379656807707}, 
   {0, 0.0002863281003145737, 0.994556284429683, 0.0002863281003145677}, 
   {-0.000698784712799379, -0.022959379656807742, 0.0002863281003145565, 
    -0.0053455259463760785}}, {{-0.5238704451004712, -0.0006987847127994762, 
    0.0006987847127994746, 0}, {-0.0006987847127994757, 
    -0.005345525946377036, -0.022959379656806823, 0.00028632810031474845}, 
   {0.0006987847127994776, -0.022959379656806903, -0.005345525946376939, 
    0.0002863281003147801}, {0, 0.0002863281003147944, 
    0.00028632810031480873, 0.9945562844296832}}}, 
 {{{0., 0.033162038166492665, 0.033162038166492706, 0.033162038166492706}, 
   {-0.033162038166492665, 0., -0.04119839691707369, 0.041198396917073735}, 
   {-0.033162038166492706, 0.04119839691707369, 0., -0.04119839691707372}, 
   {-0.033162038166492706, -0.041198396917073735, 0.04119839691707372, 0.}}, 
  {{0., 0.033162038166492686, 0.03316203816649267, 0.03316203816649271}, 
   {-0.033162038166492686, 0., -0.041198396917073776, 0.04119839691707366}, 
   {-0.03316203816649267, 0.041198396917073776, 0., -0.04119839691707373}, 
   {-0.03316203816649271, -0.04119839691707366, 0.04119839691707373, 0.}}}, 
 {0, 0}, {{-6.243438763888267, -0.7770360516170083, -2.344683330327125}, 
  {-1.5039530003994708, 0.03863143583716505}, {{2, 0.009296427397511988}, 
   {3, 0.003104241191145947}, {4, 0.0010513170816548803}, 
   {5, 0.0003576609784566448}, {6, 0.00012187346728456672}, 
   {7, 0.000041551670008910246}, {8, 0.000014169371553005017}, 
   {9, 4.832156255893394*^-6}, {10, 1.647938492929657*^-6}, 
   {11, 5.62010355455167*^-7}, {12, 1.916676241747739*^-7}, 
   {13, 6.53662523136811*^-8}, {14, 2.2292487807107353*^-8}, 
   {15, 7.602624696456672*^-9}, {16, 2.592797199163499*^-9}, 
   {17, 8.842468146585958*^-10}, {18, 3.0156361435773604*^-10}, 
   {19, 1.0284516294145618*^-10}, {20, 3.5074450288608006*^-11}}, 
  {{2, 0.12167367348425791}, {3, 0.12136261264803172}, 
   {4, 0.12123691065761441}, {5, 0.12119181903002076}, 
   {6, 0.12117618711533548}, {7, 0.12117082665682297}, 
   {8, 0.12116899512013782}, {9, 0.12116837009728856}, 
   {10, 0.12116815689359339}, {11, 0.12116808417729931}, 
   {12, 0.12116805937752917}, {13, 0.12116805091974839}, 
   {14, 0.1211680480353006}, {15, 0.12116804705158823}, 
   {16, 0.12116804671610312}, {17, 0.1211680466016897}, 
   {18, 0.12116804656266977}, {19, 0.12116804654936233}, 
   {20, 0.12116804654482449}}, {4.889696509020946*^-9, 0.96777900392463}}}
