{9, 32, {{{-0.5192832042227438, 0, -0.003663400027399646, 
    0.0036634000273996336}, {0, 0.981709334339913, 0.0007661206781914261, 
    0.0007661206781914385}, {-0.003663400027399598, 0.0007661206781914508, 
    -0.00016853575449622595, 0.008478924919141251}, 
   {0.003663400027399626, 0.0007661206781913667, 0.008478924919141232, 
    -0.00016853575449616003}}, {{-0.5192832042227438, 0.003663400027399645, 
    0, -0.003663400027399637}, {0.003663400027399617, -0.0001685357544962099, 
    0.0007661206781914478, 0.00847892491914129}, {0, 0.0007661206781914294, 
    0.9817093343399131, 0.0007661206781914174}, {-0.00366340002739963, 
    0.008478924919141189, 0.0007661206781914211, -0.00016853575449615743}}, 
  {{-0.5192832042227437, -0.0036634000273995967, 0.003663400027399598, 0}, 
   {-0.0036634000273995664, -0.00016853575449628407, 0.008478924919141255, 
    0.000766120678191419}, {0.0036634000273995534, 0.008478924919141356, 
    -0.0001685357544962407, 0.0007661206781914478}, 
   {0, 0.0007661206781914098, 0.0007661206781913822, 0.9817093343399133}}}, 
 {{{0., 0.039992836903878747, 0.039992836903878747, 0.03999283690387877}, 
   {-0.039992836903878747, 0., -0.041055619688991504, 0.041055619688991345}, 
   {-0.039992836903878747, 0.041055619688991504, 0., -0.04105561968899134}, 
   {-0.03999283690387877, -0.041055619688991345, 0.04105561968899134, 0.}}, 
  {{0., 0.03999283690387874, 0.03999283690387875, 0.03999283690387884}, 
   {-0.03999283690387874, 0., -0.04105561968899139, 0.041055619688991574}, 
   {-0.03999283690387875, 0.04105561968899139, 0., -0.041055619688991574}, 
   {-0.03999283690387884, -0.041055619688991574, 0.041055619688991574, 0.}}}, 
 {0, 0}, {{-1.4995189745369166, -1.4648841618087476}, 
  {-6.2964920590771225, -1.5341537872650814, -1.6140922422734798}, 
  {-1.5346139857103895, -1.4999791729822205}, {{2, 0.01934996088298223}, 
   {3, 0.007818314995053283}, {4, 0.003185531978022238}, 
   {5, 0.0013028364824432398}, {6, 0.0005336972673279927}, 
   {7, 0.0002187711476652754}, {8, 0.00008970253746568013}}, 
  {{2, 0.10796999085854389}, {3, 0.04737204856992198}, 
   {4, 0.02639762971350908}, {5, 0.01834290871721659}, 
   {6, 0.01512556419793166}, {7, 0.013820174630793484}, 
   {8, 0.013287164244775218}}, {4.788898918105428*^-9, 0.8951535171113756}}}
