{9, 32, {{{-0.5229355238126581, 0, -0.0012121663674188163, 
    0.001212166367418827}, {0, 0.9936294225673601, 0.00027156001483680107, 
    0.00027156001483678643}, {-0.0012121663674187811, 0.00027156001483682514, 
    -0.00008665420035321213, 0.002892083250994007}, 
   {0.0012121663674188139, 0.0002715600148368205, 0.00289208325099391, 
    -0.00008665420035323945}}, {{-0.5229355238126581, 0.0012121663674188247, 
    0, -0.0012121663674188245}, {0.0012121663674187829, 
    -0.00008665420035325116, 0.0002715600148368287, 0.0028920832509939614}, 
   {0, 0.00027156001483679863, 0.9936294225673602, 0.0002715600148368325}, 
   {-0.001212166367418814, 0.002892083250993948, 0.00027156001483678215, 
    -0.00008665420035322557}}, {{-0.5229355238126582, -0.0012121663674187885, 
    0.00121216636741878, 0}, {-0.001212166367418727, -0.00008665420035335221, 
    0.0028920832509940165, 0.00027156001483683403}, 
   {0.0012121663674187282, 0.002892083250993915, -0.00008665420035336435, 
    0.00027156001483679315}, {0, 0.00027156001483677076, 
    0.00027156001483681874, 0.9936294225673605}}}, 
 {{{0., 0.023496299603194062, 0.023496299603194062, 0.023496299603194076}, 
   {-0.023496299603194062, 0., -0.024230459989123907, 0.02423045998912384}, 
   {-0.023496299603194062, 0.024230459989123907, 0., -0.024230459989123827}, 
   {-0.023496299603194076, -0.02423045998912384, 0.024230459989123827, 0.}}, 
  {{0., 0.023496299603194055, 0.023496299603194055, 0.023496299603194125}, 
   {-0.023496299603194055, 0., -0.024230459989123803, 0.02423045998912398}, 
   {-0.023496299603194055, 0.024230459989123803, 0., -0.024230459989123973}, 
   {-0.023496299603194125, -0.02423045998912398, 0.024230459989123973, 0.}}}, 
 {0, 0}, {{-1.5482595605721454, -1.536050525161368}, 
  {-6.29822429160926, -1.5604685959829236, -1.5886435498217062}, 
  {-1.5606593364463235, -1.5484503010355462}, {{2, 0.011263850387361947}, 
   {3, 0.004455785994220383}, {4, 0.0017670541682631158}, 
   {5, 0.000701541291474414}, {6, 0.0002786465460983059}, 
   {7, 0.00011069640420380278}, {8, 0.000043978974438356466}}, 
  {{2, 0.10928036566144408}, {3, 0.048740553541474774}, 
   {4, 0.028062091755387476}, {5, 0.02029898692249703}, 
   {6, 0.017281829895625257}, {7, 0.016093437006879804}, 
   {8, 0.01562289378175137}}, {2.0238110040545531*^-10, 0.9623801529968659}}}
