{10, 32, {{{-0.5131484017886282, 0, -0.00807380581424386, 
    0.008073805814243827}, {0, 0.9620043366954704, 0.0015318658183585145, 
    0.001531865818358472}, {-0.008073805814243808, 0.0015318658183583935, 
    -0.00007151328393082811, 0.018103599526521158}, 
   {0.008073805814243811, 0.0015318658183584135, 0.018103599526521172, 
    -0.00007151328393083418}}, {{-0.5131484017886283, 0.008073805814243868, 
    0, -0.008073805814243835}, {0.008073805814243818, 
    -0.00007151328393083505, 0.001531865818358394, 0.018103599526521172}, 
   {0, 0.0015318658183585128, 0.9620043366954703, 0.0015318658183584757}, 
   {-0.008073805814243825, 0.018103599526521144, 0.001531865818358423, 
    -0.00007151328393081857}}, {{-0.5131484017886282, -0.0080738058142438, 
    0.008073805814243787, 0}, {-0.008073805814243785, 
    -0.00007151328393087322, 0.018103599526521196, 0.0015318658183584677}, 
   {0.008073805814243773, 0.018103599526521193, -0.00007151328393090184, 
    0.0015318658183584807}, {0, 0.0015318658183584013, 0.0015318658183583714, 
    0.9620043366954703}}}, 
 {{{0., 0.058101452904268075, 0.05810145290426808, 0.05810145290426814}, 
   {-0.058101452904268075, 0., -0.0591688625133049, 0.059168862513304624}, 
   {-0.05810145290426808, 0.0591688625133049, 0., -0.059168862513304624}, 
   {-0.05810145290426814, -0.059168862513304624, 0.059168862513304624, 0.}}, 
  {{0., 0.058101452904268075, 0.05810145290426809, 0.058101452904268214}, 
   {-0.058101452904268075, 0., -0.05916886251330468, 0.05916886251330496}, 
   {-0.05810145290426809, 0.05916886251330468, 0., -0.05916886251330495}, 
   {-0.058101452904268214, -0.05916886251330496, 0.05916886251330495, 0.}}}, 
 {0, 0}, {{-1.420636032259157, -1.350191764362521}, 
  {-6.289623032383111, -1.4910803001557906, -1.653731216035765}, 
  {-1.4917273828421593, -1.4212831149455234}, {{2, 0.028413168547376452}, 
   {3, 0.011911462707635337}, {4, 0.005097035987415233}, 
   {5, 0.0022021415888383994}, {6, 0.000955533435014394}, 
   {7, 0.0004154049999802456}, {8, 0.00018074180872351686}, 
   {9, 0.00007866889881670558}}, {{2, 0.10607165525588531}, 
   {3, 0.045415944195870805}, {4, 0.02391308737672935}, 
   {5, 0.015309360717981429}, {6, 0.0116956617877902}, 
   {7, 0.010146518346678172}, {8, 0.009476569930920815}, 
   {9, 0.009185739389300758}}, {4.291007976152011*^-8, 0.7926148029442449}}}
