{11, 32, {{{-0.5238004510155703, 0, -0.0006411807382442038, 
    0.0006411807382442417}, {0, 0.9966320881863096, 0.0001107819790986264, 
    0.00011078197909882167}, {-0.00064118073824418, 0.00011078197909911814, 
    -0.000011753525819494046, 0.0015516636815570417}, 
   {0.0006411807382441909, 0.00011078197909859691, 0.0015516636815568292, 
    -0.00001175352581957341}}, {{-0.5238004510155703, 0.0006411807382442186, 
    0, -0.0006411807382442349}, {0.0006411807382441744, 
    -0.000011753525819520067, 0.00011078197909911153, 0.0015516636815569806}, 
   {0, 0.0001107819790986135, 0.9966320881863093, 0.00011078197909884449}, 
   {-0.0006411807382441865, 0.0015516636815568355, 0.00011078197909856677, 
    -0.000011753525819307997}}, 
  {{-0.5238004510155705, -0.0006411807382441813, 0.0006411807382441918, 0}, 
   {-0.00064118073824412, -0.000011753525819706984, 0.0015516636815570304, 
    0.00011078197909863814}, {0.000641180738244133, 0.0015516636815569916, 
    -0.000011753525819779842, 0.0001107819790985968}, 
   {0, 0.00011078197909879397, 0.0001107819790987933, 0.9966320881863104}}}, 
 {{{0., 0.01746637833832441, 0.017466378338324418, 0.017466378338324418}, 
   {-0.01746637833832441, 0., -0.017467191038114168, 0.017467191038114144}, 
   {-0.017466378338324418, 0.017467191038114168, 0., -0.01746719103811413}, 
   {-0.017466378338324418, -0.017467191038114144, 0.01746719103811413, 0.}}, 
  {{0., 0.017466378338324415, 0.017466378338324408, 0.01746637833832445}, 
   {-0.017466378338324415, 0., -0.017467191038114067, 0.01746719103811425}, 
   {-0.017466378338324408, 0.017467191038114067, 0., -0.01746719103811424}, 
   {-0.01746637833832445, -0.01746719103811425, 0.01746719103811424, 0.}}}, 
 {0, 0}, {{-1.5603686509471442, -1.5537130669117811}, 
  {-6.298380880579408, -1.5670242349825088, -1.5821662053071954}, 
  {-1.5670243898226137, -1.5603688057872507}, {{2, 0.007596060325267547}, 
   {3, 0.0029904755276422244}, {4, 0.0011787548008207055}, 
   {5, 0.0004648750488118608}, {6, 0.0001833760698254014}, 
   {7, 0.00007234133472573678}, {8, 0.000028539424902142285}, 
   {9, 0.000011259258365654834}, {10, 4.441980720540362*^-6}}, 
  {{2, 0.08126977025376753}, {3, 0.029087767740383897}, 
   {4, 0.011060295263855897}, {5, 0.004292872305132134}, 
   {6, 0.0016738207413635607}, {7, 0.0006483007839416146}, 
   {8, 0.00024490910845735656}, {9, 0.00008594878615219179}, 
   {10, 0.000023264690996750327}}, {2.840131318145311*^-11, 
   0.979961909461907}}}
{10, 32, {{{-0.5238005003816771, 0, -0.000641165254039143, 
    0.0006411652540391679}, {0, 0.9966321327045982, 0.0001108046571904493, 
    0.00011080465719048572}, {-0.0006411652540391027, 0.00011080465719073238, 
    -0.000011780742348274729, 0.0015516201183418412}, 
   {0.0006411652540391439, 0.00011080465719042479, 0.001551620118341715, 
    -0.00001178074234814766}}, {{-0.5238005003816771, 0.0006411652540391564, 
    0, -0.0006411652540391634}, {0.0006411652540391174, 
    -0.00001178074234823483, 0.00011080465719074517, 0.0015516201183418017}, 
   {0, 0.00011080465719045046, 0.9966321327045983, 0.00011080465719050941}, 
   {-0.000641165254039147, 0.0015516201183417603, 0.00011080465719041124, 
    -0.000011780742348227458}}, 
  {{-0.5238005003816775, -0.0006411652540390799, 0.0006411652540390734, 0}, 
   {-0.0006411652540390287, -0.000011780742348368838, 0.0015516201183417271, 
    0.00011080465719046049}, {0.000641165254039017, 0.0015516201183417328, 
    -0.000011780742348393991, 0.0001108046571904416}, 
   {0, 0.00011080465719048497, 0.00011080465719020044, 0.9966321327045992}}}, 
 {{{0., 0.017465975346375347, 0.017465975346375364, 0.017465975346375374}, 
   {-0.017465975346375347, 0., -0.0174671852957868, 0.017467185295786815}, 
   {-0.017465975346375364, 0.0174671852957868, 0., -0.017467185295786777}, 
   {-0.017465975346375374, -0.017467185295786815, 0.017467185295786777, 0.}}, 
  {{0., 0.017465975346375347, 0.01746597534637534, 0.017465975346375406}, 
   {-0.017465975346375347, 0., -0.017467185295786728, 0.0174671852957869}, 
   {-0.01746597534637534, 0.017467185295786728, 0., -0.017467185295786877}, 
   {-0.017465975346375406, -0.0174671852957869, 0.017467185295786877, 0.}}}, 
 {0, 0}, {{-1.5603689798309757, -1.5537135493561678}, 
  {-6.298381146751482, -1.567024410305781, -1.58216616306996}, 
  {-1.5670246408321067, -1.5603692103572988}, {{2, 0.0038247655431721678}, 
   {3, 0.0015072511998233742}, {4, 0.00059436868906345}, 
   {5, 0.00023444729260545943}, {6, 0.00009248733516611235}, 
   {7, 0.0000364870095136971}, {8, 0.000014394671965227424}, 
   {9, 5.6789525003722585*^-6}}, {{2, 0.03782817761438417}, 
   {3, 0.014236381942965354}, {4, 0.005506972863018211}, 
   {5, 0.002146942338992021}, {6, 0.0008340551836378101}, 
   {7, 0.0003180532505172639}, {8, 0.00011478388938370593}, 
   {9, 0.00003463732735958443}}, {2.8401257160023084*^-11, 
   0.9799621721038546}}}
