{5, 32, {{{-0.5245576120149142, 0, -0.0001916484649133749, 
    0.00019164846491337054}, {0, 0.9989644373763358, 0.000044963265795829285, 
    0.00004496326579569391}, {-0.0001916484649133503, 0.00004496326579585861, 
    -0.0000166667883333008, 0.00046467888413744766}, 
   {0.00019164846491335667, 0.00004496326579578536, 0.00046467888413755413, 
    -0.000016666788332986814}}, 
  {{-0.5245576120149142, 0.00019164846491339271, 0, -0.0001916484649133679}, 
   {0.00019164846491334647, -0.000016666788333228807, 0.00004496326579585738, 
    0.0004646788841374271}, {0, 0.0000449632657958213, 0.9989644373763359, 
    0.00004496326579575305}, {-0.00019164846491335694, 
    0.00046467888413764845, 0.000044963265795739364, 
    -0.000016666788333286053}}, 
  {{-0.5245576120149149, -0.00019164846491332539, 0.00019164846491331574, 0}, 
   {-0.00019164846491326044, -0.000016666788333719734, 0.0004646788841378125, 
    0.00004496326579582912}, {0.00019164846491330354, 0.00046467888413759576, 
    -0.000016666788333508098, 0.00004496326579577738}, 
   {0, 0.00004496326579570742, 0.00004496326579567991, 0.9989644373763366}}}, 
 {{{0., 0.01888568394424578, 0.01888568394424578, 0.018885683944245845}, 
   {-0.01888568394424578, 0., -0.01954739048813267, 0.019547390488132026}, 
   {-0.01888568394424578, 0.01954739048813267, 0., -0.01954739048813205}, 
   {-0.018885683944245845, -0.019547390488132026, 0.01954739048813205, 0.}}, 
  {{0., 0.0188856839442458, 0.01888568394424573, 0.01888568394424586}, 
   {-0.0188856839442458, 0., -0.019547390488132563, 0.019547390488132154}, 
   {-0.01888568394424573, 0.019547390488132563, 0., -0.019547390488132158}, 
   {-0.01888568394424586, -0.019547390488132154, 0.019547390488132158, 0.}}}, 
 {0, 0}, {{-1.569842110035273, -1.5665710136225621}, 
  {-6.299204700195149, -1.5731132064479862, -1.5764891436495885}, 
  {-1.573170511915671, -1.56989941550296}, {{2, 0.005141659480217654}, 
   {3, 0.004029153855343167}, {4, 0.0031576640909930197}}, 
  {{2, 0.3348688076058838}, {3, 0.12119880323624391}, 
   {4, 0.01751873392141787}}, {5.5786964666082135*^-11, 0.9938026879139336}}}
{5, 32, {{{-0.5245576120149144, 0, -0.00019164846491336035, 
    0.00019164846491335043}, {0, 0.9989644373763358, 0.000044963265795916767, 
    0.00004496326579575927}, {-0.00019164846491332886, 
    0.000044963265795860266, -0.000016666788333338962, 0.000464678884137501}, 
   {0.00019164846491335477, 0.000044963265795714685, 0.000464678884137519, 
    -0.000016666788333162888}}, {{-0.5245576120149144, 0.000191648464913366, 
    0, -0.00019164846491335287}, {0.00019164846491332907, 
    -0.00001666678833329256, 0.000044963265795852406, 
    0.00046467888413752583}, {0, 0.000044963265795917797, 0.9989644373763358, 
    0.00004496326579573657}, {-0.00019164846491335395, 
    0.00046467888413751054, 0.000044963265795737575, 
    -0.000016666788333286053}}, 
  {{-0.5245576120149147, -0.00019164846491331647, 0.00019164846491333357, 0}, 
   {-0.00019164846491326787, -0.00001666678833362259, 0.00046467888413764287, 
    0.000044963265795712896}, {0.00019164846491327383, 
    0.00046467888413768656, -0.000016666788333508098, 
    0.000044963265795737216}, {0, 0.00004496326579576681, 
    0.00004496326579583506, 0.9989644373763364}}}, 
 {{{0., 0.01888568394424579, 0.018885683944245793, 0.018885683944245828}, 
   {-0.01888568394424579, 0., -0.01954739048813228, 0.019547390488132258}, 
   {-0.018885683944245793, 0.01954739048813228, 0., -0.019547390488132244}, 
   {-0.018885683944245828, -0.019547390488132258, 0.019547390488132244, 0.}}, 
  {{0., 0.01888568394424578, 0.01888568394424579, 0.018885683944245855}, 
   {-0.01888568394424578, 0., -0.019547390488132116, 0.01954739048813236}, 
   {-0.01888568394424579, 0.019547390488132116, 0., -0.01954739048813235}, 
   {-0.018885683944245855, -0.01954739048813236, 0.01954739048813235, 0.}}}, 
 {0, 0}, {{-1.5698421100352729, -1.5665710136225623}, 
  {-6.2992047001951486, -1.573113206447986, -1.5764891436495883}, 
  {-1.5731705119156707, -1.5698994155029602}, {{2, 0.005141659480217644}, 
   {3, 0.0040291538553431285}, {4, 0.0031576640909929676}}, 
  {{2, 0.3348688076058826}, {3, 0.12119880323624345}, 
   {4, 0.017518733921417604}}, {5.5786964666082084*^-11, 0.9938026879139331}}}
{5, 32, {{{-0.5245576120149144, 0, -0.00019164846491337358, 
    0.00019164846491336106}, {0, 0.9989644373763358, 0.000044963265795976316, 
    0.000044963265795712964}, {-0.0001916484649133317, 
    0.000044963265795914964, -0.000016666788333353708, 
    0.00046467888413746045}, {0.00019164846491335477, 
    0.000044963265795756345, 0.0004646788841375655, 
    -0.000016666788333203654}}, {{-0.5245576120149145, 0.0001916484649133683, 
    0, -0.00019164846491335932}, {0.00019164846491332221, 
    -0.000016666788333287354, 0.000044963265795913866, 
    0.00046467888413741513}, {0, 0.000044963265795970096, 0.998964437376336, 
    0.00004496326579574562}, {-0.0001916484649133534, 0.000464678884137609, 
    0.00004496326579573058, -0.000016666788333258298}}, 
  {{-0.5245576120149147, -0.00019164846491331587, 0.00019164846491333612, 0}, 
   {-0.00019164846491326706, -0.00001666678833353325, 0.00046467888413765247, 
    0.00004496326579577387}, {0.00019164846491328164, 0.00046467888413753944, 
    -0.00001666678833356361, 0.00004496326579574218}, 
   {0, 0.000044963265795707014, 0.00004496326579574993, 
    0.9989644373763364}}}, 
 {{{0., 0.01888568394424582, 0.018885683944245807, 0.018885683944245835}, 
   {-0.01888568394424582, 0., -0.019547390488132414, 0.01954739048813212}, 
   {-0.018885683944245807, 0.019547390488132414, 0., -0.01954739048813215}, 
   {-0.018885683944245835, -0.01954739048813212, 0.01954739048813215, 0.}}, 
  {{0., 0.018885683944245772, 0.01888568394424578, 0.01888568394424587}, 
   {-0.018885683944245772, 0., -0.019547390488132366, 0.019547390488132303}, 
   {-0.01888568394424578, 0.019547390488132366, 0., -0.019547390488132255}, 
   {-0.01888568394424587, -0.019547390488132303, 0.019547390488132255, 0.}}}, 
 {0, 0}, {{-1.5698421100352746, -1.5665710136225623}, 
  {-6.299204700195149, -1.5731132064479865, -1.5764891436495883}, 
  {-1.5731705119156725, -1.5698994155029602}, {{2, 0.005141659480217653}, 
   {3, 0.0040291538553431545}, {4, 0.0031576640909930023}}, 
  {{2, 0.3348688076058833}, {3, 0.12119880323624305}, 
   {4, 0.017518733921417395}}, {5.5786964666082097*^-11, 0.9938026879139336}}}
