{3, 28, {{{-0.5240101790210538, 0, -0.0005262123802445881, 
    0.0005262123802445926}, {0, 0.9972002383596843, 0.00010881846260594921, 
    0.00010881846260578273}, {-0.0005262123802445472, 0.00010881846260577145, 
    -0.000029158038479169118, 0.0012727372369381014}, 
   {0.0005262123802445829, 0.00010881846260569372, 0.0012727372369381435, 
    -0.00002915803847895141}}, {{-0.524010179021054, 0.0005262123802445852, 
    0, -0.00052621238024459}, {0.0005262123802445412, 
    -0.000029158038479202078, 0.00010881846260578774, 0.001272737236938158}, 
   {0, 0.00010881846260596116, 0.9972002383596841, 0.00010881846260570553}, 
   {-0.0005262123802445803, 0.001272737236938047, 0.00010881846260577129, 
    -0.00002915803847897136}}, {{-0.5240101790210543, -0.0005262123802445703, 
    0.0005262123802445662, 0}, {-0.000526212380244515, 
    -0.00002915803847926713, 0.0012727372369381279, 0.00010881846260570282}, 
   {0.0005262123802445113, 0.0012727372369383497, -0.00002915803847927667, 
    0.00010881846260577229}, {0, 0.00010881846260577237, 
    0.00010881846260570674, 0.9972002383596847}}}, 
 {{{0., 0.015703848526645477, 0.01570384852664548, 0.015703848526645487}, 
   {-0.015703848526645477, 0., -0.016009104218303954, 0.0160091042183039}, 
   {-0.01570384852664548, 0.016009104218303954, 0., -0.016009104218303892}, 
   {-0.015703848526645487, -0.0160091042183039, 0.016009104218303892, 0.}}, 
  {{0., 0.01570384852664547, 0.01570384852664547, 0.015703848526645508}, 
   {-0.01570384852664547, 0., -0.016009104218303857, 0.01600910421830399}, 
   {-0.01570384852664547, 0.016009104218303857, 0., -0.01600910421830396}, 
   {-0.015703848526645508, -0.01600910421830399, 0.01600910421830396, 0.}}}, 
 {0, 0}, {{-1.5629290861392287, -1.5574891134347242}, 
  {-6.298440794731034, -1.5683690588437313, -1.5808513385217857}, 
  {-1.568421930680457, -1.5629819579759525}, {{2, 0.00010424574100071499}}, 
  {{2, 0.00971913639960617}}, {1.6834576331749305*^-11, 0.9833185721294981}}}
