{3, 28, {{{-0.5164435443209363, 0, -0.005594881020583935, 
    0.00559488102058393}, {0, 0.9730070521304572, 0.0010093952814436095, 
    0.001009395281443525}, {-0.00559488102058389, 0.0010093952814434295, 
    -0.0000445058643395611, 0.01277054358727105}, 
   {0.005594881020583894, 0.001009395281443524, 0.012770543587271033, 
    -0.00004450586433961661}}, {{-0.5164435443209361, 0.005594881020583926, 
    0, -0.0055948810205839255}, {0.005594881020583891, 
    -0.00004450586433956544, 0.0010093952814434347, 0.012770543587270995}, 
   {0, 0.0010093952814436082, 0.973007052130457, 0.0010093952814435505}, 
   {-0.0055948810205838865, 0.012770543587271057, 0.001009395281443492, 
    -0.0000445058643396834}}, {{-0.5164435443209362, -0.0055948810205838735, 
    0.005594881020583876, 0}, {-0.005594881020583871, -0.0000445058643396435, 
    0.012770543587271086, 0.0010093952814435804}, 
   {0.005594881020583864, 0.012770543587271026, -0.00004450586433962789, 
    0.0010093952814435464}, {0, 0.0010093952814434698, 0.001009395281443495, 
    0.9730070521304568}}}, 
 {{{0., 0.04918817853372304, 0.04918817853372304, 0.04918817853372308}, 
   {-0.04918817853372304, 0., -0.04970848605570889, 0.04970848605570855}, 
   {-0.04918817853372304, 0.04970848605570889, 0., -0.04970848605570856}, 
   {-0.04918817853372308, -0.04970848605570855, 0.04970848605570856, 0.}}, 
  {{0., 0.04918817853372304, 0.04918817853372301, 0.049188178533723155}, 
   {-0.04918817853372304, 0., -0.049708486055708684, 0.04970848605570885}, 
   {-0.04918817853372301, 0.049708486055708684, 0., -0.049708486055708864}, 
   {-0.049188178533723155, -0.04970848605570885, 0.049708486055708864, 0.}}}, 
 {0, 0}, {{-1.463650208065647, -1.4125323534543406}, 
  {-6.293831990113403, -1.5147680626769535, -1.6321479323797479}, 
  {-1.5150384223960451, -1.4639205677847387}, {{2, 0.00030921726925034476}}, 
  {{2, 0.005288948864298313}}, {1.5086316602819563*^-8, 0.8485861273782707}}}
