{3, 28, {{{-0.5213172793593718, 0, -0.0022449579208709226, 
    0.002244957920870921}, {0, 0.9885312692956221, 0.00044062346150402555, 
    0.0004406234615040394}, {-0.002244957920870888, 0.0004406234615040288, 
    -0.00008407346861809273, 0.005297212165819573}, 
   {0.002244957920870915, 0.00044062346150400777, 0.005297212165819537, 
    -0.00008407346861813783}}, {{-0.5213172793593719, 0.0022449579208709174, 
    0, -0.00224495792087092}, {0.0022449579208708827, 
    -0.00008407346861808145, 0.00044062346150403216, 0.005297212165819557}, 
   {0, 0.0004406234615040355, 0.9885312692956223, 0.0004406234615040387}, 
   {-0.002244957920870904, 0.005297212165819539, 0.00044062346150400224, 
    -0.00008407346861807885}}, {{-0.5213172793593719, -0.0022449579208708714, 
    0.002244957920870881, 0}, {-0.002244957920870828, 
    -0.00008407346861810747, 0.005297212165819597, 0.0004406234615040275}, 
   {0.002244957920870831, 0.005297212165819526, -0.00008407346861813436, 
    0.0004406234615040264}, {0, 0.0004406234615040482, 
    0.00044062346150403086, 0.9885312692956221}}}, 
 {{{0., 0.03188052041281092, 0.03188052041281092, 0.031880520412810934}, 
   {-0.03188052041281092, 0., -0.032401450371010984, 0.03240145037101082}, 
   {-0.03188052041281092, 0.032401450371010984, 0., -0.032401450371010804}, 
   {-0.031880520412810934, -0.03240145037101082, 0.032401450371010804, 0.}}, 
  {{0., 0.031880520412810906, 0.03188052041281092, 0.031880520412811}, 
   {-0.031880520412810906, 0., -0.03240145037101087, 0.032401450371011005}, 
   {-0.03188052041281092, 0.03240145037101087, 0., -0.032401450371011}, 
   {-0.031880520412811, -0.032401450371011005, 0.032401450371011, 0.}}}, 
 {0, 0}, {{-1.5269769259072647, -1.5048894534565758}, 
  {-6.2976412606370245, -1.549064398357956, -1.5997562319605563}, 
  {-1.5492448537889123, -1.5271573813382233}, {{2, 0.0002073839825389584}}, 
  {{2, 0.008170035361007598}}, {1.157142126329894*^-9, 0.9331306808020199}}}
