{11, 32, {{{-0.5223371930707441, 0, -0.0015829298785936842, 
    0.0015829298785936766}, {0, 0.9917993202681723, 0.0003210338665032809, 
    0.0003210338665031559}, {-0.001582929878593662, 0.000321033866503079, 
    -0.00007480553364430046, 0.003761603612522014}, 
   {0.0015829298785936794, 0.00032103386650312736, 0.003761603612522127, 
    -0.00007480553364415908}}, {{-0.522337193070744, 0.0015829298785936777, 
    0, -0.0015829298785936742}, {0.001582929878593652, 
    -0.00007480553364431217, 0.0003210338665030879, 0.0037616036125220327}, 
   {0, 0.000321033866503285, 0.9917993202681724, 0.0003210338665031188}, 
   {-0.0015829298785936757, 0.0037616036125220874, 0.0003210338665031605, 
    -0.00007480553364416775}}, {{-0.5223371930707441, -0.0015829298785936335, 
    0.0015829298785936387, 0}, {-0.0015829298785936037, 
    -0.00007480553364436898, 0.0037616036125220588, 0.0003210338665031552}, 
   {0.0015829298785936018, 0.0037616036125221438, -0.0000748055336443898, 
    0.00032103386650318797}, {0, 0.0003210338665031139, 
    0.0003210338665030804, 0.9917993202681725}}}, 
 {{{0., 0.026891079143663923, 0.026891079143663926, 0.026891079143663957}, 
   {-0.026891079143663923, 0., -0.02741114092865452, 0.027411140928654452}, 
   {-0.026891079143663926, 0.02741114092865452, 0., -0.027411140928654466}, 
   {-0.026891079143663957, -0.027411140928654452, 0.027411140928654466, 0.}}, 
  {{0., 0.026891079143663926, 0.026891079143663937, 0.026891079143664}, 
   {-0.026891079143663926, 0., -0.02741114092865443, 0.027411140928654616}, 
   {-0.026891079143663937, 0.02741114092865443, 0., -0.027411140928654605}, 
   {-0.026891079143664, -0.027411140928654616, 0.027411140928654605, 0.}}}, 
 {0, 0}, {{-1.5404943263095396, -1.5246582430914972}, 
  {-6.298053961000773, -1.5563304095275796, -1.5926965709728067}, 
  {-1.5564835410114768, -1.5406474577934344}, {{2, 0.012903005886988686}, 
   {3, 0.005120392200079905}, {4, 0.0020387960099461783}, 
   {5, 0.0008129940036088745}, {6, 0.00032438989181082095}, 
   {7, 0.00012946583155704072}, {8, 0.00005167569496857677}, 
   {9, 0.000020626940390046367}, {10, 8.233608702154505*^-6}}, 
  {{2, 0.10272566990047811}, {3, 0.042831555951178685}, 
   {4, 0.022334182481929536}, {5, 0.014613191011406058}, 
   {6, 0.011600216952349435}, {7, 0.010408257447838487}, 
   {8, 0.009934154824569216}, {9, 0.009745175274103426}, 
   {10, 0.009669782722593091}}, {4.241921964200777*^-10, 0.9517937263459791}}}
