{10, 32, {{{-0.5223379681213638, 0, -0.0015826621295927004, 
    0.0015826621295926995}, {0, 0.9918000579551831, 0.0003213814732328507, 
    0.000321381473232849}, {-0.001582662129592676, 0.0003213814732328501, 
    -0.00007522719100281966, 0.003760907370848279}, 
   {0.001582662129592692, 0.0003213814732328956, 0.003760907370848202, 
    -0.00007522719100276978}}, {{-0.5223379681213638, 0.0015826621295927062, 
    0, -0.0015826621295927}, {0.001582662129592672, -0.00007522719100282096, 
    0.0003213814732328519, 0.003760907370848191}, 
   {0, 0.0003213814732328489, 0.991800057955183, 0.0003213814732329059}, 
   {-0.0015826621295926897, 0.003760907370848218, 0.0003213814732328387, 
    -0.00007522719100272468}}, {{-0.5223379681213637, -0.001582662129592668, 
    0.0015826621295926668, 0}, {-0.0015826621295926368, 
    -0.00007522719100280361, 0.0037609073708483017, 0.00032138147323290103}, 
   {0.0015826621295926444, 0.0037609073708481777, -0.00007522719100275244, 
    0.0003213814732328476}, {0, 0.0003213814732328236, 0.0003213814732328824, 
    0.991800057955183}}}, 
 {{{0., 0.026886962339312863, 0.02688696233931287, 0.02688696233931289}, 
   {-0.026886962339312863, 0., -0.02741099866048254, 0.02741099866048246}, 
   {-0.02688696233931287, 0.02741099866048254, 0., -0.02741099866048247}, 
   {-0.02688696233931289, -0.02741099866048246, 0.02741099866048247, 0.}}, 
  {{0., 0.02688696233931285, 0.02688696233931287, 0.026886962339312936}, 
   {-0.02688696233931285, 0., -0.02741099866048243, 0.027410998660482622}, 
   {-0.02688696233931287, 0.02741099866048243, 0., -0.02741099866048262}, 
   {-0.026886962339312936, -0.027410998660482622, 0.02741099866048262, 0.}}}, 
 {0, 0}, {{-1.5404995485532118, -1.5246658897100311}, 
  {-6.2980582280870046, -1.5563332073963903, -1.592695906647112}, 
  {-1.5564875091770485, -1.5406538503338678}, {{2, 0.012903005886988686}, 
   {3, 0.005120392200079905}, {4, 0.0020387960099461783}, 
   {5, 0.0008129940036088745}, {6, 0.00032438989181082095}, 
   {7, 0.00012946583155704072}, {8, 0.00005167569496857677}, 
   {9, 0.000020626940390046367}}, {{2, 0.10272566990047811}, 
   {3, 0.042831555951178685}, {4, 0.022334182481929536}, 
   {5, 0.014613191011406058}, {6, 0.011600216952349435}, 
   {7, 0.010408257447838487}, {8, 0.009934154824569216}, 
   {9, 0.009745175274103426}}, {4.241789868425265*^-10, 0.9517979739422009}}}
