{9, 28, {{{-0.5230487052986561, 0, -0.001198008085379905, 
    0.001198008085379901}, {0, 0.9935329910464521, 0.00037053233216036445, 
    0.0003705323321603138}, {-0.0011980080853798629, 0.00037053233216031815, 
    -0.00019507458581388172, 0.0028472576457300243}, 
   {0.0011980080853798768, 0.000370532332160283, 0.002847257645730005, 
    -0.0001950745858137438}}, {{-0.5230487052986563, 0.001198008085379911, 0, 
    -0.0011980080853798984}, {0.001198008085379875, -0.000195074585813906, 
    0.00037053233216031533, 0.002847257645730002}, 
   {0, 0.0003705323321603561, 0.9935329910464521, 0.0003705323321603353}, 
   {-0.001198008085379874, 0.0028472576457300256, 0.0003705323321602502, 
    -0.00019507458581369264}}, {{-0.5230487052986563, -0.0011980080853798674, 
    0.001198008085379857, 0}, {-0.0011980080853798022, 
    -0.00019507458581395631, 0.002847257645730043, 0.0003705323321602969}, 
   {0.0011980080853797922, 0.0028472576457300247, -0.00019507458581394244, 
    0.0003705323321602728}, {0, 0.00037053233216030926, 
    0.00037053233216032314, 0.9935329910464523}}}, 
 {{{0., 0.0228278305015262, 0.022827830501526196, 0.02282783050152619}, 
   {-0.0228278305015262, 0., -0.02472048844739718, 0.02472048844739707}, 
   {-0.022827830501526196, 0.02472048844739718, 0., -0.024720488447397083}, 
   {-0.02282783050152619, -0.02472048844739707, 0.024720488447397083, 0.}}, 
  {{0., 0.02282783050152619, 0.022827830501526182, 0.022827830501526244}, 
   {-0.02282783050152619, 0., -0.024720488447397087, 0.024720488447397222}, 
   {-0.022827830501526182, 0.024720488447397087, 0., -0.024720488447397233}, 
   {-0.022827830501526244, -0.024720488447397222, 0.024720488447397233, 
    0.}}}, {0, 0}, {{-1.5487000747747, -1.5368383860981363}, 
  {-6.298285782269011, -1.5605617634512639, -1.5885811276832418}, 
  {-1.5610534904098037, -1.54919180173324}, {{2, 0.010947216353713304}, 
   {3, 0.004330413261021786}, {4, 0.0017170640055255287}, 
   {5, 0.000681548007605795}, {6, 0.00027064071032464887}, 
   {7, 0.00010748924982219299}, {8, 0.00004269401445695237}}, 
  {{2, 0.13995221009511377}, {3, 0.0762819647899766}, 
   {4, 0.05453419668485912}, {5, 0.046370765369780687}, 
   {6, 0.04319866120419509}, {7, 0.04194952754566833}, 
   {8, 0.04145505517364886}}, {2.282140014504082*^-10, 0.9618198962279904}}}
