{7, 28, {{{-0.5246774474239718, 0, -0.00012728948009122187, 
    0.00012728948009123683}, {0, 0.9992928672973265, 0.000041427177070938595, 
    0.00004142717707080586}, {-0.00012728948009119834, 
    0.000041427177070887854, -0.00002357030344960105, 0.000306866454937573}, 
   {0.00012728948009120173, 0.000041427177070867444, 0.0003068664549375884, 
    -0.00002357030344945013}}, {{-0.5246774474239718, 0.00012728948009122347, 
    0, -0.00012728948009123477}, {0.0001272894800911877, 
    -0.000023570303449595847, 0.000041427177070892374, 
    0.00030686645493750643}, {0, 0.00004142717707094628, 0.9992928672973265, 
    0.00004142717707081661}, {-0.0001272894800911996, 0.0003068664549375586, 
    0.00004142717707085372, -0.000023570303449432783}}, 
  {{-0.5246774474239719, -0.0001272894800911726, 0.00012728948009118409, 0}, 
   {-0.00012728948009111513, -0.000023570303449813555, 
    0.00030686645493776995, 0.000041427177070878876}, 
   {0.00012728948009112942, 0.00030686645493767205, -0.000023570303449793606, 
    0.0000414271770708633}, {0, 0.00004142717707080973, 
    0.00004142717707080987, 0.9992928672973274}}}, 
 {{{0., 0.0075110705940094405, 0.007511070594009437, 0.007511070594009444}, 
   {-0.0075110705940094405, 0., -0.008181199589252291, 0.008181199589252348}, 
   {-0.007511070594009437, 0.008181199589252291, 0., -0.008181199589252314}, 
   {-0.007511070594009444, -0.008181199589252348, 0.008181199589252314, 0.}}, 
  {{0., 0.007511070594009441, 0.007511070594009442, 0.007511070594009451}, 
   {-0.007511070594009441, 0., -0.008181199589252189, 0.008181199589252366}, 
   {-0.007511070594009442, 0.008181199589252189, 0., -0.008181199589252383}, 
   {-0.007511070594009451, -0.008181199589252366, 0.008181199589252383, 
    0.}}}, {0, 0}, {{-1.5717875854832286, -1.5704866298944231}, 
  {-6.298511003153193, -1.5730885410720346, -1.5761669605045618}, 
  {-1.573146575945404, -1.5718456203565985}, {{2, 0.0035939057457905384}, 
   {3, 0.001408360697947416}, {4, 0.0005520317590351279}, 
   {5, 0.00021640080487733}, {6, 0.00008483437046246864}}, 
  {{2, 0.1409224162000658}, {3, 0.0773259169509772}, 
   {4, 0.05572528778044579}, {5, 0.047694412162136414}, 
   {6, 0.044609419313495935}}, {2.998485322069138*^-13, 0.9957646972657525}}}
