{9, 28, {{{-0.5195936594714382, 0, -0.003608345189970286, 
    0.0036083451899702754}, {0, 0.9814522578386959, 0.0010451694004621783, 
    0.0010451694004622184}, {-0.0036083451899702476, 0.0010451694004621846, 
    -0.00047251704255965067, 0.008359488231184625}, 
   {0.0036083451899702633, 0.0010451694004621854, 0.008359488231184608, 
    -0.00047251704255967756}}, {{-0.5195936594714383, 0.0036083451899702875, 
    0, -0.0036083451899702685}, {0.0036083451899702576, 
    -0.0004725170425596628, 0.0010451694004621757, 0.008359488231184643}, 
   {0, 0.0010451694004621804, 0.9814522578386959, 0.0010451694004622143}, 
   {-0.003608345189970258, 0.008359488231184604, 0.0010451694004621947, 
    -0.00047251704255968363}}, {{-0.5195936594714383, -0.0036083451899702277, 
    0.003608345189970233, 0}, {-0.003608345189970198, -0.0004725170425596732, 
    0.008359488231184639, 0.0010451694004622065}, 
   {0.003608345189970192, 0.00835948823118466, -0.0004725170425597114, 
    0.0010451694004622097}, {0, 0.0010451694004621882, 0.0010451694004621932, 
    0.9814522578386959}}}, 
 {{{0., 0.03888174086537973, 0.03888174086537974, 0.03888174086537978}, 
   {-0.03888174086537973, 0., -0.04185661247327534, 0.04185661247327519}, 
   {-0.03888174086537974, 0.04185661247327534, 0., -0.041856612473275184}, 
   {-0.03888174086537978, -0.04185661247327519, 0.041856612473275184, 0.}}, 
  {{0., 0.03888174086537972, 0.03888174086537973, 0.03888174086537983}, 
   {-0.03888174086537972, 0., -0.041856612473275184, 0.04185661247327544}, 
   {-0.03888174086537973, 0.041856612473275184, 0., -0.04185661247327544}, 
   {-0.03888174086537983, -0.04185661247327544, 0.04185661247327544, 0.}}}, 
 {0, 0}, {{-1.5007319047261258, -1.4670593293933427}, 
  {-6.296576184125408, -1.5344044800589087, -1.6138836120037954}, 
  {-1.5356926372516255, -1.5020200619188424}, {{2, 0.018831122236344103}, 
   {3, 0.007608623502625297}, {4, 0.0030988943649156303}, 
   {5, 0.0012666940486043693}, {6, 0.0005185632015413666}, 
   {7, 0.00021242622541303713}, {8, 0.00008704193421017747}}, 
  {{2, 0.13800135389279272}, {3, 0.07416014544396166}, 
   {4, 0.05206063104172304}, {5, 0.043576432757296425}, 
   {6, 0.040189272834083384}, {7, 0.03881581806048519}, 
   {8, 0.03825538082509525}}, {5.377550077992451*^-9, 0.893747974807392}}}
