{28, 32, {{{-0.5240250193827414, 0, -0.0001803028552286982, 
    0.00018030285522867057}, {0, 0.9990191704578323, -0.00033353833546687767, 
    -0.00033353833546716715}, {-0.000180302855228634, -0.0003335383354670945, 
    0.0004092427627267834, 0.0007985570549923811}, 
   {0.00018030285522865493, -0.00033353833546745284, 0.0007985570549926382, 
    0.0004092427627269213}}, {{-0.5240250193827416, 0.00018030285522873974, 
    0, -0.00018030285522870418}, {0.0001803028552286661, 
    0.0004092427627269504, -0.00033353833546712725, 0.0007985570549926655}, 
   {0, -0.0003335383354668946, 0.9990191704578326, -0.0003335383354671368}, 
   {-0.00018030285522867664, 0.0007985570549928596, -0.00033353833546736377, 
    0.0004092427627269968}}, {{-0.5240250193827412, -0.0001803028552286937, 
    0.0001803028552286832, 0}, {-0.00018030285522861516, 
    0.00040924276272648417, 0.0007985570549929391, -0.00033353833546744666}, 
   {0.0001803028552286144, 0.000798557054992421, 0.0004092427627263584, 
    -0.0003335383354673496}, {0, -0.0003335383354671935, 
    -0.00033353833546681235, 0.9990191704578338}}}, 
 {{{0., 0.03104217251054257, 0.031042172510542563, 0.031042172510542747}, 
   {-0.03104217251054257, 0., -0.01109349404512689, 0.011093494045126441}, 
   {-0.031042172510542563, 0.01109349404512689, 0., -0.011093494045126554}, 
   {-0.031042172510542747, -0.011093494045126441, 0.011093494045126554, 0.}}, 
  {{0., 0.031042172510542528, 0.03104217251054258, 0.031042172510542768}, 
   {-0.031042172510542528, 0., -0.011093494045126901, 0.01109349404512644}, 
   {-0.03104217251054258, 0.011093494045126901, 0., -0.011093494045126485}, 
   {-0.031042172510542768, -0.01109349404512644, 0.011093494045126485, 0.}}}, 
 {0, 0}, {{-1.5696603065136205, -1.5658966431160302}, 
  {-6.29844435256331, -1.5734239699112114, -1.5757982063704437}, 
  {-1.5722146455486026, -1.5684509821510122}, {{2, 0.0037733231213651526}, 
   {3, 0.002955242790423883}, {4, 0.0023148080017390445}, 
   {5, 0.0018133748728670213}, {6, 0.001420711456658709}, 
   {7, 0.001113175262792785}, {8, 0.0008722766875298854}, 
   {9, 0.0006835530681175116}, {10, 0.0005356885863058158}, 
   {11, 0.00041982707558131313}, {12, 0.0003290355558412429}, 
   {13, 0.00025788533446137116}, {14, 0.0002021247677276919}, 
   {15, 0.00015842350112897988}, {16, 0.00012417248009347764}, 
   {17, 0.000097327502571673}, {18, 0.00007628678779480341}, 
   {19, 0.00005979513496800343}, {20, 0.00004686887750934843}, 
   {21, 0.00003673710816797654}, {22, 0.000028795639391693967}, 
   {23, 0.00002257093452875253}, {24, 0.000017691847370958358}, 
   {25, 0.000013867477719455013}, {26, 0.000010869818167537348}, 
   {27, 8.520154718912737*^-6}}, {{2, 0.1823763089736852}, 
   {3, 0.22833845121326174}, {4, 0.25596630462336156}, 
   {5, 0.2739561598276945}, {6, 0.2862881379137898}, {7, 0.2950426682723475}, 
   {8, 0.3014131903240975}, {9, 0.3061328841227464}, 
   {10, 0.30967627662836855}, {11, 0.31236316310071427}, 
   {12, 0.31441600814107273}, {13, 0.3159934931769231}, 
   {14, 0.31721107011984634}, {15, 0.31815406804099833}, 
   {16, 0.3188863418627015}, {17, 0.31945614910801856}, 
   {18, 0.31990024443032317}, {19, 0.32024679378633925}, 
   {20, 0.3205174860690042}, {21, 0.3207290863161172}, 
   {22, 0.32089459242988405}, {23, 0.32102410543226556}, 
   {24, 0.3211254896478729}, {25, 0.32120487689141564}, 
   {26, 0.3212670535999061}, {27, 0.3213157593696282}}, 
  {1.863846435649407*^-12, 0.9941294342880543}}}
