{20, 32, {{{-0.52409193198073, 0, -0.0003062217669531677, 
    0.00030622176695317303}, {0, 0.9985515219191803, -0.00017054836514580662, 
    -0.00017054836514609405}, {-0.00030622176695313237, 
    -0.00017054836514596335, 0.00024074757478200707, 0.0008728581993129928}, 
   {0.0003062217669531652, -0.00017054836514592301, 0.0008728581993129137, 
    0.0002407475747817833}}, {{-0.52409193198073, 0.0003062217669531674, 0, 
    -0.00030622176695317086}, {0.000306221766953142, 0.00024074757478188998, 
    -0.00017054836514595668, 0.0008728581993128555}, 
   {0, -0.00017054836514580662, 0.9985515219191803, -0.00017054836514595427}, 
   {-0.00030622176695317325, 0.0008728581993130647, -0.00017054836514606653, 
    0.00024074757478195763}}, {{-0.5240919319807303, -0.00030622176695312695, 
    0.00030622176695312294, 0}, {-0.00030622176695309833, 
    0.00024074757478163063, 0.0008728581993130705, -0.00017054836514592627}, 
   {0.000306221766953087, 0.0008728581993128978, 0.00024074757478148578, 
    -0.0001705483651460565}, {0, -0.00017054836514608968, 
    -0.00017054836514596313, 0.9985515219191814}}}, 
 {{{0., 0.02979050508438346, 0.029790505084383447, 0.029790505084383648}, 
   {-0.02979050508438346, 0., -0.019653460323093806, 0.019653460323093515}, 
   {-0.029790505084383447, 0.019653460323093806, 0., -0.01965346032309347}, 
   {-0.029790505084383648, -0.019653460323093515, 0.01965346032309347, 0.}}, 
  {{0., 0.029790505084383447, 0.029790505084383447, 0.02979050508438367}, 
   {-0.029790505084383447, 0., -0.019653460323093737, 0.019653460323093612}, 
   {-0.029790505084383447, 0.019653460323093737, 0., -0.01965346032309371}, 
   {-0.02979050508438367, -0.019653460323093612, 0.01965346032309371, 0.}}}, 
 {0, 0}, {{-1.5675009446553858, -1.5623410778164555}, 
  {-6.29846101366765, -1.5726608114943135, -1.5765696953395114}, 
  {-1.5717829176660572, -1.5666230508271268}, {{2, 0.0050974283087522314}, 
   {3, 0.0039945287722210985}, {4, 0.0031305513092429113}, 
   {5, 0.0024537254642400634}, {6, 0.0019234511140421122}, 
   {7, 0.0015079337939482088}, {8, 0.0011822886708000406}, 
   {9, 0.0009270406432948172}, {10, 0.0007269461282193579}, 
   {11, 0.0005700707417468712}, {12, 0.0004470683796449215}, 
   {13, 0.00035061796455460384}, {14, 0.00027498332927348296}, 
   {15, 0.00021566919037210863}, {16, 0.00016915210887061619}, 
   {17, 0.00013266999451520822}, {18, 0.00010405734295643176}, 
   {19, 0.00008161622057863138}}, {{2, 0.34508205372974476}, 
   {3, 0.12879187537942227}, {4, 0.023839556932972367}, 
   {5, 0.03670260395065004}, {6, 0.07515287625401962}, 
   {7, 0.10108462117312234}, {8, 0.11929022349408416}, 
   {9, 0.13243522276149625}, {10, 0.14211988716230067}, 
   {11, 0.14936184445938785}, {12, 0.1548375764113743}, 
   {13, 0.15901266499258182}, {14, 0.16221643113277762}, 
   {15, 0.16468691356466364}, {16, 0.1665991495526166}, 
   {17, 0.1680836124804317}, {18, 0.16923861123153172}, 
   {19, 0.17013885351349445}}, {5.762808099112984*^-11, 0.9913405421316233}}}
