{15, 40, {{{-0.5214013980008384, 0, -0.002128341588346143, 
    0.0021283415883461484}, {0, 0.9892837394577834, 0.00031189741870140796, 
    0.00031189741870136785}, {-0.0021283415883461207, 0.00031189741870129087, 
    0.00003208852391568817, 0.005035569749771908}, 
   {0.0021283415883461398, 0.000311897418701308, 0.005035569749771915, 
    0.00003208852391569164}}, {{-0.5214013980008383, 0.002128341588346136, 0, 
    -0.0021283415883461437}, {0.0021283415883461164, 0.00003208852391570205, 
    0.00031189741870128144, 0.005035569749771916}, 
   {0, 0.0003118974187013958, 0.9892837394577834, 0.00031189741870135527}, 
   {-0.0021283415883461363, 0.0050355697497718845, 0.00031189741870133055, 
    0.00003208852391570205}}, {{-0.5214013980008383, -0.002128341588346098, 
    0.002128341588346093, 0}, {-0.002128341588346062, 
    0.000032088523915637865, 0.0050355697497718906, 0.0003118974187013467}, 
   {0.00212834158834606, 0.005035569749771968, 0.00003208852391561878, 
    0.0003118974187013472}, {0, 0.0003118974187013364, 
    0.00031189741870133565, 0.9892837394577836}}}, 
 {{{0., 0.06294519371288657, 0.0629451937128866, 0.06294519371288686}, 
   {-0.06294519371288657, 0., -0.06212793306858662, 0.06212793306858633}, 
   {-0.0629451937128866, 0.06212793306858662, 0., -0.06212793306858632}, 
   {-0.06294519371288686, -0.06212793306858633, 0.06212793306858632, 0.}}, 
  {{0., 0.06294519371288658, 0.0629451937128866, 0.06294519371288698}, 
   {-0.06294519371288658, 0., -0.062127933068586425, 0.06212793306858669}, 
   {-0.0629451937128866, 0.062127933068586425, 0., -0.062127933068586674}, 
   {-0.06294519371288698, -0.06212793306858669, 0.062127933068586674, 0.}}}, 
 {0, 0}, {{-1.5288012699441782, -1.498274473335343}, 
  {-6.2977358145895215, -1.5593280665530145, -1.5895398407417463}, 
  {-1.5591298913787603, -1.5286030947699252}, {{2, 0.00012767921458873427}, 
   {3, 0.00010147456121398224}, {4, 0.00008064911006500086}, 
   {5, 0.00006409874445366393}, {6, 0.000050945451843475986}, 
   {7, 0.00004049170368798649}, {8, 0.000032183290779030926}, 
   {9, 0.00002557984123233159}, {10, 0.000020331415829383248}, 
   {11, 0.00001615992332840155}, {12, 0.000012844360178010383}, 
   {13, 0.000010209085774481874}, {14, 8.114507801110227*^-6}}, 
  {{2, 0.0029439946661703412}, {3, 0.0037260150636312336}, 
   {4, 0.004345694894799377}, {5, 0.004837049300224068}, 
   {6, 0.005226846690337196}, {7, 0.005536200049780883}, 
   {8, 0.00578178804292182}, {9, 0.005976802901231153}, 
   {10, 0.006131689647989866}, {11, 0.006254724771086739}, 
   {12, 0.006352470594517844}, {13, 0.006430132923839137}, 
   {14, 0.006491843110595343}}, {5.750709532213423*^-8, 0.937400594587718}}}
