{11, 32, {{{-0.5238340284692937, 0, -0.0006380687509429126, 
    0.0006380687509429068}, {0, 0.9966040969784926, 0.00014081802044170933, 
    0.00014081802044167132}, {-0.0006380687509428688, 0.00014081802044179384, 
    -0.00004474450388965547, 0.0015370332319048767}, 
   {0.0006380687509428943, 0.00014081802044175486, 0.0015370332319048381, 
    -0.00004474450388954141}}, {{-0.5238340284692937, 0.0006380687509429052, 
    0, -0.0006380687509429045}, {0.0006380687509428664, 
    -0.00004474450388964463, 0.00014081802044179628, 0.0015370332319048215}, 
   {0, 0.0001408180204417125, 0.996604096978493, 0.00014081802044174472}, 
   {-0.0006380687509428944, 0.0015370332319049065, 0.00014081802044168452, 
    -0.000044744503889665443}}, {{-0.5238340284692939, -0.000638068750942877, 
    0.00063806875094287, 0}, {-0.0006380687509428192, 
    -0.000044744503889789476, 0.0015370332319049255, 0.0001408180204417606}, 
   {0.0006380687509428232, 0.0015370332319048733, -0.0000447445038896932, 
    0.0001408180204416937}, {0, 0.00014081802044167057, 
    0.00014081802044173123, 0.9966040969784933}}}, 
 {{{0., 0.017190251337913114, 0.017190251337913118, 0.017190251337913125}, 
   {-0.017190251337913114, 0., -0.017670921260933923, 0.017670921260933843}, 
   {-0.017190251337913118, 0.017670921260933923, 0., -0.017670921260933836}, 
   {-0.017190251337913125, -0.017670921260933843, 0.017670921260933836, 0.}}, 
  {{0., 0.01719025133791311, 0.017190251337913118, 0.017190251337913166}, 
   {-0.01719025133791311, 0., -0.017670921260933864, 0.017670921260933944}, 
   {-0.017190251337913118, 0.017670921260933864, 0., -0.01767092126093394}, 
   {-0.017190251337913166, -0.017670921260933944, 0.01767092126093394, 0.}}}, 
 {0, 0}, {{-1.560501565434251, -1.553951199917579}, 
  {-6.2983813229198935, -1.5670519309509219, -1.5821387305090249}, 
  {-1.5671435108710403, -1.5605931453543684}, {{2, 0.008215487927437076}, 
   {3, 0.0032337707107819025}, {4, 0.0012745077671117017}, 
   {5, 0.0005025959035857147}, {6, 0.00019824168257618485}, 
   {7, 0.00007820073790509169}, {8, 0.0000308491025133098}, 
   {9, 0.000012169716623461335}, {10, 4.800880157793119*^-6}}, 
  {{2, 0.1073032757896812}, {3, 0.04700935153523459}, 
   {4, 0.026476560032530273}, {5, 0.018807840800023207}, 
   {6, 0.015845805310125693}, {7, 0.014686912823756847}, 
   {8, 0.014231218205673192}, {9, 0.014051678755596856}, 
   {10, 0.013980887003107631}}, {3.044774616722305*^-11, 0.979796782981323}}}
