{3, 32, {{{-0.5128182413955003, 0, -0.008138243705307276, 
    0.008138243705307269}, {0, 0.9621968103068077, 0.0012466920696465942, 
    0.0012466920696465734}, {-0.008138243705307238, 0.0012466920696465023, 
    0.00023698695176692939, 0.01824003974855463}, 
   {0.00813824370530725, 0.0012466920696465188, 0.0182400397485546, 
    0.0002369869517668934}}, {{-0.5128182413955003, 0.008138243705307283, 0, 
    -0.008138243705307266}, {0.00813824370530723, 0.0002369869517669194, 
    0.0012466920696465027, 0.018240039748554607}, 
   {0, 0.0012466920696465995, 0.9621968103068077, 0.0012466920696465845}, 
   {-0.008138243705307245, 0.0182400397485546, 0.0012466920696465127, 
    0.00023698695176693763}}, {{-0.5128182413955003, -0.008138243705307222, 
    0.008138243705307219, 0}, {-0.008138243705307191, 0.00023698695176685176, 
    0.01824003974855465, 0.0012466920696465687}, 
   {0.008138243705307191, 0.0182400397485546, 0.00023698695176688211, 
    0.0012466920696465613}, {0, 0.0012466920696465118, 0.0012466920696464938, 
    0.9621968103068077}}}, 
 {{{0., 0.05891077940691451, 0.05891077940691451, 0.05891077940691454}, 
   {-0.05891077940691451, 0., -0.05864475340097419, 0.05864475340097393}, 
   {-0.05891077940691451, 0.05864475340097419, 0., -0.058644753400973935}, 
   {-0.05891077940691454, -0.05864475340097393, 0.058644753400973935, 0.}}, 
  {{0., 0.05891077940691451, 0.05891077940691451, 0.05891077940691463}, 
   {-0.05891077940691451, 0., -0.058644753400973984, 0.05864475340097426}, 
   {-0.05891077940691451, 0.058644753400973984, 0., -0.05864475340097424}, 
   {-0.05891077940691463, -0.05864475340097426, 0.05864475340097424, 0.}}}, 
 {0, 0}, {{-1.4192821440723, -1.3478566199399198}, 
  {-6.289434605396077, -1.490707668204681, -1.6540096344933577}, 
  {-1.4905463985092327, -1.4191208743768524}, {{2, 0.00006696678781056842}}, 
  {{2, 0.002257872061944083}}, {4.0679441955111514*^-8, 0.7935667763748174}}}
{10, 32, {{{-0.512841328032321, 0, -0.00812778760592027, 
    0.008127787605920245}, {0, 0.9622256235915939, 0.001255637108476414, 
    0.0012556371084764188}, {-0.008127787605920228, 0.0012556371084762848, 
    0.0002253883454662875, 0.018217265881212703}, 
   {0.008127787605920242, 0.00125563710847633, 0.018217265881212745, 
    0.00022538834546622245}}, {{-0.5128413280323212, 0.00812778760592027, 0, 
    -0.008127787605920256}, {0.008127787605920225, 0.0002253883454662914, 
    0.001255637108476274, 0.018217265881212762}, {0, 0.0012556371084764088, 
    0.9622256235915938, 0.001255637108476391}, {-0.008127787605920245, 
    0.018217265881212717, 0.001255637108476365, 0.000225388345466232}}, 
  {{-0.5128413280323211, -0.008127787605920204, 0.008127787605920214, 0}, 
   {-0.008127787605920209, 0.0002253883454662077, 0.01821726588121273, 
    0.0012556371084763989}, {0.00812778760592021, 0.018217265881212814, 
    0.00022538834546620423, 0.0012556371084764385}, 
   {0, 0.001255637108476345, 0.0012556371084763056, 0.9622256235915936}}}, 
 {{{0., 0.058854095814984145, 0.05885409581498413, 0.05885409581498417}, 
   {-0.058854095814984145, 0., -0.05863565037445176, 0.058635650374451447}, 
   {-0.05885409581498413, 0.05863565037445176, 0., -0.05863565037445143}, 
   {-0.05885409581498417, -0.058635650374451447, 0.05863565037445143, 0.}}, 
  {{0., 0.05885409581498414, 0.05885409581498412, 0.05885409581498424}, 
   {-0.05885409581498414, 0., -0.05863565037445155, 0.058635650374451787}, 
   {-0.05885409581498412, 0.05863565037445155, 0., -0.05863565037445177}, 
   {-0.05885409581498424, -0.058635650374451787, 0.05863565037445177, 0.}}}, 
 {0, 0}, {{-1.4194418148613652, -1.34808501593181}, 
  {-6.2895764424735034, -1.4907986137909217, -1.65398960744583}, 
  {-1.4906661882803314, -1.4193093893507762}, {{2, 0.028753876353572655}, 
   {3, 0.012052621660370966}, {4, 0.005158575382391603}, 
   {5, 0.0022295968143040135}, {6, 0.000967897767211276}, 
   {7, 0.0004209911379743636}, {8, 0.00018326701073249907}, 
   {9, 0.00007980980181766795}}, {{2, 0.09244529518259044}, 
   {3, 0.03340327345590207}, {4, 0.01247965247976027}, 
   {5, 0.004106925128335433}, {6, 0.0005891316614445112}, 
   {7, 0.0009195452892091727}, {8, 0.0015723080274972767}, 
   {9, 0.0018558219059149749}}, {4.064157029426387*^-8, 0.7937093686830646}}}
