{9, 40, {{{-0.524607032259814, 0, -0.0001565216588946776, 
    0.00015652165889468183}, {0, 0.9991627913598502, 0.000030215528281134544, 
    0.000030215528281160673}, {-0.00015652165889465508, 
    0.000030215528281213785, -6.556558519130694*^-6, 0.0003813828877997027}, 
   {0.00015652165889469582, 0.00003021552828119549, 0.00038138288779969085, 
    -6.55655851910901*^-6}}, {{-0.5246070322598139, 0.00015652165889469026, 
    0, -0.00015652165889468782}, {0.00015652165889465722, 
    -6.556558519102071*^-6, 0.000030215528281196452, 0.00038138288779972966}, 
   {0, 0.000030215528281127646, 0.9991627913598502, 0.00003021552828117421}, 
   {-0.00015652165889470007, 0.00038138288779971286, 0.00003021552828119158, 
    -6.556558519249522*^-6}}, {{-0.5246070322598142, -0.00015652165889466427, 
    0.00015652165889466232, 0}, {-0.00015652165889460577, 
    -6.556558519474169*^-6, 0.000381382887799794, 0.00003021552828119349}, 
   {0.00015652165889460987, 0.0003813828877999344, -6.556558519416056*^-6, 
    0.000030215528281187283}, {0, 0.000030215528281161188, 
    0.00003021552828117342, 0.9991627913598509}}}, 
 {{{0., 0.017278083166699244, 0.01727808316669923, 0.017278083166699362}, 
   {-0.017278083166699244, 0., -0.01746445119637042, 0.017464451196370287}, 
   {-0.01727808316669923, 0.01746445119637042, 0., -0.01746445119637028}, 
   {-0.017278083166699362, -0.017464451196370287, 0.01746445119637028, 0.}}, 
  {{0., 0.017278083166699265, 0.017278083166699244, 0.01727808316669936}, 
   {-0.017278083166699265, 0., -0.01746445119637044, 0.017464451196370377}, 
   {-0.017278083166699244, 0.01746445119637044, 0., -0.017464451196370388}, 
   {-0.01727808316669936, -0.017464451196370377, 0.017464451196370388, 0.}}}, 
 {0, 0}, {{-1.5710049552007446, -1.568610833768576}, 
  {-6.298425504595145, -1.573399076632915, -1.5758136756646577}, 
  {-1.5734119885887663, -1.5710178671565977}, {{2, 0.000041118856248884006}, 
   {3, 0.000032227853048853033}, {4, 0.000025259362456037104}, 
   {5, 0.000019797662739136357}, {6, 0.000015516932535295652}, 
   {7, 0.00001216180810831996}, {8, 9.532145792807978*^-6}}, 
  {{2, 0.008757198437010168}, {3, 0.007805774085654022}, 
   {4, 0.007062564651396467}, {5, 0.006481579769908522}, 
   {6, 0.006027150851856286}, {7, 0.0056715517333136775}, 
   {8, 0.005393191706307882}}, {2.837459408444181*^-11, 0.9949872502047793}}}
