{28, 32, {{{-0.5244702709728051, 0, -0.00024342208966849195, 
    0.00024342208966848453}, {0, 0.9986918119308119, 0.00005342764959827151, 
    0.00005342764959829726}, {-0.00024342208966845146, 0.0000534276495983689, 
    -0.00001712037156826338, 0.0005905602141810712}, 
   {0.00024342208966847005, 0.00005342764959820632, 0.0005905602141811784, 
    -0.000017120371568079065}}, {{-0.5244702709728052, 0.0002434220896685066, 
    0, -0.00024342208966849033}, {0.00024342208966846563, 
    -0.000017120371568257742, 0.000053427649598365064, 
    0.0005905602141812334}, {0, 0.00005342764959826255, 0.9986918119308119, 
    0.00005342764959819341}, {-0.00024342208966847515, 0.0005905602141810914, 
    0.00005342764959832652, -0.000017120371568091208}}, 
  {{-0.5244702709728057, -0.00024342208966845894, 0.00024342208966844864, 0}, 
   {-0.00024342208966840823, -0.00001712037156854137, 0.000590560214181114, 
    0.000053427649598214265}, {0.00024342208966840123, 0.0005905602141813255, 
    -0.00001712037156845203, 0.00005342764959832986}, 
   {0, 0.00005342764959830088, 0.00005342764959818233, 0.9986918119308128}}}, 
 {{{0., 0.02135985455318805, 0.021359854553188055, 0.021359854553188194}, 
   {-0.02135985455318805, 0., -0.021921734560830228, 0.02192173456083004}, 
   {-0.021359854553188055, 0.021921734560830228, 0., -0.021921734560830096}, 
   {-0.021359854553188194, -0.02192173456083004, 0.021921734560830096, 0.}}, 
  {{0., 0.02135985455318804, 0.021359854553188073, 0.021359854553188187}, 
   {-0.02135985455318804, 0., -0.02192173456083006, 0.021921734560830172}, 
   {-0.021359854553188073, 0.02192173456083006, 0., -0.02192173456083026}, 
   {-0.021359854553188187, -0.021921734560830172, 0.02192173456083026, 0.}}}, 
 {0, 0}, {{-1.5690215904917846, -1.5653219551589448}, 
  {-6.298439069552191, -1.572721225824625, -1.5764983089514704}, 
  {-1.5727698860606745, -1.5690702507278347}, {{2, 0.003622771832332436}, 
   {3, 0.002839794612854567}, {4, 0.002226147120704085}, 
   {5, 0.0017452046214257722}, {6, 0.0013682469381680416}, 
   {7, 0.001072768850647915}, {8, 0.0008411402044372109}, 
   {9, 0.0006595504974705874}, {10, 0.0005171805359060269}, 
   {11, 0.0004055534676210143}, {12, 0.0003180267435380496}, 
   {13, 0.0002493944931467214}, {14, 0.00019557629949117084}, 
   {15, 0.000153373553691237}, {16, 0.00012027866930822487}, 
   {17, 0.00009432565226408576}, {18, 0.0000739730357165666}, 
   {19, 0.000058012151975435355}, {20, 0.00004549524562719176}, 
   {21, 0.00003567912829851444}, {22, 0.00002798100999439057}, 
   {23, 0.000021943872378093338}, {24, 0.000017209320591429073}, 
   {25, 0.000013496297166792903}, {26, 0.00001058439144364584}, 
   {27, 8.300751864202122*^-6}}, {{2, 0.828333913033112}, 
   {3, 0.4880566180863807}, {4, 0.32290250169999213}, 
   {5, 0.22761151243904823}, {6, 0.1670809499452605}, 
   {7, 0.1262518406620824}, {8, 0.09758449543632919}, 
   {9, 0.07688451252467704}, {10, 0.06163325423936592}, 
   {11, 0.050228773570440935}, {12, 0.04160596057340685}, 
   {13, 0.0350316485683516}, {14, 0.029987179781673454}, 
   {15, 0.02609762436769407}, {16, 0.0230872678219245}, 
   {17, 0.020750585276180573}, {18, 0.018932717752724728}, 
   {19, 0.017515986136281376}, {20, 0.016410362379097397}, 
   {21, 0.015546606582912343}, {22, 0.014871244113910909}, 
   {23, 0.014342840039722667}, {24, 0.013929205282432178}, 
   {25, 0.01360528258595524}, {26, 0.013351535193273662}, 
   {27, 0.013152711462592297}}, {1.1098121849838144*^-10, 
   0.9921764971936361}}}
