{10, 32, {{{-0.5247230258766433, 0, -0.00008701453457402525, 
    0.0000870145345740334}, {0, 0.9995359881500248, 0.000015131177833032196, 
    0.000015131177832988937}, {-0.00008701453457398578, 
    0.000015131177833047036, -1.8690538843312877*^-6, 
    0.00021278440292777978}, {0.00008701453457402467, 0.00001513117783278735, 
    0.00021278440292764236, -1.8690538842510568*^-6}}, 
  {{-0.5247230258766433, 0.00008701453457401033, 0, -0.00008701453457403787}, 
   {0.00008701453457397962, -1.869053884257562*^-6, 0.000015131177833058122, 
    0.0002127844029278465}, {0, 0.000015131177833039426, 0.9995359881500248, 
    0.000015131177832879969}, {-0.00008701453457402229, 
    0.00021278440292748387, 0.000015131177832904892, 
    -1.8690538844401416*^-6}}, 
  {{-0.5247230258766437, -0.00008701453457397816, 0.00008701453457399694, 0}, 
   {-0.00008701453457392715, -1.8690538847020849*^-6, 0.0002127844029277814, 
    0.00001513117783280761}, {0.00008701453457393432, 0.00021278440292805929, 
    -1.8690538846899418*^-6, 0.000015131177832916739}, 
   {0, 0.00001513117783298769, 0.00001513117783288134, 0.9995359881500261}}}, 
 {{{0., 0.006483147830124604, 0.006483147830124603, 0.006483147830124594}, 
   {-0.006483147830124604, 0., -0.006481124570401054, 0.006481124570400662}, 
   {-0.006483147830124603, 0.006481124570401054, 0., -0.006481124570400643}, 
   {-0.006483147830124594, -0.006481124570400662, 0.006481124570400643, 0.}}, 
  {{0., 0.006483147830124595, 0.0064831478301245905, 0.006483147830124611}, 
   {-0.006483147830124595, 0., -0.006481124570400942, 0.0064811245704007505}, 
   {-0.0064831478301245905, 0.006481124570400942, 0., 
    -0.0064811245704006724}, {-0.006483147830124611, -0.0064811245704007505, 
    0.0064811245704006724, 0.}}}, {0, 0}, 
 {{-1.572643948543757, -1.5717231589461083}, {-6.298445825129117, 
   -1.5735647381414077, -1.5756581744231508}, 
  {-1.573564594461473, -1.572643804863824}, {{2, 0.0030907331478357385}, 
   {3, 0.001210799262087692}, {4, 0.00047441518754700283}, 
   {5, 0.0001858993552424429}, {6, 0.00007284681155921707}, 
   {7, 0.000028546214446001708}, {8, 0.000011186354885939914}, 
   {9, 4.38358552589356*^-6}}, {{2, 0.09021412179322452}, 
   {3, 0.03165999788136263}, {4, 0.011775572883736674}, 
   {5, 0.004385050052516859}, {6, 0.0015470950602174943}, 
   {7, 0.00044372080767847877}, {8, 0.000012671627392186707}, 
   {9, 0.00015603991894268737}}, {7.411433450837927*^-14, 
   0.9972191565077001}}}
