{9, 32, {{{-0.5209284870728086, 0, -0.0002563359371220669, 
    0.0002563359371220053}, {0, 0.996454102967535, -0.00182341309888183, 
    -0.0018234130988802578}, {-0.00025633593712209434, 
    -0.0018234130988805696, 0.002172609329959829, 0.003453070643495393}, 
   {0.0002563359371221108, -0.001823413098880415, 0.003453070643495753, 
    0.0021726093299613784}}, {{-0.5209284870728094, 0.00025633593712208003, 
    0, -0.0002563359371219666}, {0.0002563359371221516, 
    0.0021726093299607044, -0.0018234130988805546, 0.0034530706434960914}, 
   {0, -0.0018234130988817874, 0.9964541029675349, -0.0018234130988809558}, 
   {-0.0002563359371222042, 0.0034530706434955424, -0.001823413098879724, 
    0.002172609329959746}}, {{-0.5209284870728095, -0.0002563359371219505, 
    0.0002563359371220169, 0}, {-0.00025633593712203286, 
    0.002172609329959563, 0.0034530706434946256, -0.0018234130988803942}, 
   {0.0002563359371220347, 0.0034530706434960185, 0.002172609329960523, 
    -0.0018234130988797484}, {0, -0.001823413098880276, 
    -0.001823413098881152, 0.9964541029675368}}}, 
 {{{0., 0.06703774667244974, 0.0670377466724498, 0.06703774667245022}, 
   {-0.06703774667244974, 0., -0.006973144176610809, 0.0069731441766134605}, 
   {-0.0670377466724498, 0.006973144176610809, 0., -0.006973144176612642}, 
   {-0.06703774667245022, -0.0069731441766134605, 0.006973144176612642, 0.}}, 
  {{0., 0.06703774667244969, 0.06703774667244974, 0.06703774667245035}, 
   {-0.06703774667244969, 0., -0.0069731441766110475, 0.006973144176613681}, 
   {-0.06703774667244974, 0.0069731441766110475, 0., -0.00697314417661362}, 
   {-0.06703774667245035, -0.006973144176613681, 0.00697314417661362, 0.}}}, 
 {0, 0}, {{-1.5591148849997118, -1.5475036066735495}, 
  {-6.3009704686291865, -1.5707261633258731, -1.5797590709887201}, 
  {-1.5655244161629125, -1.5539131378367501}, {{2, 0.013258487218010463}, 
   {3, 0.01037384526422452}, {4, 0.00812153042822255}, 
   {5, 0.006362765891832725}, {6, 0.004988438687481764}, 
   {7, 0.0039135229833880125}, {8, 0.0030719864306526234}}, 
  {{2, 0.38597865507247003}, {3, 0.414939217521815}, 
   {4, 0.42895372650420116}, {5, 0.43701863945719294}, 
   {6, 0.44213111863811383}, {7, 0.44557478718475163}, 
   {8, 0.4479909116673946}}, {1.1496664785337632*^-13, 0.9789123292810497}}}
