{3, 28, {{{-0.5248753884486108, 0, 1.605803960137954*^-8, 
    -1.6058039610256805*^-8}, {0, 0.9999998854869615, 
    -4.9998519639615475*^-8, -4.9998520046037064*^-8}, 
   {1.6058039608148447*^-8, -4.9998520118028955*^-8, 6.028607800294405*^-8, 
    1.0392547283766497*^-7}, {-1.605803961198242*^-8, -4.999851970859213*^-8, 
    1.0392547308769707*^-7, 6.028607818595738*^-8}}, 
  {{-0.5248753884486109, -1.605803960023827*^-8, 0, 1.6058039609104817*^-8}, 
   {-1.605803960629054*^-8, 6.028607801161767*^-8, -4.999852012066731*^-8, 
    1.039254729169871*^-7}, {0, -4.999851964011373*^-8, 0.9999998854869614, 
    -4.999852011313755*^-8}, {1.605803961195156*^-8, 1.0392547304175364*^-7, 
    -4.999851963821955*^-8, 6.028607818509002*^-8}}, 
  {{-0.5248753884486109, 1.6058039596889328*^-8, -1.605803960065602*^-8, 0}, 
   {1.605803959388459*^-8, 6.028607803330172*^-8, 1.0392547288155797*^-7, 
    -4.9998519707967097*^-8}, {-1.6058039598959152*^-8, 
    1.0392547298438018*^-7, 6.028607801855657*^-8, -4.9998519643867945*^-8}, 
   {0, -4.999852004357027*^-8, -4.999852011332706*^-8, 0.999999885486961}}}, 
 {{{0., 0.00018099218594013497, 0.00018099218594013012, 
    0.0001809921859401314}, {-0.00018099218594013497, 0., 
    0.000042967816405736984, -0.00004296781640580206}, 
   {-0.00018099218594013012, -0.000042967816405736984, 0., 
    0.00004296781640580015}, {-0.0001809921859401314, 0.00004296781640580206, 
    -0.00004296781640580015, 0.}}, 
  {{0., 0.00018099218594013234, 0.000180992185940129, 
    0.00018099218594013204}, {-0.00018099218594013234, 0., 
    0.00004296781640586305, -0.00004296781640570805}, 
   {-0.000180992185940129, -0.00004296781640586305, 0., 
    0.00004296781640571444}, {-0.00018099218594013204, 
    0.00004296781640570805, -0.00004296781640571444, 0.}}}, {0, 0}, 
 {{-1.5746198135518832, -1.5746135437986457}, 
  {-6.298773968725314, -1.57462608330512, -1.574760901057537}, 
  {-1.5746222042040903, -1.5746159344508528}, {{2, 3.457738368449286*^-7}}, 
  {{2, 0.0008958400093836097}}, {6.293028552632526*^-27, 0.9999993129219643}}}
{3, 28, {{{-0.5248753884816534, 0, 1.605573286677883*^-8, 
    -1.6055732874388894*^-8}, {0, 0.999999885515615, -4.998309594363634*^-8, 
    -4.9983095853715804*^-8}, {1.6055732864346763*^-8, 
    -4.998309574440827*^-8, 6.026769862506332*^-8, 1.0389667851520879*^-7}, 
   {-1.6055732874592748*^-8, -4.9983095945576925*^-8, 1.0389667861589465*^-7, 
    6.026769876297383*^-8}}, {{-0.5248753884816534, -1.6055732864252564*^-8, 
    0, 1.6055732874539656*^-8}, {-1.605573286628471*^-8, 
    6.026769866496196*^-8, -4.9983095740225896*^-8, 1.0389667865363278*^-7}, 
   {0, -4.998309595095484*^-8, 0.9999998855156151, -4.998309593047416*^-8}, 
   {1.6055732874600074*^-8, 1.0389667859373017*^-7, -4.998309587096322*^-8, 
    6.02676987204731*^-8}}, {{-0.5248753884816533, 1.605573286953072*^-8, 
    -1.6055732861051762*^-8, 0}, {1.6055732864729764*^-8, 
    6.026769872827936*^-8, 1.0389667833386925*^-7, -4.998309595000959*^-8}, 
   {-1.6055732856585807*^-8, 1.0389667859661392*^-7, 6.026769858169523*^-8, 
    -4.998309587370737*^-8}, {0, -4.9983095852038884*^-8, 
    -4.9983095924880005*^-8, 0.9999998855156147}}}, 
 {{{0., 0.00018096618693099414, 0.0001809661869309843, 
    0.00018096618693098888}, {-0.00018096618693099414, 0., 
    0.000042967816293019274, -0.00004296781629302818}, 
   {-0.0001809661869309843, -0.000042967816293019274, 0., 
    0.00004296781629302388}, {-0.00018096618693098888, 
    0.00004296781629302818, -0.00004296781629302388, 0.}}, 
  {{0., 0.00018096618693098644, 0.00018096618693099492, 
    0.00018096618693098958}, {-0.00018096618693098644, 0., 
    0.00004296781629301256, -0.00004296781629307457}, 
   {-0.00018096618693099492, -0.00004296781629301256, 0., 
    0.000042967816293046284}, {-0.00018096618693098958, 
    0.00004296781629307457, -0.000042967816293046284, 0.}}}, {0, 0}, 
 {{-1.5746198145685295, -1.5746135457159243}, 
  {-6.298773967206956, -1.5746260834211343, -1.5747609001823437}, 
  {-1.5746222047704226, -1.5746159359178173}, {{2, 1.7276204065852963*^-6}}, 
  {{2, 2.4748712123709566}}, {6.29302845356465*^-27, 0.9999993130938862}}}
