{24, 40, {{{-0.5248068792609557, 0, -0.000038157062718208225, 
    0.000038157062718217346}, {0, 0.9997921390696447, 9.510296195395199*^-6, 
    9.510296195317082*^-6}, {-0.000038157062718166795, 9.510296194964076*^-6, 
    -3.9378643197467145*^-6, 0.00009265514970380057}, 
   {0.00003815706271823278, 9.510296195184796*^-6, 0.00009265514970384578, 
    -3.9378643198906965*^-6}}, 
  {{-0.5248068792609557, 0.000038157062718215327, 0, -0.0000381570627182216}, 
   {0.00003815706271816399, -3.9378643197397756*^-6, 9.510296194968999*^-6, 
    0.00009265514970379585}, {0, 9.510296195390008*^-6, 0.9997921390696449, 
    9.51029619536518*^-6}, {-0.00003815706271824269, 0.00009265514970395122, 
    9.510296195142291*^-6, -3.937864320097129*^-6}}, 
  {{-0.5248068792609559, -0.00003815706271818768, 0.00003815706271820165, 0}, 
   {-0.0000381570627181329, -3.937864320215957*^-6, 0.00009265514970384421, 
    9.510296195191931*^-6}, {0.00003815706271814524, 0.00009265514970401085, 
    -3.937864320124884*^-6, 9.510296195154316*^-6}, 
   {0, 9.510296195313243*^-6, 9.510296195370574*^-6, 0.9997921390696458}}}, 
 {{{0., 0.008411344546185966, 0.008411344546186002, 0.008411344546186056}, 
   {-0.008411344546185966, 0., -0.008774814269386812, 0.008774814269386193}, 
   {-0.008411344546186002, 0.008774814269386812, 0., -0.008774814269386321}, 
   {-0.008411344546186056, -0.008774814269386193, 0.008774814269386321, 0.}}, 
  {{0., 0.00841134454618601, 0.008411344546185966, 0.008411344546186068}, 
   {-0.00841134454618601, 0., -0.008774814269386817, 0.008774814269386321}, 
   {-0.008411344546185966, 0.008774814269386817, 0., -0.008774814269386385}, 
   {-0.008411344546186068, -0.008774814269386321, 0.008774814269386385, 
    0.}}}, {0, 0}, {{-1.573722874350994, -1.5731401193064352}, 
  {-6.298428193473978, -1.5743056293955515, -1.5749084673414373}, 
  {-1.5743182203561044, -1.5737354653115456}, {{2, 0.001433890139168314}, 
   {3, 0.0011228615228108113}, {4, 0.0008793051891489182}, 
   {5, 0.0006885839632898771}, {6, 0.0005392349436468729}, 
   {7, 0.0004222821218815287}, {8, 0.0003306971553744438}, 
   {9, 0.00025897679109467}, {10, 0.00020281188702161307}, 
   {11, 0.00015882824726387145}, {12, 0.00012438371325200134}, 
   {13, 0.00009740930516074532}, {14, 0.0000762848494363453}, 
   {15, 0.00005974160313833819}, {16, 0.000046786012300776766}, 
   {17, 0.000036640015290139924}, {18, 0.000028694299198375392}, 
   {19, 0.00002247169762958391}, {20, 0.000017598528908167876}, 
   {21, 0.000013782151661036537}, {22, 0.000010793388789853003}, 
   {23, 8.452763648102157*^-6}}, {{2, 0.8436069333198969}, 
   {3, 0.4997794280134097}, {4, 0.332889574776027}, {5, 0.2366084641314724}, 
   {6, 0.17546596176689092}, {7, 0.13424146107686963}, 
   {8, 0.10531244332690529}, {9, 0.0844374514445262}, 
   {10, 0.06906910906984927}, {11, 0.05758699054503439}, 
   {12, 0.04891366468481429}, {13, 0.04230754102109616}, 
   {14, 0.03724410767608209}, {15, 0.033344327578256706}, 
   {16, 0.030329593154175237}, {17, 0.027992343319261294}, 
   {18, 0.026176293372815573}, {19, 0.024762775546196387}, 
   {20, 0.023661086310887286}, {21, 0.022801534085732465}, 
   {22, 0.022130351530428517}, {23, 0.021605922882167103}}, 
  {4.564861410799623*^-13, 0.9987534823307771}}}
