{10, 32, {{{-0.5246522802768232, 0, -0.00012954729822352046, 
    0.00012954729822351298}, {0, 0.9993084410393123, 0.00002365672677843975, 
    0.000023656726778501806}, {-0.00012954729822347249, 
    0.00002365672677832378, -3.989148094586323*^-6, 0.0003162086261599489}, 
   {0.0001295472982235229, 0.000023656726778384076, 0.0003162086261600628, 
    -3.989148094747652*^-6}}, {{-0.5246522802768232, 0.00012954729822351715, 
    0, -0.00012954729822351293}, {0.00012954729822349024, 
    -3.98914809457071*^-6, 0.000023656726778316103, 0.00031620862616000704}, 
   {0, 0.000023656726778430507, 0.999308441039312, 0.000023656726778430818}, 
   {-0.00012954729822352816, 0.0003162086261599608, 0.000023656726778462524, 
    -3.9891480944631574*^-6}}, {{-0.5246522802768236, -0.0001295472982234803, 
    0.00012954729822349788, 0}, {-0.00012954729822345145, 
    -3.989148094827449*^-6, 0.0003162086261599108, 0.000023656726778382985}, 
   {0.0001295472982234467, 0.00031620862616036803, -3.989148094879491*^-6, 
    0.00002365672677846085}, {0, 0.0000236567267785042, 
    0.000023656726778416893, 0.9993084410393127}}}, 
 {{{0., 0.007886006925121104, 0.007886006925121107, 0.007886006925121116}, 
   {-0.007886006925121104, 0., -0.007923397647064161, 0.007923397647064082}, 
   {-0.007886006925121107, 0.007923397647064161, 0., -0.007923397647064092}, 
   {-0.007886006925121116, -0.007923397647064082, 0.007923397647064092, 0.}}, 
  {{0., 0.00788600692512111, 0.00788600692512111, 0.007886006925121123}, 
   {-0.00788600692512111, 0., -0.00792339764706419, 0.007923397647064116}, 
   {-0.00788600692512111, 0.00792339764706419, 0., -0.00792339764706415}, 
   {-0.007886006925121123, -0.007923397647064116, 0.00792339764706415, 0.}}}, 
 {0, 0}, {{-1.5716890277228122, -1.5703231312564974}, 
  {-6.298444465988268, -1.5730549241891274, -1.5761673088050068}, 
  {-1.573058162320634, -1.571692265854319}, {{2, 0.0037602847448470443}, 
   {3, 0.0014736348449011262}, {4, 0.0005776590541038771}, 
   {5, 0.00022646553122527419}, {6, 0.00008878763765034908}, 
   {7, 0.000034810542469825706}, {8, 0.000013648099990024726}, 
   {9, 5.350998431623288*^-6}}, {{2, 0.09321892553232654}, 
   {3, 0.03436446435927393}, {4, 0.014373791566647554}, 
   {5, 0.006941012449570665}, {6, 0.004085553706011301}, 
   {7, 0.0029748384819310615}, {8, 0.002540705149040535}, 
   {9, 0.002370700552133117}}, {2.474393197124596*^-13, 0.9958578134314316}}}
