{9, 32, {{{-0.524788269397814, 0, -0.000049490741214357086, 
    0.000049490741214337726}, {0, 0.9997332948123869, 
    0.000010410107119969569, 0.000010410107119919099}, 
   {-0.00004949074121429546, 0.00001041010712013889, -3.0269492119882474*^-6, 
    0.00012062062666737513}, {0.0000494907412143495, 0.000010410107119656881, 
    0.00012062062666757874, -3.026949212109678*^-6}}, 
  {{-0.524788269397814, 0.00004949074121435643, 0, -0.00004949074121433826}, 
   {0.00004949074121430404, -3.026949211935772*^-6, 0.000010410107120132416, 
    0.0001206206266676059}, {0, 0.000010410107119961498, 0.9997332948123867, 
    0.000010410107119760404}, {-0.00004949074121435334, 
    0.0001206206266674588, 0.000010410107119821353, 
    -3.0269492120871266*^-6}}, 
  {{-0.5247882693978143, -0.00004949074121430302, 0.000049490741214325766, 
    0}, {-0.00004949074121423162, -3.02694921217473*^-6, 
    0.00012062062666738345, 0.000010410107119660209}, 
   {0.00004949074121423971, 0.00012062062666775601, -3.0269492119761043*^-6, 
    0.000010410107119819278}, {0, 0.000010410107119931757, 
    0.000010410107119769157, 0.9997332948123876}}}, 
 {{{0., 0.0048417995482443865, 0.0048417995482443795, 0.0048417995482443865}, 
   {-0.0048417995482443865, 0., -0.004941154782502481, 0.004941154782502117}, 
   {-0.0048417995482443795, 0.004941154782502481, 0., 
    -0.0049411547825021634}, {-0.0048417995482443865, -0.004941154782502117, 
    0.0049411547825021634, 0.}}, 
  {{0., 0.004841799548244383, 0.004841799548244379, 0.004841799548244399}, 
   {-0.004841799548244383, 0., -0.004941154782502328, 0.0049411547825021565}, 
   {-0.004841799548244379, 0.004941154782502328, 0., -0.004941154782502224}, 
   {-0.004841799548244399, -0.0049411547825021565, 0.004941154782502224, 
    0.}}}, {0, 0}, {{-1.5734952989458049, -1.5729753518911131}, 
  {-6.298446816662194, -1.574015246000498, -1.5752081623305991}, 
  {-1.5740205807382233, -1.5735006336835315}, {{2, 0.0023086377859160914}, 
   {3, 0.0009041238135897925}, {4, 0.0003541132641214379}, 
   {5, 0.0001386994566493424}, {6, 0.0000543268788451446}, 
   {7, 0.0000212793178580601}, {8, 8.334927207833548*^-6}}, 
  {{2, 0.10229594704810054}, {3, 0.04254291644963024}, 
   {4, 0.02225511401654029}, {5, 0.014717142012064763}, 
   {6, 0.011823711843194099}, {7, 0.010699249470405786}, 
   {8, 0.010260155678469308}}, {1.455361060165663*^-14, 0.9984008354698313}}}
