{20, 20, {{{-0.5240363060455995, 0, -0.0004675376612276118, 
    0.0004675376612273693}, {0, 0.9985409127698179, -0.0002891786138848176, 
    -0.0002891786138841502}, {-0.00046753766122868543, -0.000289178613886794, 
    0.0002388357470971417, 0.01193523838242179}, 
   {0.00046753766122868435, -0.00028917861388388254, 0.011935238382419413, 
    0.0002388357470931319}}, {{-0.5240363060455994, 0.0004675376612283385, 0, 
    -0.0004675376612274582}, {0.00046753766122785027, 0.0002388357470966087, 
    -0.00028917861388714534, 0.01193523838241887}, 
   {0, -0.0002891786138844945, 0.9985409127698179, -0.0002891786138845191}, 
   {-0.00046753766122853115, 0.011935238382422603, -0.0002891786138836271, 
    0.00023883574709493947}}, {{-0.5240363060456, -0.00046753766122812517, 
    0.000467537661227723, 0}, {-0.0004675376612279753, 0.0002388357470960445, 
    0.011935238382423266, -0.00028917861388436973}, 
   {0.00046753766122852025, 0.01193523838241426, 0.00023883574709457345, 
    -0.00028917861388526127}, {0, -0.0002891786138838038, 
    -0.00028917861388295474, 0.9985409127698227}}}, 
 {{{0, 0.03126587728110071, 0.03126587728110072, 0.03126587728110073}, 
   {-0.03126587728110071, 0, -0.015010912966969478, 0.015010912966972028}, 
   {-0.03126587728110072, 0.015010912966969478, 0, -0.015010912966972911}, 
   {-0.03126587728110073, -0.015010912966972028, 0.015010912966972911, 0}}, 
  {{0, 0.03126587728110067, 0.03126587728110075, 0.031265877281100786}, 
   {-0.03126587728110067, 0, -0.0150109129669678, 0.015010912966971577}, 
   {-0.03126587728110075, 0.0150109129669678, 0, -0.015010912966971528}, 
   {-0.031265877281100786, -0.015010912966971577, 0.015010912966971528, 0}}}, 
 {0, 0}, {{-1.556501512938139, -1.5402552865399148}, 
  {-3.1492676789791965, -3.1533369981555834, -1.5725991799014047}, 
  {-1.5685245757262691, -1.552278349328045}, {{2, 0.004272744462977207}, 
   {3, 0.0009383316928205359}, {4, 0.0007477670778811658}, 
   {5, 0.0007239002158172031}, {6, 0.0007001683562841278}, 
   {7, 0.0006783937818723032}, {8, 0.0006582735515187309}, 
   {9, 0.0006401451919022475}, {10, 0.0006234555531840083}, 
   {11, 0.0006084735974828245}, {12, 0.0005946996714506665}, 
   {13, 0.0005823970756602785}, {14, 0.0005711240818939561}, 
   {15, 0.0005611371726389029}, {16, 0.0005520447051158336}, 
   {17, 0.0005440937918928593}, {18, 0.000536936199621238}, 
   {19, 0.0005308082486052516}}, {{2, 0.016212115252677226}, 
   {3, 0.016090782726241454}, {4, 0.016065733233269798}, 
   {5, 0.01608253940486484}, {6, 0.016088182099712543}, 
   {7, 0.016110009017814123}, {8, 0.016116798276241483}, 
   {9, 0.01613734825850112}, {10, 0.01614396518402756}, 
   {11, 0.016163139228086664}, {12, 0.016169608640278627}, 
   {13, 0.016187578519165045}, {14, 0.01619397210134191}, 
   {15, 0.016210898899021085}, {16, 0.016217277113200177}, 
   {17, 0.016233302361702805}, {18, 0.016239715297800036}, 
   {19, 0.016254964314129837}}, {1.144043772966732*^-11, 0.9912773485939889}}}
{20, 20, {{{-0.5240363060455994, 0, -0.00046753766122794416, 
    0.0004675376612282162}, {0, 0.998540912769818, -0.0002891786138847866, 
    -0.0002891786138852911}, {-0.0004675376612280263, 
    -0.00028917861388454185, 0.00023883574709677134, 0.01193523838242215}, 
   {0.00046753766122848285, -0.00028917861388450504, 0.01193523838241837, 
    0.00023883574709457952}}, {{-0.5240363060455994, 0.00046753766122783276, 
    0, -0.00046753766122818155}, {0.0004675376612279836, 
    0.00023883574709656274, -0.00028917861388454076, 0.011935238382420367}, 
   {0, -0.0002891786138848064, 0.9985409127698179, -0.0002891786138857721}, 
   {-0.00046753766122846886, 0.011935238382420027, -0.00028917861388414574, 
    0.00023883574709444074}}, {{-0.5240363060456005, -0.0004675376612279372, 
    0.00046753766122800423, 0}, {-0.00046753766122781915, 
    0.00023883574709428722, 0.011935238382423191, -0.0002891786138839315}, 
   {0.00046753766122789565, 0.01193523838242057, 0.00023883574709576694, 
    -0.00028917861388564573}, {0, -0.0002891786138859054, 
    -0.00028917861388438946, 0.9985409127698207}}}, 
 {{{0, 0.031265877281100744, 0.03126587728110078, 0.03126587728110071}, 
   {-0.031265877281100744, 0, -0.015010912966969478, 0.015010912966971348}, 
   {-0.03126587728110078, 0.015010912966969478, 0, -0.015010912966971456}, 
   {-0.03126587728110071, -0.015010912966971348, 0.015010912966971456, 0}}, 
  {{0, 0.031265877281100654, 0.03126587728110075, 0.0312658772811007}, 
   {-0.031265877281100654, 0, -0.01501091296697097, 0.015010912966971345}, 
   {-0.03126587728110075, 0.01501091296697097, 0, -0.015010912966971119}, 
   {-0.0312658772811007, -0.015010912966971345, 0.015010912966971119, 0}}}, 
 {0, 0}, {{-1.5565015129381385, -1.5402552865399144}, 
  {-6.298535357958392, -3.166186246049566, 0.016918567070370205}, 
  {-1.5685245757262687, -1.5522783493280445}, {{2, 0.00427274446297712}, 
   {3, 0.0009383316928199062}, {4, 0.0007477670778792307}, 
   {5, 0.0007239002158161648}, {6, 0.0007001683562837088}, 
   {7, 0.0006783937818714255}, {8, 0.0006582735515179737}, 
   {9, 0.0006401451919026942}, {10, 0.0006234555531846224}, 
   {11, 0.0006084735974830717}, {12, 0.0005946996714504063}, 
   {13, 0.0005823970756602213}, {14, 0.0005711240818929864}, 
   {15, 0.0005611371726375464}, {16, 0.0005520447051144111}, 
   {17, 0.0005440937918930223}, {18, 0.000536936199618452}, 
   {19, 0.000530808248600646}}, {{2, 0.016212115252677198}, 
   {3, 0.016090782726241572}, {4, 0.01606573323326973}, 
   {5, 0.01608253940486487}, {6, 0.01608818209971263}, 
   {7, 0.01611000901781414}, {8, 0.016116798276241635}, 
   {9, 0.0161373482585013}, {10, 0.01614396518402756}, 
   {11, 0.016163139228086727}, {12, 0.01616960864027873}, 
   {13, 0.016187578519164796}, {14, 0.016193972101341925}, 
   {15, 0.016210898899020887}, {16, 0.016217277113200326}, 
   {17, 0.016233302361703034}, {18, 0.016239715297800012}, 
   {19, 0.016254964314129768}}, {1.1440437729667617*^-11, 
   0.9912773485939851}}}
