{6, 20, {{{-0.5245142306198882, 0, -0.00019733816455301949, 
    0.00019733816455275513}, {0, 0.9994830079804033, -0.000124428114806946, 
    -0.00012442811480706947}, {-0.00019733816455250633, 
    -0.00012442811480735527, 0.0001258074667485334, 0.0015638278294857096}, 
   {0.00019733816455261548, -0.00012442811480699263, 0.0015638278294869145, 
    0.00012580746674965967}}, {{-0.5245142306198882, 0.00019733816455263362, 
    0, -0.00019733816455274052}, {0.00019733816455287903, 
    0.00012580746674806676, -0.00012442811480739931, 0.0015638278294868289}, 
   {0, -0.0001244281148068951, 0.9994830079804018, -0.00012442811480738457}, 
   {-0.00019733816455261099, 0.0015638278294863841, -0.0001244281148067519, 
    0.00012580746674661133}}, {{-0.5245142306198893, -0.00019733816455259624, 
    0.00019733816455288475, 0}, {-0.00019733816455279942, 
    0.00012580746674917438, 0.0015638278294870566, -0.00012442811480695354}, 
   {0.00019733816455243564, 0.0015638278294880384, 0.0001258074667506992, 
    -0.0001244281148069355}, {0, -0.0001244281148070843, 
    -0.00012442811480709823, 0.9994830079804051}}}, 
 {{{0, 0.020516968138011453, 0.020516968138011567, 0.02051696813801144}, 
   {-0.020516968138011453, 0, -0.009815679091746049, 0.009815679091747236}, 
   {-0.020516968138011567, 0.009815679091746049, 0, -0.009815679091747026}, 
   {-0.02051696813801144, -0.009815679091747236, 0.009815679091747026, 0}}, 
  {{0, 0.02051696813801152, 0.02051696813801153, 0.020516968138011515}, 
   {-0.02051696813801152, 0, -0.009815679091745463, 0.009815679091746604}, 
   {-0.02051696813801153, 0.009815679091745463, 0, -0.00981567909174691}, 
   {-0.020516968138011515, -0.009815679091746604, 0.00981567909174691, 0}}}, 
 {0, 0}, {{-1.5668847345437467, -1.559777448297285}, 
  {-6.298600995617119, -1.575496975152249, -1.5738035226563105}, 
  {-1.5721385031567472, -1.5650312169102856}, {{2, 0.0028336863449718213}, 
   {3, 0.0006180085812038175}, {4, 0.0003275970931656729}, 
   {5, 0.00031488569255938874}}, {{2, 0.010816352855498654}, 
   {3, 0.010719778833337698}, {4, 0.010699202700884912}, 
   {5, 0.010701289046264956}}, {8.943800601762906*^-13, 0.9969020543310765}}}
