{39, 40, {{{-0.4769991739712043, 0, -0.026468220987750292, 
    0.02646822098775015}, {0, 0.8892774848085281, -0.0055235567716724575, 
    -0.0055235567716724375}, {-0.026468220987750216, -0.005523556771672572, 
    0.011385211087254418, 0.06056197489551183}, {0.02646822098775016, 
    -0.005523556771672611, 0.060561974895511766, 0.011385211087254616}}, 
  {{-0.4769991739712044, 0.026468220987750292, 0, -0.026468220987750146}, 
   {0.026468220987750216, 0.011385211087254411, -0.005523556771672574, 
    0.06056197489551182}, {0, -0.0055235567716724315, 0.889277484808528, 
    -0.005523556771672426}, {-0.026468220987750143, 0.06056197489551181, 
    -0.005523556771672598, 0.011385211087254654}}, 
  {{-0.4769991739712044, -0.02646822098775012, 0.02646822098775012, 0}, 
   {-0.02646822098775018, 0.011385211087254458, 0.06056197489551185, 
    -0.005523556771672489}, {0.02646822098775016, 0.06056197489551179, 
    0.01138521108725446, -0.005523556771672468}, {0, -0.005523556771672718, 
    -0.005523556771672775, 0.8892774848085279}}}, 
 {{{0., 0.23579472456901668, 0.2357947245690167, 0.23579472456901734}, 
   {-0.23579472456901668, 0., -0.1873679461637187, 0.18736794616371796}, 
   {-0.2357947245690167, 0.1873679461637187, 0., -0.18736794616371796}, 
   {-0.23579472456901734, -0.18736794616371796, 0.18736794616371796, 0.}}, 
  {{0., 0.2357947245690166, 0.23579472456901662, 0.23579472456901762}, 
   {-0.2357947245690166, 0., -0.18736794616371816, 0.1873679461637187}, 
   {-0.23579472456901662, 0.18736794616371816, 0., -0.1873679461637187}, 
   {-0.23579472456901762, -0.1873679461637187, 0.1873679461637187, 0.}}}, 
 {0, 0}, {{-1.161633592143343, -0.8839158508283732}, 
  {-6.2207153126379255, -1.43935133345831, -1.6710063228606529}, 
  {-1.4108329356390596, -1.1331151943240898}, {{2, 0.00022662810945928147}, 
   {3, 0.0002094801945721203}, {4, 0.00019152627109619846}, 
   {5, 0.0001752823948417137}, {6, 0.00016042257506879154}, 
   {7, 0.0001468357897457806}, {8, 0.0001344103536142227}, 
   {9, 0.0001230453135663001}, {10, 0.00011264873200153569}, 
   {11, 0.0001031368761424678}, {12, 0.00009443344654871955}, 
   {13, 0.00008646888642008244}, {14, 0.00007917975979016001}, 
   {15, 0.00007250819115622864}, {16, 0.00006640135983926321}, 
   {17, 0.00006081104320268538}, {18, 0.00005569320356513252}, 
   {19, 0.00005100761425619327}, {20, 0.000046717520787747935}, 
   {21, 0.00004278933358212167}, {22, 0.000039192349093886136}, 
   {23, 0.00003589849651330912}, {24, 0.000032882107548870554}, 
   {25, 0.000030119707051162736}, {26, 0.000027589822481327575}, 
   {27, 0.000025272810433851767}, {28, 0.000023150698606838604}, 
   {29, 0.00002120704177993593}, {30, 0.000019426790500487456}, 
   {31, 0.00001779617131103528}, {32, 0.000016302577463628287}, 
   {33, 0.000014934469169419762}, {34, 0.0000136812825244359}, 
   {35, 0.000012533346333110096}, {36, 0.000011481806124369331}, 
   {37, 0.00001051855472325447}, {38, 9.636168796983702*^-6}}, 
  {{2, 0.10037901727545108}, {3, 0.10058849427719936}, 
   {4, 0.10077653635040819}, {5, 0.10094838464256664}, 
   {6, 0.10110530634347284}, {7, 0.10124864782172105}, 
   {8, 0.10137961646737989}, {9, 0.10149930772220819}, 
   {10, 0.1016087155871298}, {11, 0.10170874276173336}, 
   {12, 0.10180020961589631}, {13, 0.1018838621909492}, 
   {14, 0.10196037934624931}, {15, 0.10203037915417806}, 
   {16, 0.10209442463232718}, {17, 0.10215302888976621}, 
   {18, 0.10220665975418249}, {19, 0.10225574393806869}, 
   {20, 0.10230067079477063}, {21, 0.10234179570888885}, 
   {22, 0.10237944316009691}, {23, 0.10241390949475322}, 
   {24, 0.10244546543563202}, {25, 0.10247435835658487}, 
   {26, 0.10250081434589056}, {27, 0.10252504007938776}, 
   {28, 0.10254722452215695}, {29, 0.10256754047548225}, 
   {30, 0.10258614598403085}, {31, 0.10260318561661354}, 
   {32, 0.10261879163250133}, {33, 0.10263308504403965}, 
   {34, 0.10264617658521942}, {35, 0.10265816759489191}, 
   {36, 0.10266915082245788}, {37, 0.10267921116309486}, 
   {38, 0.10268842632890218}}, {0.000043268493831105694, 0.4945654579600238}}}
