{8, 32, {{{-0.5238013713087111, 0, -0.0006404246134819728, 
    0.0006404246134819521}, {0, 0.9966364736697658, 0.00011031311953694297, 
    0.00011031311953680218}, {-0.0006404246134819407, 0.00011031311953685834, 
    -0.000011377416841312684, 0.0015499363196258575}, 
   {0.000640424613481951, 0.00011031311953689591, 0.0015499363196258185, 
    -0.000011377416841290566}}, {{-0.5238013713087113, 0.000640424613481953, 
    0, -0.0006404246134819463}, {0.0006404246134819316, 
    -0.000011377416841343475, 0.00011031311953685981, 0.0015499363196258104}, 
   {0, 0.00011031311953693809, 0.9966364736697659, 0.00011031311953687222}, 
   {-0.0006404246134819461, 0.0015499363196258987, 0.00011031311953680828, 
    -0.00001137741684126281}}, {{-0.5238013713087115, -0.0006404246134819234, 
    0.0006404246134819416, 0}, {-0.0006404246134818913, 
    -0.000011377416841448426, 0.0015499363196259544, 0.00011031311953689136}, 
   {0.0006404246134818973, 0.0015499363196258417, -0.000011377416841484855, 
    0.00011031311953682443}, {0, 0.00011031311953679801, 
    0.00011031311953685016, 0.9966364736697663}}}, 
 {{{0., 0.01745885441748671, 0.017458854417486704, 0.01745885441748672}, 
   {-0.01745885441748671, 0., -0.017454336572044378, 0.017454336572044316}, 
   {-0.017458854417486704, 0.017454336572044378, 0., -0.01745433657204432}, 
   {-0.01745885441748672, -0.017454336572044316, 0.01745433657204432, 0.}}, 
  {{0., 0.0174588544174867, 0.01745885441748671, 0.017458854417486735}, 
   {-0.0174588544174867, 0., -0.017454336572044336, 0.01745433657204442}, 
   {-0.01745885441748671, 0.017454336572044336, 0., -0.01745433657204442}, 
   {-0.017458854417486735, -0.01745433657204442, 0.01745433657204442, 0.}}}, 
 {0, 0}, {{-1.5603803725697496, -1.553727655533283}, 
  {-6.29839701799504, -1.5670330896062183, -1.5821654193913015}, 
  {-1.5670322288410543, -1.5603795118045878}, {{2, 0.008354481771706411}, 
   {3, 0.003288452965553093}, {4, 0.0012961028974829009}, 
   {5, 0.0005111384184227838}, {6, 0.00020162316187970902}, 
   {7, 0.00007953961378273644}}, {{2, 0.08977370970026824}, 
   {3, 0.03124628928468077}, {4, 0.011315313592161761}, 
   {5, 0.0038711413229622453}, {6, 0.0009956945924606817}, 
   {7, 0.00012938550646897983}}, {2.8276137006433062*^-11, 
   0.9799877825242126}}}
