{50, 40, {{{-0.505353829030438, 0, -0.012420125742776112, 
    0.012420125742776057}, {0, 0.9465301099531229, -0.000010164952350302792, 
    -0.000010164952350330547}, {-0.012420125742776057, 
    -0.000010164952350363507, 0.0024891275758397594, 0.027509176632591767}, 
   {0.012420125742776046, -0.000010164952350417283, 0.02750917663259172, 
    0.0024891275758398062}}, {{-0.505353829030438, 0.012420125742776119, 0, 
    -0.012420125742776053}, {0.012420125742776051, 0.002489127575839761, 
    -0.000010164952350374783, 0.027509176632591763}, 
   {0, -0.000010164952350307128, 0.9465301099531229, 
    -0.000010164952350341064}, {-0.012420125742776037, 0.027509176632591704, 
    -0.000010164952350427746, 0.002489127575839828}}, 
  {{-0.505353829030438, -0.012420125742776015, 0.012420125742776008, 0}, 
   {-0.01242012574277601, 0.002489127575839726, 0.027509176632591757, 
    -0.000010164952350351364}, {0.012420125742776011, 0.027509176632591767, 
    0.002489127575839717, -0.000010164952350343395}, 
   {0, -0.00001016495235043463, -0.000010164952350445852, 
    0.9465301099531227}}}, 
 {{{0., 0.15022508957900893, 0.15022508957900893, 0.15022508957900937}, 
   {-0.15022508957900893, 0., -0.13559780839329838, 0.13559780839329774}, 
   {-0.15022508957900893, 0.13559780839329838, 0., -0.13559780839329777}, 
   {-0.15022508957900937, -0.13559780839329774, 0.13559780839329777, 0.}}, 
  {{0., 0.15022508957900887, 0.15022508957900887, 0.1502250895790096}, 
   {-0.15022508957900887, 0., -0.1355978083932979, 0.13559780839329844}, 
   {-0.15022508957900887, 0.1355978083932979, 0., -0.13559780839329838}, 
   {-0.1502250895790096, -0.13559780839329844, 0.13559780839329838, 0.}}}, 
 {0, 0}, {{-1.3569899855647407, -1.21127939244018}, 
  {-6.279362067278229, -1.5027005786893004, -1.6369804549498141}, 
  {-1.495606724316032, -1.3498961311914712}, {{2, 0.021026425751024716}, 
   {3, 0.017205160450246185}, {4, 0.014137484587672514}, 
   {5, 0.011669751367323192}, {6, 0.009675238568511671}, 
   {7, 0.008053944579239913}, {8, 0.006728316648696192}, 
   {9, 0.005638436937632357}, {10, 0.0047378695360695555}, 
   {11, 0.0039903969771774295}, {12, 0.0033675514953651897}, 
   {13, 0.0028467737578248276}, {14, 0.0024100431034294045}, 
   {15, 0.0020428551154593466}, {16, 0.0017334535255914274}, 
   {17, 0.0014722485473946945}, {18, 0.001251372526838157}, 
   {19, 0.0010643374324207922}, {20, 0.0009057684784110343}, 
   {21, 0.0007711951522542393}, {22, 0.0006568859070442967}, 
   {23, 0.0005597163630592372}, {24, 0.0004770634499771109}, 
   {25, 0.00040671980247675155}, {26, 0.00034682409922551227}, 
   {27, 0.00029580405127474507}, {28, 0.00025232950120479547}, 
   {29, 0.00021527366029908124}, {30, 0.0001836809384468674}, 
   {31, 0.00015674014686289928}, {32, 0.000133762103399937}, 
   {33, 0.00011416086335480635}, {34, 0.00009743794920111237}, 
   {35, 0.00008316907092056902}, {36, 0.00007099292215689834}, 
   {37, 0.000060601711972169126}, {38, 0.00005173315179626825}, 
   {39, 0.00004416366545789696}, {40, 0.00003770262941402147}, 
   {41, 0.00003218748233665969}, {42, 0.00002747956952203756}, 
   {43, 0.00002346060928359872}, {44, 0.000020029686460670826}, 
   {45, 0.000017100693117361176}, {46, 0.000014600148968452187}, 
   {47, 0.00001246534450238812}, {48, 0.000010642758518614182}, 
   {49, 9.08670915888976*^-6}}, {{2, 0.8643855136678851}, 
   {3, 0.49925010378881063}, {4, 0.32224022025227506}, 
   {5, 0.21942681560827088}, {6, 0.15323485342073084}, 
   {7, 0.10769372356328347}, {8, 0.07487948233962188}, 
   {9, 0.05042361030152977}, {10, 0.031725350755136786}, 
   {11, 0.01714275612085023}, {12, 0.0055899811228858134}, 
   {13, 0.00367858742141107}, {14, 0.011191109685184249}, 
   {15, 0.017331602759153436}, {16, 0.022385530214184646}, 
   {17, 0.026569151667950642}, {18, 0.03004899070979119}, 
   {19, 0.0329550902285031}, {20, 0.03539024875540514}, 
   {21, 0.03743659054995535}, {22, 0.03916032667179431}, 
   {23, 0.04061526361046285}, {24, 0.04184542875678974}, 
   {25, 0.04288706258141335}, {26, 0.04377014962430685}, 
   {27, 0.044519608790854384}, {28, 0.04515622860071655}, 
   {29, 0.04569740912688601}, {30, 0.04615775571760226}, 
   {31, 0.04654955784752416}, {32, 0.04688317804902056}, 
   {33, 0.0471673698013593}, {34, 0.04740953881217952}, 
   {35, 0.04761595883902746}, {36, 0.04779195074227081}, 
   {37, 0.04794203160614835}, {38, 0.048070039350977214}, 
   {39, 0.04817923717173518}, {40, 0.04827240129370542}, 
   {41, 0.04835189487455048}, {42, 0.04841973036009822}, 
   {43, 0.048477622185755145}, {44, 0.04852703138258892}, 
   {45, 0.048569203378558856}, {46, 0.048605200067317146}, 
   {47, 0.04863592703894385}, {48, 0.048662156720810125}, 
   {49, 0.04868454805619519}}, {6.216071792183272*^-6, 0.7191286690580052}}}
