{63, 40, {{{-0.00002407820568836724, 0, -6.75360898965593*^-6, 
    6.753608989655631*^-6}, {0, 0.00003416580808736217, 
    1.7098078041436338*^-6, 1.7098078041436198*^-6}, 
   {-6.753608989654126*^-6, 1.7098078041466249*^-6, -5.043801178485721*^-6, 
    0.000020658590044795742}, {6.753608989655407*^-6, 1.7098078041423124*^-6, 
    0.000020658590044793953, -5.043801178484055*^-6}}, 
  {{-0.000024078205688370174, 6.753608989656133*^-6, 0, 
    -6.753608989655306*^-6}, {6.753608989655528*^-6, -5.043801178484809*^-6, 
    1.7098078041436873*^-6, 0.000020658590044797982}, 
   {0, 1.7098078041462577*^-6, 0.00003416580808736073, 
    1.7098078041451415*^-6}, {-6.753608989656486*^-6, 
    0.000020658590044795763, 1.7098078041423378*^-6, 
    -5.043801178484427*^-6}}, {{-0.000024078205688375778, 
    -6.7536089896554836*^-6, 6.753608989656117*^-6, 0}, 
   {-6.753608989657142*^-6, -5.043801178483732*^-6, 0.000020658590044803027, 
    1.7098078041438195*^-6}, {6.753608989652458*^-6, 0.000020658590044800198, 
    -5.043801178485678*^-6, 1.7098078041471072*^-6}, 
   {0, 1.709807804144567*^-6, 1.7098078041447478*^-6, 
    0.00003416580808737246}}}, 
 {{{0., 0.5773502686085377, 0.5773502686085377, 0.5773502686085384}, 
   {-0.5773502686085377, 0., -0.5773502685385178, 0.577350268538517}, 
   {-0.5773502686085377, 0.5773502685385178, 0., -0.5773502685385169}, 
   {-0.5773502686085384, -0.577350268538517, 0.5773502685385169, 0.}}, 
  {{0., 0.5773502686085373, 0.5773502686085377, 0.5773502686085392}, 
   {-0.5773502686085373, 0., -0.5773502685385183, 0.5773502685385169}, 
   {-0.5773502686085377, 0.5773502685385183, 0., -0.5773502685385168}, 
   {-0.5773502686085392, -0.5773502685385169, 0.5773502685385168, 0.}}}, 
 {0, 0}, {{-0.0600000014010919, 0.8799999976528226}, 
  {-5.879999999964498, -1.000000000455007, -1.939999999527242}, 
  {-1.000000000398006, -0.06000000134409167}, {{2, 0.03899912679103339}, 
   {3, 0.03539981461063335}, {4, 0.03265308174732234}, 
   {5, 0.030574839846529422}, {6, 0.029008191586948423}, 
   {7, 0.02783019683697538}, {8, 0.026950064834138587}, 
   {9, 0.026303713355694036}, {10, 0.02677764278138528}, 
   {11, 0.030562228613933096}, {12, 0.035210060433846}, 
   {13, 0.04114926031091115}, {14, 0.04895351047645147}, 
   {15, 0.05708965114726239}, {16, 0.061621749925800884}, 
   {17, 0.06416863174136334}, {18, 0.0627569145871702}, 
   {19, 0.058211824466010254}, {20, 0.051622674553522846}, 
   {21, 0.04436271818136464}, {22, 0.037298284782568525}, 
   {23, 0.030921789925133225}, {24, 0.0254023434467055}, 
   {25, 0.020749152787410574}, {26, 0.016885921057492814}, 
   {27, 0.013710030016908688}, {28, 0.011114605303273649}, 
   {29, 0.009001809166776342}, {30, 0.007286018268683966}, 
   {31, 0.005894863019321562}, {32, 0.004768049335047108}, 
   {33, 0.003855960618533334}, {34, 0.0031179915285122917}, 
   {35, 0.0025210719058258134}, {36, 0.0020383297068037685}, 
   {37, 0.001647972496082676}, {38, 0.001332344341017479}, 
   {39, 0.00107715242326018}, {40, 0.0008708312410123241}, 
   {41, 0.0007040254251602864}, {42, 0.0005691687473607212}, 
   {43, 0.00046014285287216067}, {44, 0.0003720005788024404}, 
   {45, 0.00030074200783396124}, {46, 0.00024313320493537312}, 
   {47, 0.00019655960027869872}, {48, 0.0001589073985358504}, 
   {49, 0.00012846768327715464}, {50, 0.00010385887456983026}, 
   {51, 0.00008396403413823213}, {52, 0.00006788017566742362}, 
   {53, 0.00005487728328988975}, {54, 0.000044365179121049684}, 
   {55, 0.00003586673703669135}, {56, 0.000028996227188796765}, 
   {57, 0.000023441808630641405}, {58, 0.00001895137550137651}, 
   {59, 0.00001532111442739021}, {60, 0.000012386253803102361}, 
   {61, 0.00001001358509678376}, {62, 8.095416742461872*^-6}}, 
  {{2, 0.911942033917161}, {3, 0.4950597758577331}, {4, 0.2951604546967613}, 
   {5, 0.17979201043866225}, {6, 0.10616066213163802}, 
   {7, 0.05636121309314605}, {8, 0.02165403085921403}, 
   {9, 0.0026698536286709922}, {10, 0.01930234875212087}, 
   {11, 0.029806517057031863}, {12, 0.03503072252553846}, 
   {13, 0.03528800752765933}, {14, 0.03053803098666834}, 
   {15, 0.022663190767081176}, {16, 0.01603071536958465}, 
   {17, 0.010544968386741484}, {18, 0.0068084620945658885}, 
   {19, 0.004429931748983406}, {20, 0.002954274839220766}, 
   {21, 0.001993557131114375}, {22, 0.0013473999504701115}, 
   {23, 0.0009054452900278048}, {24, 0.0006044474024882382}, 
   {25, 0.00040102117207116135}, {26, 0.0002648400938743715}, 
   {27, 0.00017430887138394232}, {28, 0.00011446076487076073}, 
   {29, 0.0000750412333573959}, {30, 0.000049146136393257935}, 
   {31, 0.00003216409942137123}, {32, 0.000021040421121216486}, 
   {33, 0.000013759549226979709}, {34, 8.99638465229494*^-6}, 
   {35, 5.88131683837899*^-6}, {36, 3.844538554486884*^-6}, 
   {37, 2.512981896455929*^-6}, {38, 1.642550340098474*^-6}, 
   {39, 1.0735877420894327*^-6}, {40, 7.016970262740185*^-7}, 
   {41, 4.586245036507032*^-7}, {42, 2.9975192541789436*^-7}, 
   {43, 1.9591369604486561*^-7}, {44, 1.2804610682255197*^-7}, 
   {45, 8.368876199216445*^-8}, {46, 5.469748773572734*^-8}, 
   {47, 3.574927735768366*^-8}, {48, 2.3365061567399797*^-8}, 
   {49, 1.5270963597739448*^-8}, {50, 9.98081167603252*^-9}, 
   {51, 6.523267860581318*^-9}, {52, 4.263482952137818*^-9}, 
   {53, 2.7865305520901114*^-9}, {54, 1.8212228399451524*^-9}, 
   {55, 1.1903161698442537*^-9}, {56, 7.779677359282422*^-10}, 
   {57, 5.084647340228858*^-10}, {58, 3.323227596647165*^-10}, 
   {59, 2.1719977396295052*^-10}, {60, 1.4195759275624372*^-10}, 
   {61, 9.278070630441602*^-11}, {62, 6.063971496886192*^-11}}, 
  {0.037037036786425274, 1.5905604616407348*^-27}}}
