{10, 32, {{{-0.522367514788336, 0, -0.0015793516912433819, 
    0.0015793516912433782}, {0, 0.9917752572667774, 0.0003479631092463936, 
    0.00034796310924627724}, {-0.0015793516912433365, 0.0003479631092462242, 
    -0.00010434091088266277, 0.0037485184110509348}, 
   {0.0015793516912433528, 0.0003479631092462533, 0.0037485184110509565, 
    -0.00010434091088253744}}, {{-0.5223675147883361, 0.0015793516912433751, 
    0, -0.001579351691243376}, {0.0015793516912433279, 
    -0.00010434091088265757, 0.00034796310924622845, 0.0037485184110509044}, 
   {0, 0.00034796310924639846, 0.9917752572667772, 0.00034796310924628277}, 
   {-0.0015793516912433478, 0.0037485184110509625, 0.00034796310924623165, 
    -0.00010434091088251662}}, {{-0.5223675147883361, -0.0015793516912433409, 
    0.0015793516912433296, 0}, {-0.0015793516912432932, 
    -0.00010434091088270831, 0.0037485184110509946, 0.0003479631092462782}, 
   {0.0015793516912432884, 0.0037485184110509244, -0.00010434091088271091, 
    0.0003479631092462576}, {0, 0.00034796310924624016, 
    0.0003479631092462327, 0.9917752572667774}}}, 
 {{{0., 0.026729780507272632, 0.026729780507272642, 0.026729780507272663}, 
   {-0.026729780507272632, 0., -0.027526464489290064, 0.027526464489289984}, 
   {-0.026729780507272642, 0.027526464489290064, 0., -0.02752646448928997}, 
   {-0.026729780507272663, -0.027526464489289984, 0.02752646448928997, 0.}}, 
  {{0., 0.026729780507272632, 0.026729780507272632, 0.02672978050727269}, 
   {-0.026729780507272632, 0., -0.02752646448928993, 0.027526464489290137}, 
   {-0.026729780507272632, 0.02752646448928993, 0., -0.02752646448929015}, 
   {-0.02672978050727269, -0.027526464489290137, 0.02752646448929015, 0.}}}, 
 {0, 0}, {{-1.5406158777082513, -1.5248747828175726}, 
  {-6.298059043024526, -1.5563569725989281, -1.5926725489133347}, 
  {-1.556591555111783, -1.5408504602211044}, {{2, 0.012828846061171344}, 
   {3, 0.005091003628523799}, {4, 0.0020270387672634144}, 
   {5, 0.0008082708790370097}, {6, 0.0003224893598081993}, 
   {7, 0.0001287006031205351}, {8, 0.00005136752248011828}, 
   {9, 0.000020502829383491072}}, {{2, 0.10886550122830342}, 
   {3, 0.048338403613828976}, {4, 0.027624139257785067}, 
   {5, 0.01982163126476832}, {6, 0.016776970056136906}, 
   {7, 0.01557253274146414}, {8, 0.01509349169464023}, 
   {9, 0.01490255376022688}}, {4.350133689864222*^-10, 0.9516551804274964}}}
