{4, 32, {{{-0.5244883230866882, 0, -0.0002384412589285555, 
    0.0002384412589285249}, {0, 0.9987022996695728, 0.00006315637205885476, 
    0.00006315637205905493}, {-0.00023844125892850889, 
    0.00006315637205943548, -0.000028473817524285894, 0.0005761222059116912}, 
   {0.00023844125892853897, 0.00006315637205905926, 0.0005761222059113876, 
    -0.000028473817524182245}}, {{-0.5244883230866881, 0.0002384412589285585, 
    0, -0.00023844125892852824}, {0.00023844125892850726, 
    -0.000028473817524313216, 0.00006315637205944515, 0.0005761222059116335}, 
   {0, 0.00006315637205886205, 0.9987022996695725, 0.00006315637205912212}, 
   {-0.00023844125892853979, 0.0005761222059114466, 0.00006315637205900473, 
    -0.00002847381752404954}}, {{-0.5244883230866886, -0.0002384412589285373, 
    0.0002384412589285189, 0}, {-0.0002384412589284601, 
    -0.00002847381752457776, 0.0005761222059117754, 0.0000631563720590669}, 
   {0.00023844125892846782, 0.0005761222059116871, -0.000028473817524632405, 
    0.00006315637205900261}, {0, 0.00006315637205904873, 
    0.00006315637205910735, 0.9987022996695735}}}, 
 {{{0., 0.020872643391368233, 0.020872643391368222, 0.020872643391368285}, 
   {-0.020872643391368233, 0., -0.021980795861725737, 0.021980795861725584}, 
   {-0.020872643391368222, 0.021980795861725737, 0., -0.021980795861725595}, 
   {-0.020872643391368285, -0.021980795861725584, 0.021980795861725595, 0.}}, 
  {{0., 0.02087264339136819, 0.02087264339136819, 0.020872643391368337}, 
   {-0.02087264339136819, 0., -0.02198079586172571, 0.021980795861725744}, 
   {-0.02087264339136819, 0.02198079586172571, 0., -0.021980795861725768}, 
   {-0.020872643391368337, -0.021980795861725744, 0.021980795861725768, 
    0.}}}, {0, 0}, {{-1.5691148370917603, -1.5654995892075458}, 
  {-6.298457197619616, -1.5727300849759707, -1.5764985138338372}, 
  {-1.5728260537950316, -1.5692108059108172}, {{2, 0.00010086622786056529}, 
   {3, 0.00007910211393312785}}, {{2, 0.028542218169006612}, 
   {3, 0.026545570907796856}}, {1.1278737202386893*^-10, 0.9922390147449428}}}
