{20, 40, {{{-0.5124539008610072, 0, -0.007920106821626704, 
    0.00792010682162669}, {0, 0.9643452670762801, 0.00042741894265161924, 
    0.00042741894265154465}, {-0.00792010682162668, 0.0004274189426514475, 
    0.0010399361862630224, 0.017793366513885196}, 
   {0.00792010682162667, 0.00042741894265146615, 0.017793366513885217, 
    0.001039936186263011}}, {{-0.5124539008610072, 0.007920106821626704, 0, 
    -0.007920106821626683}, {0.007920106821626683, 0.001039936186263018, 
    0.0004274189426514497, 0.017793366513885196}, 
   {0, 0.0004274189426516071, 0.9643452670762803, 0.0004274189426515259}, 
   {-0.007920106821626667, 0.017793366513885217, 0.00042741894265147613, 
    0.0010399361862630518}}, {{-0.5124539008610071, -0.00792010682162663, 
    0.007920106821626624, 0}, {-0.007920106821626614, 0.001039936186262989, 
    0.01779336651388516, 0.0004274189426515308}, 
   {0.007920106821626607, 0.01779336651388519, 0.0010399361862629686, 
    0.0004274189426515276}, {0, 0.0004274189426514245, 
    0.00042741894265145325, 0.96434526707628}}}, 
 {{{0., 0.11953925078893671, 0.11953925078893674, 0.11953925078893715}, 
   {-0.11953925078893671, 0., -0.11178529562842629, 0.11178529562842576}, 
   {-0.11953925078893674, 0.11178529562842629, 0., -0.11178529562842576}, 
   {-0.11953925078893715, -0.11178529562842576, 0.11178529562842576, 0.}}, 
  {{0., 0.11953925078893668, 0.11953925078893676, 0.11953925078893737}, 
   {-0.11953925078893668, 0., -0.11178529562842596, 0.11178529562842635}, 
   {-0.11953925078893676, 0.11178529562842596, 0., -0.11178529562842632}, 
   {-0.11953925078893737, -0.11178529562842635, 0.11178529562842632, 0.}}}, 
 {0, 0}, {{-1.426033312292535, -1.3266502454772593}, 
  {-6.290106018578604, -1.5254163791078095, -1.6196366301814926}, 
  {-1.5221931204763826, -1.4228100536611068}, {{2, 0.0002099803404632533}, 
   {3, 0.00017399573571642846}, {4, 0.00014414826014531867}, 
   {5, 0.00011942989480803745}, {6, 0.00009895567982257103}, 
   {7, 0.00008199518735185762}, {8, 0.0000679442241722783}, 
   {9, 0.00005630285808899682}, {10, 0.00004665731133826623}, 
   {11, 0.00003866503436661395}, {12, 0.000032042390176512114}, 
   {13, 0.00002655448503439961}, {14, 0.000022006766220022955}, 
   {15, 0.00001823807615020101}, {16, 0.000015114907947325062}, 
   {17, 0.000012526652919966907}, {18, 0.000010381667496228708}, 
   {19, 8.604017503660577*^-6}}, {{2, 0.02902633554562771}, 
   {3, 0.02963967874925332}, {4, 0.030146216741256882}, 
   {5, 0.030564887884897408}, {6, 0.030911095540835383}, 
   {7, 0.03119749281237577}, {8, 0.031434488570881006}, 
   {9, 0.03163065637836194}, {10, 0.031793065532673755}, 
   {11, 0.03192755009695387}, {12, 0.03203892823273874}, 
   {13, 0.032131181500984804}, {14, 0.03220760177122278}, 
   {15, 0.03227091182053356}, {16, 0.03232336449259689}, 
   {17, 0.0323668243373618}, {18, 0.03240283490166314}, 
   {19, 0.03243267424438484}}, {1.95122826373017*^-6, 0.8042578713078702}}}
