{15, 35, {{{-0.5234935696492499, 0, -0.000778121574720953, 
    0.0007781215747209}, {0, 0.9946434017411141, 0.00002503238852244547, 
    0.000025032388522515728}, {-0.0007781215747209286, 
    0.00002503238852264323, -0.005027304484884075, -0.022691453187822598}, 
   {0.0007781215747208995, 0.000025032388522316235, -0.022691453187822407, 
    -0.0050273044848842575}}, {{-0.5234935696492499, 0.0007781215747209621, 
    0, -0.0007781215747209032}, {0.000778121574720953, -0.005027304484884067, 
    0.000025032388522701343, -0.02269145318782214}, 
   {0, 0.000025032388522485804, 0.9946434017411139, 0.000025032388522178297}, 
   {-0.0007781215747209053, -0.022691453187822563, 0.00002503238852251139, 
    -0.005027304484884004}}, {{-0.5234935696492492, -0.0007781215747209978, 
    0.0007781215747209914, 0}, {-0.0007781215747209865, 
    -0.005027304484884604, -0.022691453187821845, 0.000025032388522541315}, 
   {0.0007781215747209814, -0.02269145318782126, -0.005027304484884781, 
    0.00002503238852270614}, {0, 0.000025032388522709583, 
    0.000025032388522387304, 0.9946434017411139}}}, 
 {{{0., 0.03892807959934448, 0.03892807959934447, 0.03892807959934447}, 
   {-0.03892807959934448, 0., -0.03884180669180186, 0.03884180669180225}, 
   {-0.03892807959934447, 0.03884180669180186, 0., -0.03884180669180223}, 
   {-0.03892807959934447, -0.03884180669180225, 0.03884180669180223, 0.}}, 
  {{0., 0.03892807959934447, 0.03892807959934447, 0.03892807959934446}, 
   {-0.03892807959934447, 0., -0.03884180669180175, 0.038841806691802205}, 
   {-0.03892807959934447, 0.03884180669180175, 0., -0.038841806691802164}, 
   {-0.03892807959934446, -0.038841806691802205, 0.038841806691802164, 0.}}}, 
 {0, 0}, {{-1.560856464797889, -0.7770622369356676, -0.003365995463276983, 
   -1.557490469334612, -0.7905262187887655}, {-1.5025977252636673, 
   0.03804166626623824}, {{2, 0.00920705602627614}, 
   {3, 0.003411879138624528}, {4, 0.0012795237371804324}, 
   {5, 0.00048187241685963833}, {6, 0.00018177999246495047}, 
   {7, 0.00006861846245422715}, {8, 0.00002590852451699044}, 
   {9, 9.783287396272766*^-6}, {10, 3.6943856262933172*^-6}, 
   {11, 1.3951002404838375*^-6}, {12, 5.268303443911604*^-7}, 
   {13, 1.9894680686888266*^-7}, {14, 7.512828556488493*^-8}}, 
  {{2, 0.0009837129276415943}, {3, 0.0010482025915932334}, 
   {4, 0.0010836730633003537}, {5, 0.0010986265020689104}, 
   {6, 0.0011044915671811007}, {7, 0.0011067372947944803}, 
   {8, 0.0011075897445100252}, {9, 0.0011079122813977688}, 
   {10, 0.0011080341703189368}, {11, 0.0011080802119799733}, 
   {12, 0.001108097600515839}, {13, 0.001108104167210673}, 
   {14, 0.0011081066470291954}}, {3.433970303674873*^-9, 0.9682877459903008}}}
