{7, 32, {{{-0.5246568253775326, 0, -0.00012884922358203087, 
    0.00012884922358198577}, {0, 0.9993071461758265, 0.00002708999560156965, 
    0.000027089995601646357}, {-0.0001288492235819867, 
    0.000027089995602053963, -7.828916530489179*^-6, 0.0003135622834440346}, 
   {0.00012884922358203293, 0.000027089995601585343, 0.00031356228344396185, 
    -7.828916530168255*^-6}}, {{-0.5246568253775326, 0.00012884922358202645, 
    0, -0.00012884922358198604}, {0.00012884922358198956, 
    -7.828916530317007*^-6, 0.000027089995602043683, 0.0003135622834441067}, 
   {0, 0.000027089995601574393, 0.9993071461758265, 0.000027089995601555595}, 
   {-0.0001288492235820287, 0.000313562283443848, 0.000027089995601679347, 
    -7.828916530339125*^-6}}, {{-0.524656825377533, -0.00012884922358197978, 
    0.00012884922358198203, 0}, {-0.00012884922358192131, 
    -7.828916530809235*^-6, 0.00031356228344409245, 0.000027089995601599573}, 
   {0.0001288492235819294, 0.00031356228344440746, -7.828916530672192*^-6, 
    0.000027089995601691405}, {0, 0.00002708999560163838, 
    0.000027089995601549646, 0.9993071461758278}}}, 
 {{{0., 0.007803475062619061, 0.007803475062619069, 0.007803475062619085}, 
   {-0.007803475062619061, 0., -0.007964633830067156, 0.007964633830067094}, 
   {-0.007803475062619069, 0.007964633830067156, 0., -0.007964633830067073}, 
   {-0.007803475062619085, -0.007964633830067094, 0.007964633830067073, 0.}}, 
  {{0., 0.007803475062619069, 0.007803475062619074, 0.007803475062619084}, 
   {-0.007803475062619069, 0., -0.007964633830067007, 0.00796463383006716}, 
   {-0.007803475062619074, 0.007964633830067007, 0., -0.007964633830067097}, 
   {-0.007803475062619084, -0.00796463383006716, 0.007964633830067097, 0.}}}, 
 {0, 0}, {{-1.5717110258098277, -1.5703594242814223}, 
  {-6.298452272652167, -1.5730626273382327, -1.5761635089878507}, 
  {-1.5730765840968983, -1.571724982568493}, {{2, 0.0037337078915761542}, 
   {3, 0.0014632205842273326}, {4, 0.0005735750438441833}, 
   {5, 0.00022486343069025652}, {6, 0.00008815907096130886}}, 
  {{2, 0.1005669682339354}, {3, 0.04098121598451167}, 
   {4, 0.020742132598854456}, {5, 0.013217011296561727}, 
   {6, 0.010326089732766741}}, {2.552671236581925*^-13, 0.9958500711027026}}}
