{8, 32, {{{-0.5233714202844368, 0, -0.0009040395717686567, 
    0.0009040395717686461}, {0, 0.9952845608310307, 0.00015477512452609647, 
    0.0001547751245261392}, {-0.0009040395717686248, 0.00015477512452612472, 
    -0.000014199222694956555, 0.0021779414787280607}, 
   {0.0009040395717686595, 0.00015477512452606162, 0.002177941478728076, 
    -0.000014199222694835992}}, {{-0.523371420284437, 0.0009040395717686599, 
    0, -0.0009040395717686456}, {0.000904039571768633, 
    -0.000014199222694980407, 0.00015477512452612092, 0.0021779414787280937}, 
   {0, 0.0001547751245260968, 0.9952845608310303, 0.00015477512452610772}, 
   {-0.0009040395717686629, 0.0021779414787280607, 0.00015477512452607468, 
    -0.000014199222694716296}}, 
  {{-0.5233714202844371, -0.0009040395717686254, 0.000904039571768623, 0}, 
   {-0.0009040395717685888, -0.000014199222694956555, 0.002177941478728141, 
    0.00015477512452606482}, {0.0009040395717685905, 0.0021779414787282472, 
    -0.000014199222695049363, 0.00015477512452609824}, 
   {0, 0.0001547751245260986, 0.00015477512452609252, 0.9952845608310308}}}, 
 {{{0., 0.020676774047770477, 0.020676774047770484, 0.020676774047770505}, 
   {-0.020676774047770477, 0., -0.020668133547504592, 0.020668133547504536}, 
   {-0.020676774047770484, 0.020668133547504592, 0., -0.020668133547504554}, 
   {-0.020676774047770505, -0.020668133547504536, 0.020668133547504554, 0.}}, 
  {{0., 0.020676774047770484, 0.020676774047770477, 0.02067677404777054}, 
   {-0.020676774047770484, 0., -0.020668133547504505, 0.02066813354750465}, 
   {-0.020676774047770477, 0.020668133547504505, 0., -0.020668133547504672}, 
   {-0.02067677404777054, -0.02066813354750465, 0.020668133547504672, 0.}}}, 
 {0, 0}, {{-1.5546816314942795, -1.5453701934655655}, 
  {-6.298339448194095, -1.5639930695229933, -1.585176654574054}, 
  {-1.5639911239708828, -1.5546796859421688}, {{2, 0.009905794596264495}, 
   {3, 0.0039079130843394025}, {4, 0.0015446278351452236}, 
   {5, 0.0006110308582412891}, {6, 0.0002417967457468695}, 
   {7, 0.00009569675066015138}}, {{2, 0.08979522322224898}, 
   {3, 0.031256994119431496}, {4, 0.011295350031600707}, 
   {5, 0.003822113994050525}, {6, 0.0009272262282777355}, 
   {7, 0.0002089421745855216}}, {7.794846270951987*^-11, 0.972038805896355}}}
