{10, 32, {{{-0.514830617621331, 0, -0.006961114114500076, 
    0.00696111411450006}, {0, 0.9665272234620839, 0.0015480066307341635, 
    0.001548006630734131}, {-0.006961114114500018, 0.0015480066307340472, 
    -0.00032641774460739426, 0.015702001321577452}, 
   {0.006961114114500041, 0.00154800663073401, 0.015702001321577494, 
    -0.0003264177446074372}}, {{-0.514830617621331, 0.00696111411450007, 0, 
    -0.006961114114500061}, {0.006961114114500022, -0.00032641774460739686, 
    0.0015480066307340386, 0.015702001321577487}, 
   {0, 0.0015480066307341574, 0.9665272234620841, 0.0015480066307340902}, 
   {-0.00696111411450005, 0.015702001321577452, 0.0015480066307340696, 
    -0.00032641774460739903}}, {{-0.5148306176213309, -0.006961114114500004, 
    0.006961114114500025, 0}, {-0.006961114114499978, -0.0003264177446074736, 
    0.015702001321577445, 0.0015480066307340889}, 
   {0.006961114114499982, 0.015702001321577543, -0.0003264177446074268, 
    0.0015480066307341244}, {0, 0.0015480066307340316, 0.0015480066307340177, 
    0.9665272234620841}}}, 
 {{{0., 0.05373462517579933, 0.05373462517579933, 0.053734625175799376}, 
   {-0.05373462517579933, 0., -0.055800374504791694, 0.05580037450479143}, 
   {-0.05373462517579933, 0.055800374504791694, 0., -0.05580037450479142}, 
   {-0.053734625175799376, -0.05580037450479143, 0.05580037450479142, 0.}}, 
  {{0., 0.05373462517579932, 0.05373462517579933, 0.053734625175799446}, 
   {-0.05373462517579932, 0., -0.0558003745047915, 0.055800374504791736}, 
   {-0.05373462517579933, 0.0558003745047915, 0., -0.05580037450479172}, 
   {-0.053734625175799446, -0.055800374504791736, 0.05580037450479172, 0.}}}, 
 {0, 0}, {{-1.4400287254228947, -1.3786017988089934}, 
  {-6.291725723479977, -1.5014556520367954, -1.644407209703193}, 
  {-1.5026363863586567, -1.4412094597447553}, {{2, 0.026237717480354104}, 
   {3, 0.010904197499991636}, {4, 0.004610197612740993}, 
   {5, 0.001964767685817631}, {6, 0.0008403067055789554}, 
   {7, 0.000359940820157445}, {8, 0.00015428076657311718}, 
   {9, 0.00006614789189068881}}, {{2, 0.11770033367672002}, 
   {3, 0.05574683555257718}, {4, 0.033904873465910215}, 
   {5, 0.025252301987129612}, {6, 0.021663037895934864}, 
   {7, 0.020145394786655765}, {8, 0.019498479803238843}, 
   {9, 0.019221771085532642}}, {3.018718958841426*^-8, 0.8152382460396169}}}
