{39, 40, {{{-0.47580650215990283, 0, -0.026806014317174345, 
    0.026806014317174227}, {0, 0.8879470015732569, -0.0060647599543635685, 
    -0.0060647599543636}, {-0.026806014317174272, -0.006064759954363717, 
    0.011993794060504666, 0.06152837032139005}, {0.02680601431717422, 
    -0.006064759954363753, 0.06152837032139004, 0.011993794060504902}}, 
  {{-0.47580650215990283, 0.02680601431717436, 0, -0.02680601431717424}, 
   {0.02680601431717429, 0.011993794060504642, -0.006064759954363699, 
    0.06152837032139008}, {0, -0.0060647599543635945, 0.887947001573257, 
    -0.006064759954363589}, {-0.026806014317174234, 0.06152837032139005, 
    -0.006064759954363735, 0.011993794060504881}}, 
  {{-0.47580650215990283, -0.026806014317174207, 0.026806014317174193, 0}, 
   {-0.02680601431717422, 0.011993794060504659, 0.061528370321390004, 
    -0.006064759954363655}, {0.026806014317174217, 0.06152837032139002, 
    0.011993794060504714, -0.006064759954363641}, 
   {0, -0.006064759954363822, -0.0060647599543638495, 0.8879470015732568}}}, 
 {{{0., 0.23866520091358223, 0.23866520091358223, 0.23866520091358295}, 
   {-0.23866520091358223, 0., -0.18772671834140442, 0.18772671834140375}, 
   {-0.23866520091358223, 0.18772671834140442, 0., -0.18772671834140375}, 
   {-0.23866520091358295, -0.18772671834140375, 0.18772671834140375, 0.}}, 
  {{0., 0.23866520091358218, 0.2386652009135822, 0.23866520091358323}, 
   {-0.23866520091358218, 0., -0.187726718341404, 0.1877267183414045}, 
   {-0.2386652009135822, 0.187726718341404, 0., -0.18772671834140445}, 
   {-0.23866520091358323, -0.1877267183414045, 0.18772671834140445, 0.}}}, 
 {0, 0}, {{-1.1572575324401444, -0.8761589597330937}, 
  {-6.219017854420192, -1.4383561051471974, -1.6711528220628988}, 
  {-1.408358571589535, -1.1272599988824843}, {{2, 0.0002217123394959164}, 
   {3, 0.00020514039156510622}, {4, 0.0001876122924982515}, 
   {5, 0.00017176154020578926}, {6, 0.00015725486712625525}, 
   {7, 0.00014398614827523804}, {8, 0.0001318471531754073}, 
   {9, 0.00012074009798707097}, {10, 0.00011057588318932887}, 
   {11, 0.00010127332451942417}, {12, 0.00009275841217329384}, 
   {13, 0.00008496364765830933}, {14, 0.00007782744635265182}, 
   {15, 0.00007129359874913366}, {16, 0.00006531078401705859}, 
   {17, 0.00005983213030819057}, {18, 0.000054814816894926954}, 
   {19, 0.0000502197138110283}, {20, 0.00004601105516000015}, 
   {21, 0.00004215614269853507}, {22, 0.000038625076676651604}, 
   {23, 0.000035390511252758605}, {24, 0.00003242743208844989}, 
   {25, 0.000029712953987653945}, {26, 0.00002722613666827911}, 
   {27, 0.000024947816949921764}, {28, 0.000022860455822837356}, 
   {29, 0.00002094799901433686}, {30, 0.00001919574980768779}, 
   {31, 0.000017590252993221478}, {32, 0.00001611918893962283}, 
   {33, 0.000014771276870439998}, {34, 0.000013536186520585192}, 
   {35, 0.000012404457423315085}, {36, 0.000011367425150843324}, 
   {37, 0.000010417153892772202}, {38, 9.54637481587195*^-6}}, 
  {{2, 0.10453976683718721}, {3, 0.10473673470366973}, 
   {4, 0.10491331757795704}, {5, 0.10507477745651679}, 
   {6, 0.10522226733042864}, {7, 0.10535704359160666}, 
   {8, 0.10548023164241611}, {9, 0.1055928531727578}, 
   {10, 0.10569583569258224}, {11, 0.10579002190566597}, 
   {12, 0.1058761779993449}, {13, 0.10595500104351943}, 
   {14, 0.10602712560381096}, {15, 0.10609312966306425}, 
   {16, 0.1061535399323901}, {17, 0.10620883662215258}, 
   {18, 0.1062594577341108}, {19, 0.10630580292808159}, 
   {20, 0.10634823700976777}, {21, 0.10638709308063682}, 
   {22, 0.10642267538576558}, {23, 0.10645526189128726}, 
   {24, 0.10648510661936417}, {25, 0.1065124417653951}, 
   {26, 0.10653747961936118}, {27, 0.1065604143107764}, 
   {28, 0.10658142339456692}, {29, 0.10660066929333481}, 
   {30, 0.1066183006098122}, {31, 0.10663445332186623}, 
   {32, 0.10664925187113089}, {33, 0.10666281015521364}, 
   {34, 0.10667523243241908}, {35, 0.10668661414704139}, 
   {36, 0.10669704268248315}, {37, 0.10670659804875238}, 
   {38, 0.1067153535102558}}, {0.00004376798266761122, 0.4901423969355094}}}
