{3, 28, {{{-0.5245510205564934, 0, -0.00013310103802509292, 
    0.00013310103802511387}, {0, 0.9993626081456463, -0.00006250119513376072, 
    -0.00006250119513356874}, {-0.00013310103802505722, 
    -0.00006250119513368383, 0.00009163134656943288, 0.00037196361987978693}, 
   {0.00013310103802508072, -0.00006250119513371823, 0.0003719636198796361, 
    0.00009163134656915532}}, {{-0.5245510205564935, 0.0001331010380251014, 
    0, -0.0001331010380251254}, {0.00013310103802506514, 
    0.00009163134656916053, -0.00006250119513368193, 0.0003719636198796539}, 
   {0, -0.0000625011951337626, 0.9993626081456459, -0.00006250119513344908}, 
   {-0.0001331010380250783, 0.00037196361987972183, -0.00006250119513383956, 
    0.00009163134656955951}}, {{-0.5245510205564936, -0.0001331010380250739, 
    0.00013310103802506343, 0}, {-0.000133101038025028, 
    0.00009163134656919435, 0.00037196361987999586, -0.0000625011951337187}, 
   {0.00013310103802501787, 0.00037196361987994393, 0.00009163134656894889, 
    -0.00006250119513382966}, {0, -0.00006250119513356914, 
    -0.0000625011951334302, 0.9993626081456466}}}, 
 {{{0., 0.009613866012027076, 0.009613866012027083, 0.009613866012027097}, 
   {-0.009613866012027076, 0., -0.006670308748479533, 0.006670308748479209}, 
   {-0.009613866012027083, 0.006670308748479533, 0., -0.006670308748479278}, 
   {-0.009613866012027097, -0.006670308748479209, 0.006670308748479278, 0.}}, 
  {{0., 0.009613866012027076, 0.009613866012027064, 0.009613866012027097}, 
   {-0.009613866012027076, 0., -0.006670308748479442, 0.0066703087484793235}, 
   {-0.009613866012027064, 0.006670308748479442, 0., -0.0066703087484793495}, 
   {-0.009613866012027097, -0.0066703087484793235, 0.0066703087484793495, 
    0.}}}, {0, 0}, {{-1.5712621368464865, -1.5695969664074862}, 
  {-6.2984909729189145, -1.5729273072854852, -1.576318179173972}, 
  {-1.572672387748713, -1.5710072173097127}, {{2, 0.00010545610770718375}}, 
  {{2, 0.15308915580190602}}, {8.807965794240867*^-14, 0.9961817377229496}}}
