{3, 32, {{{-0.5236630414549607, 0, -6.191457500072982*^-7, 
    6.191457499521536*^-7}, {0, 0.9989496245487012, -0.0005644729051906652, 
    -0.0005644729051918829}, {-6.191457499505528*^-7, -0.0005644729051907174, 
    0.0006722081015019601, 0.0010519580736410297}, 
   {6.191457500026144*^-7, -0.0005644729051919263, 0.0010519580736410533, 
    0.0006722081015003286}}, {{-0.5236630414549599, 6.191457499574357*^-7, 0, 
    -6.191457499138608*^-7}, {6.191457499938644*^-7, 0.0006722081015010533, 
    -0.0005644729051907245, 0.0010519580736412701}, 
   {0, -0.0005644729051906753, 0.9989496245487012, -0.0005644729051918129}, 
   {-6.191457500415421*^-7, 0.0010519580736412873, -0.0005644729051918368, 
    0.000672208101502092}}, {{-0.5236630414549608, -6.191457499923308*^-7, 
    6.191457500312862*^-7, 0}, {-6.191457499569223*^-7, 
    0.0006722081015016123, 0.0010519580736412255, -0.0005644729051919148}, 
   {6.191457499249587*^-7, 0.0010519580736412363, 0.0006722081015004544, 
    -0.0005644729051918252}, {0, -0.000564472905191886, 
    -0.0005644729051918202, 0.9989496245487014}}}, 
 {{{0., 0.01854805722788562, 0.0185480572278856, 0.01854805722788566}, 
   {-0.01854805722788562, 0., -0.000015847866054340235, 
    0.000015847866054677137}, {-0.0185480572278856, 0.000015847866054340235, 
    0., -0.000015847866054478928}, {-0.01854805722788566, 
    -0.000015847866054677137, 0.000015847866054478928, 0.}}, 
  {{0., 0.018548057227885613, 0.018548057227885592, 0.018548057227885696}, 
   {-0.018548057227885613, 0., -0.000015847866054945748, 
    0.000015847866054590587}, {-0.018548057227885592, 
    0.000015847866054945748, 0., -0.00001584786605478545}, 
   {-0.018548057227885696, -0.000015847866054590587, 0.00001584786605478545, 
    0.}}}, {0, 0}, {{-1.567158469485138, -1.5639458517351006}, 
  {-6.298448452532318, -1.570371087235178, -1.578853139030981}, 
  {-1.5687661508256174, -1.56555353307558}, {{2, 0.000013728525416381587}}, 
  {{2, 0.4995727890565592}}, {1.5842537779891898*^-29, 0.993714273461944}}}
