{19, 32, {{{-0.5089111338760701, 0, -0.009442678717957696, 
    0.009442678717957665}, {0, 0.9597755692286055, -0.0009199104122205042, 
    -0.0009199104122204951}, {-0.009442678717957651, -0.000919910412220561, 
    0.0027705448920700027, 0.021288208696405003}, 
   {0.009442678717957658, -0.000919910412220584, 0.021288208696404968, 
    0.002770544892070021}}, {{-0.50891113387607, 0.00944267871795769, 0, 
    -0.009442678717957655}, {0.009442678717957662, 0.0027705448920699945, 
    -0.0009199104122205363, 0.021288208696405006}, 
   {0, -0.0009199104122205154, 0.9597755692286056, -0.0009199104122205201}, 
   {-0.009442678717957658, 0.021288208696404957, -0.0009199104122205625, 
    0.0027705448920700426}}, {{-0.50891113387607, -0.009442678717957604, 
    0.009442678717957606, 0}, {-0.00944267871795759, 0.002770544892069916, 
    0.021288208696404933, -0.0009199104122205133}, 
   {0.00944267871795758, 0.02128820869640497, 0.002770544892069904, 
    -0.0009199104122205027}, {0, -0.0009199104122205827, 
    -0.0009199104122206062, 0.9597755692286054}}}, 
 {{{0., 0.13558819356652474, 0.13558819356652474, 0.13558819356652524}, 
   {-0.13558819356652474, 0., -0.1149627764884691, 0.11496277648846863}, 
   {-0.13558819356652474, 0.1149627764884691, 0., -0.11496277648846862}, 
   {-0.13558819356652524, -0.11496277648846863, 0.11496277648846862, 0.}}, 
  {{0., 0.13558819356652468, 0.13558819356652477, 0.13558819356652546}, 
   {-0.13558819356652468, 0., -0.11496277648846873, 0.1149627764884692}, 
   {-0.13558819356652477, 0.11496277648846873, 0., -0.11496277648846918}, 
   {-0.13558819356652546, -0.1149627764884692, 0.11496277648846918, 0.}}}, 
 {0, 0}, {{-1.403051074230087, -1.285628254148235}, 
  {-6.288910088343437, -1.520473894311941, -1.6239811498597776}, 
  {-1.5115428267353166, -1.3941200066534645}, {{2, 0.020838720807655482}, 
   {3, 0.01684915382433734}, {4, 0.013670352319772108}, 
   {5, 0.011133241561381013}, {6, 0.009100254090838755}, 
   {7, 0.0074633935300732895}, {8, 0.00613903823343917}, 
   {9, 0.005062604755565525}, {10, 0.00418405716078421}, 
   {11, 0.0034644020479783905}, {12, 0.0028730382341093513}, 
   {13, 0.0023857762520133885}, {14, 0.0019833608869165853}, 
   {15, 0.0016503648678425353}, {16, 0.001374354961010904}, 
   {17, 0.0011452582712473125}, {18, 0.0009548764570877777}}, 
  {{2, 0.6737743552991058}, {3, 0.3646533372594099}, {4, 0.2150224768354422}, 
   {5, 0.128393603095927}, {6, 0.07287512217372696}, 
   {7, 0.03489469017975361}, {8, 0.007712497768793408}, 
   {9, 0.012389387509447694}, {10, 0.027625318690979218}, 
   {11, 0.03939364084205231}, {12, 0.04861915927586931}, 
   {13, 0.0559367921015652}, {14, 0.0617960574550888}, 
   {15, 0.06652348025240598}, {16, 0.07036141613508023}, 
   {17, 0.07349305946927077}, {18, 0.07605904517024331}}, 
  {2.3085722125166874*^-6, 0.7816604628682624}}}
