{26, 40, {{{-0.498419656876822, 0, -0.016115662375689236, 
    0.01611566237568915}, {0, 0.9328203219397403, -0.0014361115334299082, 
    -0.0014361115334299047}, {-0.016115662375689163, -0.001436111533430014, 
    0.004814679641814728, 0.03575358980803531}, {0.016115662375689142, 
    -0.0014361115334300461, 0.03575358980803529, 0.004814679641814832}}, 
  {{-0.4984196568768219, 0.016115662375689205, 0, -0.016115662375689142}, 
   {0.016115662375689156, 0.00481467964181473, -0.0014361115334300158, 
    0.035753589808035294}, {0, -0.00143611153342991, 0.9328203219397404, 
    -0.0014361115334299438}, {-0.016115662375689142, 0.035753589808035266, 
    -0.001436111533430027, 0.004814679641814756}}, 
  {{-0.4984196568768219, -0.01611566237568911, 0.01611566237568914, 0}, 
   {-0.016115662375689115, 0.004814679641814678, 0.035753589808035294, 
    -0.0014361115334299481}, {0.01611566237568912, 0.035753589808035294, 
    0.004814679641814645, -0.0014361115334299381}, 
   {0, -0.0014361115334300973, -0.0014361115334300826, 0.9328203219397402}}}, 
 {{{0., 0.17509493674437954, 0.17509493674437956, 0.17509493674438012}, 
   {-0.17509493674437954, 0., -0.14922107121842298, 0.14922107121842226}, 
   {-0.17509493674437956, 0.14922107121842298, 0., -0.14922107121842232}, 
   {-0.17509493674438012, -0.14922107121842226, 0.14922107121842232, 0.}}, 
  {{0., 0.17509493674437954, 0.17509493674437954, 0.17509493674438034}, 
   {-0.17509493674437954, 0., -0.1492210712184225, 0.14922107121842298}, 
   {-0.17509493674437954, 0.1492210712184225, 0., -0.149221071218423}, 
   {-0.17509493674438034, -0.14922107121842298, 0.149221071218423, 0.}}}, 
 {0, 0}, {{-1.3048186690337555, -1.1228546730801607}, 
  {-6.267927217909462, -1.4867826649873508, -1.6471809439673804}, 
  {-1.4733382100836014, -1.2913742141300066}, {{2, 0.000240678170607439}, 
   {3, 0.00020985484519456254}, {4, 0.0001826112229211252}, 
   {5, 0.00015893718357529174}, {6, 0.00013834413917232502}, 
   {7, 0.00012042859981070686}, {8, 0.0001048401746708838}, 
   {9, 0.00009127488284715879}, {10, 0.00007946886166079747}, 
   {11, 0.00006919297367979915}, {12, 0.0000602481618340589}, 
   {13, 0.000052461443745294156}, {14, 0.00004568245307057239}, 
   {15, 0.00003978044994101815}, {16, 0.000034641734423801473}, 
   {17, 0.000030167406811804076}, {18, 0.000026271426817187082}, 
   {19, 0.000022878930699854472}, {20, 0.000019924771232027183}, 
   {21, 0.00001735225036833543}, {22, 0.000015112018714291686}, 
   {23, 0.000013161119480575856}, {24, 0.000011462157680025564}, 
   {25, 9.982577954315008*^-6}}, {{2, 0.07099496428530003}, 
   {3, 0.07138958788651495}, {4, 0.07173136277195781}, 
   {5, 0.07202813651982068}, {6, 0.0722859210571929}, 
   {7, 0.07250991695189823}, {8, 0.07270461177403684}, 
   {9, 0.0728738828887139}, {10, 0.07302108382796053}, 
   {11, 0.07314911764395657}, {12, 0.07326049937683629}, 
   {13, 0.07335740939512594}, {14, 0.073441739050737}, 
   {15, 0.07351512983832656}, {16, 0.07357900704597867}, 
   {17, 0.0736346087199041}, {18, 0.07368301063204473}, 
   {19, 0.07372514782981934}, {20, 0.07376183325690797}, 
   {21, 0.07379377385914528}, {22, 0.07382158452732492}, 
   {23, 0.0738458001766531}, {24, 0.07386688621888447}, 
   {25, 0.07388524764633891}}, {0.000011040301153703616, 0.6588521886950681}}}
